target_name,tag,start,end,range
Oxya_chinensis_mesonivirus,Polyprotein,568,1035,467
Episyrphus_balteatus_mesonivirus,Polyprotein,757,1219,462
Comperiella_sp._nidovirus,Polyprotein,561,1041,480
Poecilobdella_javanica_nidovirus,Polyprotein,549,1014,465
Palaemon_serratus_ronivirus,Polyprotein,534,975,441
Botrylloides_leachii_nidovirus,Polyprotein,435,896,461
Haemadipsa_cavatuses_nidovirus,Polyprotein,574,1036,462
Whitmania_pigra_nidovirus,Polyprotein,554,1018,464
Parasteatoda_tepidariorum_nidovirus,Polyprotein,395,859,464
Longidorus_elongatus_nidovirus_segment1,Polyprotein,461,923,462
Macrobrachium_nipponense_nidovirus,Polyprotein,553,994,441
Alvinocaris_longirostris_ronivirus,Polyprotein,541,982,441
Hydra_vulgaris_nidovirus_1,Polyprotein,456,904,448
Empoasca_onukii_nidovirus_1,Polyprotein,561,1038,477
Nilaparvata_lugens_nidovirus,Polyprotein,577,1056,479
Rissoella_caribaea_nidovirus,Polyprotein,620,1075,455
Exaiptasia_diaphana_nidovirus_segment1,Polyprotein,464,922,458
Actinia_tenebrosa_nidovirus_segment1,Polyprotein,446,906,460
Shinkaia_crosnieri_euronivirus,Polyprotein,487,918,431
Lumbricus_rubellus_nidovirus,Polyprotein,5317,5794,477
Empoasca_onukii_nidovirus_2,Polyprotein,34,410,376
Carcinoplax_longimana_euronivirus,Polyprotein,472,903,431
Parachilota_sp_nidovirus,Polyprotein,529,1013,484
Hydra_oligactis_nidovirus,Polyprotein,455,907,452
Pomacea_canaliculata_nidovirus,Polyprotein,1020,1471,451
Hydra_vulgaris_nidovirus_2,Polyprotein,458,910,452
Ciona_savignyi_nidovirus,Polyprotein,4474,4650,176
Panicum_virgatum-associated_nidovirus,Polyprotein,8,297,289
Apolygus_protonidovirus_2,Proto,305,726,421
Apolygus_lucorum_protonidovirus,Proto,305,726,421
Nephotettix_protonidovirus_1,Proto,321,744,423
Balclutha_rubrostriata_protonidovirus,Proto,326,749,423
Citrus_maxima-associated_protonidovirus_1,Proto,321,744,423
Nepthotettix_protonidovirus_2b,Proto,3266,3689,423
Nephotettix_protonidovirus_2a,Proto,319,742,423
Nesidiocoris_protonidovirus_2,Proto,304,728,424
Yemma_protonidovirus_1,Proto,308,728,420
Homalodisca_protonidovirus_1a,Proto,325,755,430
Nesidiocoris_tenuis_protonidovirus,Proto,307,731,424
Homalodisca_protonidovirus_1b,Proto,325,755,430
Alloeorhynchus_sp._protonidovirus,Proto,303,728,425
Phenacoccus_protonidovirus_1,Proto,304,728,424
Homalodisca_protonidovirus_2,Proto,325,755,430
Phenacoccus_solani_protonidovirus,Proto,304,728,424
Entylia_carinata_protonidovirus,Proto,464,887,423
Bemisia_protonidovirus_3,Proto,300,717,417
Encarsia_protonidovirus_1,Proto,280,697,417
Bemisia_protonidovirus_5,Proto,300,717,417
Bemisia_protonidovirus_2,Proto,300,717,417
Bemisia_protonidovirus_6,Proto,300,717,417
Acanthosoma_protonidovirus_1,Proto,309,737,428
Bemisia_protonidovirus_4,Proto,300,717,417
NC_033457.1_Wuhan_insect_virus_19,Proto,299,722,423
Harmonia_protonidovirus_2,Proto,296,718,422
Harmonia_protonidovirus_3,Proto,302,724,422
Harmonia_protonidovirus_1,Proto,302,724,422
Henosepilachna_vigintioctopunctata_protonidovirus,Proto,312,734,422
Bemisia_protonidovirus_1,Proto,300,717,417
Bemisia_protonidovirus_7,Proto,300,717,417
Exitianus_exitiosus_protonidovirus,Proto,316,743,427
MF893247_Fuefuki_virus,Proto,315,736,421
NC_033735.1_Wuhan_nido-like_virus_1,Proto,307,728,421
Aulacocentrum_confusum_protonidovirus,Proto,319,747,428
Water_strider_protonidovirus,Proto,221,644,423
Habrobracon_hebetor_protonidovirus,Proto,304,726,422
Xibalbanus_protonidovirus,Proto,339,768,429
Latrodectus_geometricus_protonidovirus_Lg1,Proto,592,1007,415
Latrodectus_hesperus_protonidovirus_Lh1,Proto,592,1007,415
Latrodectus_geometricus_protonidovirus_Lg2,Proto,592,1007,415
MZ209787.1_Guiyang_Nidovirales-like_virus_1,Proto,558,970,412
NC_032735.1_Hubei_tetragnatha_maxillosa_virus_7,Proto,558,970,412
Nephila_protonidovirus,Proto,638,1053,415
Parasteatoda_protonidovirus_1,Proto,586,1006,420
Pardosa_laura_protonidovirus,Proto,603,1021,418
Damon_protonidovirus,Proto,1408,1821,413
Inostemma_protonidovirus,Proto,65,457,392
Nesticus_cellulanus_protonidovirus,Proto,575,989,414
Phoneutria_protonidovirus,Proto,626,1045,419
Lophyraspis_protonidovirus,Proto,385,709,324
Nothrus_protonidovirus,Proto,262,693,431
Nephotettix_protonidovirus_3,Proto,37,253,216
Llanquihuea_pilosa_protonidovirus,Proto,65,504,439
FJ539132_5,metacontig,95,509,414
NC_001628_3,metacontig,66,531,465
AF059243_4,metacontig,95,506,411
FJ539135_5,metacontig,94,528,434
NC_028902_6,metacontig,87,526,439
st_R29_M409643_S1_1,metacontig,27,427,400
FJ483841_5,metacontig,86,510,424
ar_R29_M268_S1_3,metacontig,217,772,555
st_R29_M69002_S1_5,metacontig,119,509,390
AF059242_5,metacontig,85,502,417
st_R29_M449002_S1_2,metacontig,83,485,402
sa_R29_M768_S1_5,metacontig,84,489,405
st_R29_M83548_S1_6,metacontig,88,516,428
st_R29_M398608_S1_1,metacontig,145,559,414
st_R29_M106667_S1_2,metacontig,97,531,434
st_R29_M140615_S1_5,metacontig,102,573,471
st_R29_M289519_S2_3,metacontig,203,480,277
st_R29_M289547_S1_4,metacontig,282,556,274
st_R29_M348420_S1_8,metacontig,89,491,402
al_R29_M168_S1_8,metacontig,90,517,427
st_R29_M409778_S1_1,metacontig,140,442,302
MH047856_1,metacontig,190,552,362
st_R29_M355151_S1_1,metacontig,128,443,315
mm_R29_M8174_S1_4,metacontig,85,491,406
st_R29_M314360_S1_5,metacontig,17,422,405
st_R29_M277563_S1_1,metacontig,7,370,363
st_R29_M174931_S1_1,metacontig,5,434,429
fu_R29_M4451_S1_1,metacontig,195,538,343
st_R29_M348442_S1_2,metacontig,160,503,343
st_R29_M137746_S1_4,metacontig,110,554,444
fu_R29_M3323_S1_2,metacontig,177,546,369
mm_R29_M1720_S1_3,metacontig,123,583,460
st_R29_M430250_S1_8,metacontig,247,649,402
ar_R29_M13010_S1_3,metacontig,345,798,453
st_R29_M140959_S1_3,metacontig,259,558,299
st_R29_M123031_S1_9,metacontig,97,535,438
st_R29_M123029_S1_3,metacontig,96,496,400
st_R29_M48018_S1_1,metacontig,157,524,367
st_R29_M409668_S1_2,metacontig,13,376,363
sa_R29_M203_S1_3,metacontig,10,405,395
st_R29_M132135_S1_7,metacontig,130,499,369
st_R29_M132141_S1_8,metacontig,108,509,401
st_R29_M73599_S1_5,metacontig,333,629,296
st_R29_M197787_S1_2,metacontig,188,498,310
st_R29_M149490_S1_2,metacontig,249,785,536
NC_040702_3,metacontig,274,579,305
fu_R29_M2870_S1_1,metacontig,167,573,406
st_R29_M210334_S1_1,metacontig,168,664,496
st_R29_M76427_S1_4,metacontig,307,648,341
ar_R29_M21833_S1_5,metacontig,344,824,480
sa_R29_M3180_S1_1,metacontig,186,658,472
st_R29_M211949_S1_5,metacontig,80,471,391
st_R29_M278472_S1_2,metacontig,104,486,382
ma_R29_M1264_S1_1,metacontig,281,825,544
fu_R29_M2754_S1_4,metacontig,65,490,425
st_R29_M76430_S1_1,metacontig,290,640,350
st_R29_M38680_S1_2,metacontig,58,372,314
st_R29_M447839_S1_1,metacontig,173,578,405
st_R29_M140731_S1_3,metacontig,90,487,397
sa_R29_M252_S1_1,metacontig,57,423,366
st_R29_M348409_S1_10,metacontig,82,527,445
st_R29_M387852_S1_1,metacontig,166,590,424
st_R29_M140962_S1_2,metacontig,162,499,337
ma_R29_M302_S1_3,metacontig,206,603,397
st_R29_M181696_S1_1,metacontig,23,281,258
st_R29_M141053_S1_1,metacontig,140,484,344
st_R29_M143877_S1_1,metacontig,269,701,432
st_R29_M76380_S1_2,metacontig,304,687,383
st_R29_M321000_S1_4,metacontig,244,692,448
st_R29_M269895_S1_3,metacontig,88,464,376
st_R29_M339812_S1_5,metacontig,60,414,354
st_R29_M269742_S1_1,metacontig,164,499,335
st_R29_M423026_S1_2,metacontig,69,404,335
st_R29_M423006_S1_1,metacontig,199,659,460
st_R29_M257721_S1_1,metacontig,69,425,356
st_R29_M409715_S1_1,metacontig,157,525,368
st_R29_M129296_S1_1,metacontig,140,517,377
fu_R29_M4733_S1_1,metacontig,239,526,287
ma_R29_M846_S1_2,metacontig,64,516,452
st_R29_M412434_S1_1,metacontig,153,555,402
sp_R29_M394_S1_1,metacontig,56,455,399
st_R29_M320808_S1_1,metacontig,169,480,311
st_R29_M190631_S1_1,metacontig,156,501,345
st_R29_M308563_S1_9,metacontig,133,546,413
st_R29_M41810_S1_5,metacontig,130,543,413
st_R29_M73598_S1_1,metacontig,267,632,365
st_R29_M289552_S1_2,metacontig,32,389,357
ma_R29_M3135_S1_1,metacontig,52,362,310
st_R29_M245713_S1_2,metacontig,159,555,396
st_R29_M210110_S1_10,metacontig,86,476,390
st_R29_M67413_S1_1,metacontig,25,430,405
st_R29_M387601_S1_2,metacontig,145,579,434
ma_R29_M2018_S1_1,metacontig,89,543,454
st_R29_M289533_S1_1,metacontig,191,502,311
st_R29_M76386_S1_1,metacontig,220,580,360
st_R29_M159439_S1_4,metacontig,155,540,385
st_R29_M339837_S1_6,metacontig,122,527,405
ma_R29_M4044_S1_4,metacontig,206,679,473
st_R29_M398783_S1_4,metacontig,90,492,402
ma_R29_M2215_S1_1,metacontig,248,677,429
NC_029991_1,metacontig,228,626,398
st_R29_M190618_S1_5,metacontig,110,492,382
st_R29_M120795_S1_6,metacontig,64,480,416
fu_R29_M1054_S1_3,metacontig,170,533,363
st_R29_M133572_S1_1,metacontig,189,716,527
st_R29_M308574_S1_5,metacontig,92,513,421
mm_R29_M7624_S1_1,metacontig,192,514,322
st_R29_M289522_S1_1,metacontig,159,504,345
NC_008294_3,metacontig,89,489,400
st_R29_M204906_S1_1,metacontig,177,490,313
st_R29_M289528_S1_3,metacontig,141,456,315
st_R29_M238078_S1_1,metacontig,203,552,349
st_R29_M174485_S1_2,metacontig,43,325,282
st_R29_M132147_S1_3,metacontig,241,715,474
ar_R29_M38721_S1_3,metacontig,153,388,235
st_R29_M396565_S1_3,metacontig,199,446,247
st_R29_M353398_S1_1,metacontig,190,674,484
st_R29_M48023_S1_1,metacontig,101,484,383
st_R29_M257731_S2_1,metacontig,305,584,279
fi_R29_M1849_S1_5,metacontig,89,502,413
st_R29_M116031_S1_6,metacontig,434,743,309
st_R29_M122672_S1_1,metacontig,116,511,395
st_R29_M320999_S1_4,metacontig,344,691,347
st_R29_M30769_S1_1,metacontig,140,514,374
st_R29_M348419_S1_3,metacontig,113,476,363
st_R29_M398609_S1_1,metacontig,176,523,347
st_R29_M405936_S1_1,metacontig,289,572,283
st_R29_M140954_S1_1,metacontig,163,621,458
st_R29_M140961_S1_2,metacontig,205,597,392
st_R29_M257731_S1_3,metacontig,270,549,279
st_R29_M169645_S1_1,metacontig,150,574,424
fu_R29_M1304_S1_1,metacontig,200,516,316
ma_R29_M3809_S1_3,metacontig,96,482,386
st_R29_M423024_S1_4,metacontig,67,443,376
fu_R29_M5130_S1_3,metacontig,98,501,403
st_R29_M245718_S1_2,metacontig,140,490,350
sa_R29_M2050_S1_1,metacontig,6,348,342
st_R29_M364420_S1_1,metacontig,55,407,352
st_R29_M398782_S1_3,metacontig,97,493,396
fu_R29_M5332_S1_1,metacontig,236,558,322
st_R29_M245715_S1_1,metacontig,275,629,354
st_R29_M308584_S1_3,metacontig,116,511,395
st_R29_M132131_S1_5,metacontig,137,494,357
ar_R29_M38823_S1_5,metacontig,97,470,373
st_R29_M263251_S1_3,metacontig,125,476,351
EF204940_3,metacontig,99,480,381
st_R29_M92026_S1_3,metacontig,315,644,329
st_R29_M423003_S1_1,metacontig,348,925,577
st_R29_M257578_S1_1,metacontig,125,474,349
st_R29_M237742_S1_1,metacontig,366,774,408
st_R29_M220463_S1_2,metacontig,15,316,301
st_R29_M289520_S1_2,metacontig,68,476,408
st_R29_M288753_S1_1,metacontig,190,492,302
ma_R29_M3239_S1_3,metacontig,223,678,455
st_R29_M58276_S1_2,metacontig,236,726,490
fu_R29_M5851_S1_2,metacontig,3,317,314
st_R29_M250043_S1_4,metacontig,95,511,416
MK533151_1,metacontig,198,687,489
st_R29_M122932_S1_2,metacontig,230,730,500
st_R29_M81123_S1_1,metacontig,164,397,233
st_R29_M137783_S1_5,metacontig,95,501,406
ma_R29_M1586_S1_1,metacontig,221,726,505
st_R29_M71949_S1_1,metacontig,18,375,357
st_R29_M321003_S1_1,metacontig,171,489,318
st_R29_M76417_S1_4,metacontig,146,490,344
st_R29_M411427_S1_1,metacontig,8,280,272
st_R29_M448994_S1_2,metacontig,121,588,467
st_R29_M437113_S1_1,metacontig,284,619,335
st_R29_M249744_S1_3,metacontig,166,473,307
st_R29_M174909_S1_6,metacontig,96,521,425
st_R29_M289561_S1_1,metacontig,276,600,324
st_R29_M165675_S1_1,metacontig,309,584,275
ar_R29_M8719_S1_1,metacontig,229,686,457
st_R29_M263182_S1_4,metacontig,79,526,447
ma_R29_M6817_S1_3,metacontig,198,678,480
ma_R29_M3157_S1_5,metacontig,140,536,396
st_R29_M39195_S1_1,metacontig,233,566,333
st_R29_M254695_S1_10,metacontig,98,522,424
st_R29_M141051_S1_5,metacontig,241,551,310
st_R29_M58279_S1_1,metacontig,184,506,322
st_R29_M439519_S1_2,metacontig,161,493,332
st_R29_M176015_S1_1,metacontig,265,730,465
st_R29_M245717_S1_2,metacontig,215,648,433
fu_R29_M3272_S1_3,metacontig,279,626,347
st_R29_M73597_S1_1,metacontig,288,599,311
st_R29_M141058_S1_8,metacontig,106,488,382
st_R29_M403132_S1_2,metacontig,32,400,368
st_R29_M133566_S1_4,metacontig,78,438,360
st_R29_M116032_S1_1,metacontig,322,740,418
st_R29_M182053_S1_4,metacontig,86,467,381
st_R29_M289551_S1_5,metacontig,138,494,356
st_R29_M289563_S1_1,metacontig,246,569,323
ma_R29_M1124_S1_2,metacontig,201,697,496
st_R29_M398610_S1_1,metacontig,169,535,366
st_R29_M140993_S1_2,metacontig,185,561,376
st_R29_M30441_S1_2,metacontig,259,773,514
st_R29_M171155_S1_1,metacontig,147,494,347
st_R29_M263252_S1_4,metacontig,97,475,378
fu_R29_M3854_S1_4,metacontig,107,484,377
st_R29_M54497_S1_3,metacontig,138,544,406
st_R29_M220466_S1_1,metacontig,77,359,282
st_R29_M398639_S1_1,metacontig,29,364,335
mm_R29_M604_S1_11,metacontig,70,459,389
st_R29_M270203_S1_2,metacontig,323,573,250
st_R29_M37700_S1_2,metacontig,209,502,293
st_R29_M89578_S1_4,metacontig,99,530,431
st_R29_M439517_S1_1,metacontig,177,515,338
st_R29_M197247_S1_1,metacontig,170,574,404
st_R29_M204898_S1_1,metacontig,150,479,329
mm_R29_M7816_S1_7,metacontig,99,503,404
sa_R29_M3264_S1_3,metacontig,131,479,348
st_R29_M321012_S1_3,metacontig,78,410,332
st_R29_M76426_S1_1,metacontig,81,590,509
st_R29_M132137_S1_11,metacontig,84,500,416
st_R29_M181701_S1_1,metacontig,50,308,258
ar_R29_M39598_S1_1,metacontig,206,664,458
fu_R29_M3239_S1_3,metacontig,335,732,397
st_R29_M76390_S1_2,metacontig,475,890,415
st_R29_M117715_S1_6,metacontig,100,555,455
st_R29_M425359_S1_1,metacontig,289,549,260
st_R29_M419911_S1_3,metacontig,108,503,395
st_R29_M310601_S1_1,metacontig,196,550,354
st_R29_M171171_S1_1,metacontig,309,647,338
st_R29_M425346_S1_3,metacontig,26,363,337
st_R29_M425345_S1_2,metacontig,285,582,297
st_R29_M181693_S1_1,metacontig,52,341,289
sa_R29_M827_S1_4,metacontig,102,460,358
st_R29_M308575_S1_3,metacontig,89,503,414
st_R29_M143879_S1_1,metacontig,507,842,335
st_R29_M140966_S1_1,metacontig,197,578,381
st_R29_M116098_S1_1,metacontig,394,691,297
st_R29_M132133_S1_9,metacontig,82,490,408
st_R29_M348408_S1_4,metacontig,127,506,379
st_R29_M253675_S1_1,metacontig,7,268,261
st_R29_M387863_S1_1,metacontig,154,523,369
mm_R29_M7973_S1_5,metacontig,43,332,289
st_R29_M123045_S1_1,metacontig,58,476,418
st_R29_M289527_S1_1,metacontig,157,481,324
st_R29_M4733_S1_1,metacontig,187,533,346
st_R29_M306818_S1_3,metacontig,212,660,448
st_R29_M43877_S1_2,metacontig,170,662,492
st_R29_M190619_S1_4,metacontig,88,458,370
st_R29_M269731_S1_2,metacontig,140,533,393
mm_R29_M996_S1_2,metacontig,42,357,315
st_R29_M76420_S1_1,metacontig,28,445,417
st_R29_M313972_S1_3,metacontig,120,456,336
st_R29_M405868_S1_2,metacontig,528,905,377
st_R29_M308567_S1_9,metacontig,113,490,377
st_R29_M437068_S1_1,metacontig,282,514,232
st_R29_M239889_S1_4,metacontig,77,450,373
st_R29_M448965_S1_3,metacontig,288,576,288
st_R29_M220467_S1_1,metacontig,40,399,359
st_R29_M81126_S1_1,metacontig,86,313,227
fu_R29_M2948_S1_2,metacontig,262,577,315
st_R29_M321005_S1_1,metacontig,258,574,316
st_R29_M92010_S1_1,metacontig,235,554,319
mm_R29_M568_S1_1,metacontig,148,537,389
NC_027921_1,metacontig,228,541,313
st_R29_M116042_S1_1,metacontig,23,303,280
st_R29_M190637_S1_1,metacontig,139,483,344
st_R29_M348411_S1_7,metacontig,94,508,414
st_R29_M76389_S1_2,metacontig,186,543,357
st_R29_M4806_S1_3,metacontig,184,549,365
mm_R29_M687_S1_5,metacontig,286,785,499
st_R29_M398786_S1_2,metacontig,46,401,355
st_R29_M308569_S1_6,metacontig,109,497,388
st_R29_M133554_S1_1,metacontig,577,853,276
st_R29_M245730_S1_3,metacontig,27,436,409
st_R29_M348426_S1_3,metacontig,79,498,419
st_R29_M92023_S1_2,metacontig,437,785,348
st_R29_M320802_S1_1,metacontig,117,505,388
st_R29_M133583_S1_1,metacontig,66,364,298
st_R29_M398776_S1_6,metacontig,90,523,433
st_R29_M289555_S1_1,metacontig,253,701,448
st_R29_M132149_S1_6,metacontig,140,504,364
st_R29_M149496_S1_1,metacontig,156,541,385
st_R29_M348450_S1_5,metacontig,111,499,388
st_R29_M74858_S1_1,metacontig,516,850,334
sa_R29_M1033_S1_1,metacontig,167,518,351
st_R29_M313977_S1_1,metacontig,220,672,452
st_R29_M202002_S1_1,metacontig,15,393,378
st_R29_M54463_S1_5,metacontig,77,456,379
st_R29_M388839_S1_1,metacontig,155,536,381
st_R29_M398606_S1_1,metacontig,175,494,319
fu_R29_M644_S1_2,metacontig,117,526,409
st_R29_M253719_S1_2,metacontig,324,755,431
st_R29_M423080_S1_8,metacontig,99,466,367
fu_R29_M2084_S1_3,metacontig,277,578,301
st_R29_M313970_S1_2,metacontig,369,740,371
mm_R29_M7014_S1_1,metacontig,95,442,347
st_R29_M398823_S1_3,metacontig,127,580,453
st_R29_M289517_S1_1,metacontig,265,513,248
ar_R29_M39743_S1_2,metacontig,227,746,519
st_R29_M425338_S1_2,metacontig,40,359,319
ch_R29_M360_S1_2,metacontig,177,511,334
sp_R29_M544_S2_1,metacontig,154,464,310
st_R29_M245729_S1_2,metacontig,25,362,337
fu_R29_M3088_S1_1,metacontig,214,599,385
fu_R29_M29_S1_1,metacontig,434,741,307
st_R29_M133561_S1_1,metacontig,272,520,248
st_R29_M38677_S1_2,metacontig,19,344,325
fu_R29_M5358_S1_2,metacontig,315,692,377
st_R29_M92033_S1_1,metacontig,98,461,363
st_R29_M122936_S1_2,metacontig,183,502,319
st_R29_M30447_S1_1,metacontig,35,295,260
st_R29_M333450_S1_2,metacontig,480,860,380
ar_R29_M17517_S1_6,metacontig,219,741,522
st_R29_M398780_S1_7,metacontig,83,492,409
st_R29_M304_S1_1,metacontig,290,586,296
st_R29_M132129_S1_5,metacontig,106,460,354
st_R29_M190625_S1_4,metacontig,100,472,372
st_R29_M76419_S1_1,metacontig,110,501,391
NC_019707_5,metacontig,102,472,370
st_R29_M430115_S1_1,metacontig,201,517,316
st_R29_M425340_S1_1,metacontig,300,716,416
st_R29_M71984_S1_3,metacontig,82,430,348
st_R29_M348416_S1_4,metacontig,147,509,362
sp_R29_M544_S1_2,metacontig,646,955,309
st_R29_M424624_S1_6,metacontig,304,708,404
st_R29_M289548_S1_3,metacontig,31,448,417
st_R29_M143873_S1_1,metacontig,316,792,476
st_R29_M52851_S1_3,metacontig,72,450,378
st_R29_M169164_S1_1,metacontig,162,496,334
ri_R29_M144_S1_6,metacontig,48,370,322
fu_R29_M3903_S1_2,metacontig,266,702,436
st_R29_M398790_S1_1,metacontig,180,527,347
fi_R29_M392_S1_4,metacontig,153,648,495
st_R29_M348407_S1_10,metacontig,89,491,402
st_R29_M30437_S1_1,metacontig,152,510,358
st_R29_M289521_S1_2,metacontig,82,385,303
fu_R29_M5673_S1_1,metacontig,261,600,339
st_R29_M102243_S1_1,metacontig,178,631,453
MN043682_2,metacontig,90,395,305
st_R29_M30489_S1_1,metacontig,253,711,458
st_R29_M140729_S1_11,metacontig,81,445,364
ch_R29_M153_S1_2,metacontig,217,528,311
mm_R29_M474_S1_1,metacontig,13,338,325
st_R29_M229542_S1_4,metacontig,100,495,395
ar_R29_M37404_S1_12,metacontig,235,697,462
fu_R29_M4781_S1_3,metacontig,281,567,286
st_R29_M398607_S1_1,metacontig,174,520,346
st_R29_M81121_S1_1,metacontig,208,693,485
fu_R29_M3390_S1_1,metacontig,11,268,257
st_R29_M133562_S1_1,metacontig,243,665,422
ar_R29_M31996_S1_6,metacontig,238,816,578
st_R29_M83552_S1_2,metacontig,3,404,401
fu_R29_M4581_S1_3,metacontig,173,482,309
st_R29_M308578_S1_4,metacontig,117,503,386
st_R29_M355136_S1_1,metacontig,6,363,357
st_R29_M76412_S1_2,metacontig,247,705,458
st_R29_M52850_S1_1,metacontig,188,658,470
st_R29_M387858_S1_1,metacontig,163,536,373
st_R29_M396561_S1_1,metacontig,542,880,338
st_R29_M270172_S1_2,metacontig,221,548,327
st_R29_M143907_S1_1,metacontig,17,320,303
st_R29_M313974_S1_4,metacontig,472,797,325
JQ966307_5,metacontig,103,453,350
st_R29_M133557_S1_3,metacontig,345,727,382
st_R29_M73596_S1_3,metacontig,538,870,332
st_R29_M398781_S1_6,metacontig,87,518,431
st_R29_M76413_S1_4,metacontig,344,680,336
mm_R29_M4622_S1_1,metacontig,625,1017,392
st_R29_M132128_S1_11,metacontig,102,524,422
st_R29_M289559_S1_2,metacontig,159,562,403
st_R29_M430209_S1_2,metacontig,136,441,305
st_R29_M295763_S1_1,metacontig,312,597,285
st_R29_M89484_S1_1,metacontig,83,460,377
st_R29_M437111_S1_3,metacontig,209,641,432
st_R29_M289549_S1_1,metacontig,36,395,359
st_R29_M73606_S1_1,metacontig,306,668,362
st_R29_M196372_S1_1,metacontig,2,197,195
st_R29_M76379_S1_2,metacontig,508,812,304
fu_R29_M4678_S1_3,metacontig,73,517,444
fu_R29_M5135_S1_1,metacontig,383,771,388
ar_R29_M14844_S1_4,metacontig,256,727,471
st_R29_M181186_S1_2,metacontig,135,448,313
st_R29_M174180_S1_3,metacontig,122,587,465
st_R29_M308576_S1_5,metacontig,129,537,408
fu_R29_M2791_S1_2,metacontig,9,247,238
st_R29_M237755_S1_1,metacontig,430,707,277
st_R29_M129834_S1_3,metacontig,238,695,457
st_R29_M425358_S1_1,metacontig,199,557,358
st_R29_M448989_S1_4,metacontig,47,294,247
st_R29_M38111_S1_6,metacontig,95,468,373
st_R29_M137797_S1_1,metacontig,348,648,300
st_R29_M76382_S1_5,metacontig,92,508,416
st_R29_M381656_S1_1,metacontig,273,569,296
st_R29_M289526_S1_1,metacontig,244,601,357
st_R29_M132572_S1_2,metacontig,232,672,440
st_R29_M89481_S1_1,metacontig,165,692,527
st_R29_M265603_S1_4,metacontig,4,325,321
st_R29_M425380_S1_2,metacontig,138,599,461
st_R29_M321008_S1_2,metacontig,179,465,286
st_R29_M398611_S1_1,metacontig,159,520,361
st_R29_M176037_S1_1,metacontig,3,337,334
st_R29_M140613_S1_6,metacontig,200,554,354
st_R29_M116038_S1_1,metacontig,75,334,259
st_R29_M117683_S1_4,metacontig,158,496,338
st_R29_M333455_S1_1,metacontig,49,444,395
st_R29_M28994_S1_1,metacontig,148,526,378
st_R29_M387854_S1_1,metacontig,187,575,388
sa_R29_M1890_S1_1,metacontig,667,1008,341
st_R29_M333449_S1_2,metacontig,335,622,287
st_R29_M89483_S1_1,metacontig,211,651,440
st_R29_M281618_S1_1,metacontig,2,234,232
st_R29_M38678_S1_1,metacontig,55,386,331
st_R29_M448970_S1_1,metacontig,81,426,345
st_R29_M133497_S1_8,metacontig,128,375,247
st_R29_M48001_S1_4,metacontig,177,586,409
st_R29_M307255_S1_1,metacontig,137,456,319
st_R29_M173605_S1_4,metacontig,117,461,344
st_R29_M143874_S1_1,metacontig,208,561,353
fu_R29_M3130_S1_3,metacontig,11,278,267
st_R29_M48028_S1_1,metacontig,171,502,331
st_R29_M129837_S1_2,metacontig,229,620,391
st_R29_M398605_S1_2,metacontig,168,557,389
st_R29_M437337_S1_1,metacontig,64,395,331
st_R29_M204897_S1_2,metacontig,140,546,406
st_R29_M448969_S1_1,metacontig,66,432,366
st_R29_M81125_S1_2,metacontig,3,269,266
st_R29_M253720_S1_3,metacontig,494,789,295
st_R29_M448990_S1_3,metacontig,318,564,246
NC_040656_1,metacontig,225,615,390
st_R29_M76381_S1_1,metacontig,475,779,304
mm_R29_M7345_S1_1,metacontig,25,353,328
ch_R29_M214_S1_1,metacontig,177,593,416
st_R29_M143881_S1_1,metacontig,89,395,306
st_R29_M140967_S1_1,metacontig,98,425,327
st_R29_M308565_S1_5,metacontig,102,445,343
fu_R29_M3867_S1_1,metacontig,332,621,289
st_R29_M76428_S1_2,metacontig,157,448,291
fu_R29_M5724_S1_4,metacontig,311,607,296
st_R29_M245728_S1_1,metacontig,309,751,442
ma_R29_M3824_S1_1,metacontig,424,797,373
st_R29_M430251_S1_6,metacontig,83,436,353
st_R29_M412331_S1_1,metacontig,2,272,270
st_R29_M315190_S1_1,metacontig,430,742,312
st_R29_M33767_S1_2,metacontig,433,730,297
st_R29_M83547_S1_5,metacontig,109,488,379
st_R29_M92024_S1_8,metacontig,78,486,408
st_R29_M133563_S1_1,metacontig,318,777,459
st_R29_M355150_S1_2,metacontig,28,315,287
JN400241_1,metacontig,295,797,502
st_R29_M73600_S1_4,metacontig,317,617,300
st_R29_M76415_S1_1,metacontig,362,652,290
ma_R29_M152_S1_1,metacontig,14,348,334
st_R29_M54431_S1_5,metacontig,166,533,367
st_R29_M48021_S1_1,metacontig,250,500,250
st_R29_M245720_S1_3,metacontig,149,561,412
st_R29_M430261_S1_1,metacontig,26,320,294
st_R29_M308571_S1_4,metacontig,90,453,363
st_R29_M448971_S1_1,metacontig,211,545,334
st_R29_M239722_S1_2,metacontig,10,320,310
ar_R29_M13211_S1_5,metacontig,231,760,529
st_R29_M140863_S1_3,metacontig,39,403,364
mm_R29_M7340_S1_1,metacontig,197,485,288
mm_R29_M4413_S1_3,metacontig,1,286,285
st_R29_M117699_S1_1,metacontig,38,287,249
st_R29_M448976_S1_1,metacontig,4,290,286
st_R29_M48011_S1_6,metacontig,103,494,391
st_R29_M140618_S1_6,metacontig,116,468,352
st_R29_M30431_S1_6,metacontig,108,463,355
st_R29_M301498_S1_5,metacontig,362,708,346
st_R29_M137745_S1_4,metacontig,204,599,395
st_R29_M165676_S1_1,metacontig,341,696,355
st_R29_M122614_S1_2,metacontig,15,401,386
ch_R29_M214_S3_1,metacontig,86,445,359
st_R29_M181202_S1_2,metacontig,350,691,341
st_R29_M33768_S1_5,metacontig,295,587,292
fu_R29_M2079_S1_1,metacontig,310,673,363
st_R29_M364424_S1_1,metacontig,305,634,329
st_R29_M439524_S1_1,metacontig,332,585,253
fu_R29_M5738_S1_4,metacontig,496,812,316
st_R29_M269912_S1_1,metacontig,9,324,315
st_R29_M48031_S1_4,metacontig,222,634,412
st_R29_M437045_S1_2,metacontig,156,416,260
fu_R29_M4064_S1_2,metacontig,264,634,370
st_R29_M398777_S1_6,metacontig,86,517,431
sa_R29_M2954_S1_1,metacontig,226,752,526
st_R29_M92022_S1_1,metacontig,399,750,351
sa_R29_M2476_S1_3,metacontig,188,689,501
st_R29_M174481_S1_2,metacontig,27,362,335
mm_R29_M6123_S1_1,metacontig,173,565,392
st_R29_M210331_S1_1,metacontig,57,429,372
st_R29_M439523_S1_1,metacontig,154,471,317
st_R29_M116035_S1_1,metacontig,310,633,323
fu_R29_M2222_S1_1,metacontig,202,572,370
st_R29_M141015_S1_3,metacontig,87,469,382
fu_R29_M2296_S1_3,metacontig,121,572,451
st_R29_M91430_S1_2,metacontig,220,553,333
NC_017003_1,metacontig,317,564,247
st_R29_M132157_S1_2,metacontig,11,360,349
st_R29_M37721_S1_1,metacontig,237,513,276
st_R29_M81120_S1_1,metacontig,332,595,263
st_R29_M116095_S1_10,metacontig,131,510,379
st_R29_M374917_S1_6,metacontig,79,459,380
st_R29_M171180_S1_1,metacontig,204,567,363
st_R29_M448997_S1_1,metacontig,68,309,241
st_R29_M140957_S1_3,metacontig,343,665,322
st_R29_M220810_S1_1,metacontig,534,814,280
st_R29_M73609_S1_1,metacontig,247,552,305
ar_R29_M43583_S1_2,metacontig,216,755,539
sa_R29_M2250_S1_3,metacontig,653,998,345
am_R29_M536_S1_3,metacontig,11,391,380
st_R29_M245734_S1_7,metacontig,337,743,406
st_R29_M398824_S1_1,metacontig,25,307,282
st_R29_M171429_S1_2,metacontig,71,422,351
ar_R29_M23845_S1_2,metacontig,277,612,335
st_R29_M76416_S1_1,metacontig,326,582,256
st_R29_M92318_S1_1,metacontig,32,336,304
st_R29_M75074_S1_1,metacontig,62,373,311
st_R29_M132573_S1_1,metacontig,58,396,338
st_R29_M237443_S1_4,metacontig,87,510,423
ma_R29_M5981_S1_1,metacontig,3,303,300
st_R29_M137785_S1_1,metacontig,195,555,360
mm_R29_M124_S1_5,metacontig,106,437,331
mm_R29_M380_S1_1,metacontig,266,530,264
st_R29_M210116_S1_1,metacontig,108,433,325
st_R29_M237444_S1_10,metacontig,90,451,361
st_R29_M152382_S1_3,metacontig,321,677,356
st_R29_M133508_S1_5,metacontig,561,838,277
st_R29_M54462_S1_4,metacontig,144,494,350
st_R29_M348422_S1_4,metacontig,79,488,409
st_R29_M73595_S1_2,metacontig,543,781,238
st_R29_M66667_S1_3,metacontig,100,487,387
am_R29_M30_S1_6,metacontig,180,490,310
st_R29_M132138_S1_7,metacontig,174,549,375
st_R29_M313969_S1_1,metacontig,465,739,274
ar_R29_M39894_S1_1,metacontig,159,480,321
fi_R29_M1570_S1_6,metacontig,216,765,549
st_R29_M181699_S1_1,metacontig,59,421,362
sa_R29_M3260_S1_1,metacontig,36,330,294
st_R29_M425355_S1_2,metacontig,335,705,370
st_R29_M35259_S1_2,metacontig,32,337,305
st_R29_M37818_S1_1,metacontig,117,478,361
fu_R29_M4449_S1_1,metacontig,468,742,274
st_R29_M102554_S1_3,metacontig,148,452,304
st_R29_M289562_S1_2,metacontig,44,340,296
st_R29_M448964_S1_3,metacontig,449,782,333
NC_019453_7,metacontig,206,652,446
st_R29_M339831_S1_6,metacontig,92,430,338
MN831446_2,metacontig,288,735,447
st_R29_M140736_S1_1,metacontig,144,537,393
st_R29_M83567_S1_1,metacontig,8,291,283
st_R29_M50879_S1_1,metacontig,194,541,347
st_R29_M76383_S1_1,metacontig,349,712,363
st_R29_M123037_S1_2,metacontig,17,391,374
st_R29_M388893_S1_10,metacontig,124,499,375
st_R29_M164799_S1_1,metacontig,14,344,330
st_R29_M436971_S1_2,metacontig,35,233,198
st_R29_M425342_S1_5,metacontig,202,563,361
st_R29_M122609_S1_2,metacontig,128,525,397
st_R29_M315193_S1_2,metacontig,385,704,319
fu_R29_M2877_S1_3,metacontig,233,556,323
st_R29_M173604_S1_4,metacontig,220,589,369
st_R29_M48026_S1_4,metacontig,213,665,452
st_R29_M89582_S1_8,metacontig,225,621,396
st_R29_M116097_S1_4,metacontig,228,561,333
st_R29_M102221_S1_1,metacontig,99,334,235
sa_R29_M1081_S1_3,metacontig,317,810,493
st_R29_M41897_S1_2,metacontig,224,550,326
st_R29_M348425_S1_5,metacontig,83,491,408
st_R29_M237442_S1_4,metacontig,375,737,362
ar_R29_M16393_S1_3,metacontig,209,639,430
st_R29_M425341_S1_1,metacontig,217,580,363
st_R29_M348428_S1_1,metacontig,444,910,466
MG256174_1,metacontig,410,679,269
fu_R29_M4047_S1_1,metacontig,160,510,350
ar_R29_M14187_S1_1,metacontig,206,635,429
st_R29_M98624_S1_1,metacontig,38,352,314
st_R29_M132570_S1_3,metacontig,80,469,389
st_R29_M92028_S1_1,metacontig,315,555,240
st_R29_M143875_S1_3,metacontig,123,455,332
st_R29_M423077_S1_6,metacontig,166,601,435
st_R29_M398784_S1_3,metacontig,104,439,335
st_R29_M81129_S1_1,metacontig,11,271,260
st_R29_M132156_S1_11,metacontig,227,627,400
fi_R29_M1376_S1_1,metacontig,223,765,542
AF227250_3,metacontig,81,445,364
st_R29_M71989_S1_4,metacontig,325,610,285
st_R29_M200439_S1_1,metacontig,180,501,321
st_R29_M83541_S1_4,metacontig,218,620,402
fu_R29_M6070_S1_6,metacontig,159,511,352
st_R29_M69381_S1_5,metacontig,213,564,351
st_R29_M73612_S1_1,metacontig,3,236,233
st_R29_M333430_S1_4,metacontig,145,491,346
st_R29_M430249_S1_2,metacontig,535,836,301
st_R29_M237935_S1_1,metacontig,308,601,293
st_R29_M306952_S1_1,metacontig,161,460,299
ch_R29_M9_S1_1,metacontig,184,487,303
st_R29_M342930_S1_2,metacontig,16,343,327
ch_R29_M301_S1_1,metacontig,201,594,393
st_R29_M61858_S1_12,metacontig,122,505,383
st_R29_M132139_S1_9,metacontig,140,548,408
st_R29_M48022_S1_2,metacontig,178,486,308
NC_001426_3,metacontig,75,444,369
mm_R29_M1721_S1_3,metacontig,235,520,285
st_R29_M122935_S1_1,metacontig,143,516,373
st_R29_M195875_S1_1,metacontig,57,410,353
st_R29_M448983_S1_3,metacontig,46,259,213
st_R29_M17312_S1_2,metacontig,93,366,273
st_R29_M398792_S1_3,metacontig,140,502,362
st_R29_M237754_S1_2,metacontig,429,719,290
st_R29_M119816_S1_1,metacontig,196,610,414
fi_R29_M1933_S1_2,metacontig,8,559,551
st_R29_M92027_S1_6,metacontig,510,760,250
st_R29_M104269_S1_1,metacontig,333,650,317
st_R29_M129312_S1_3,metacontig,10,335,325
st_R29_M141018_S1_1,metacontig,284,697,413
st_R29_M278812_S1_2,metacontig,189,600,411
st_R29_M308579_S1_3,metacontig,76,528,452
st_R29_M153047_S1_12,metacontig,233,584,351
st_R29_M314192_S1_7,metacontig,205,533,328
fu_R29_M1386_S1_1,metacontig,206,548,342
st_R29_M140953_S1_2,metacontig,428,704,276
mm_R29_M6303_S1_1,metacontig,179,662,483
st_R29_M181201_S1_1,metacontig,492,857,365
st_R29_M4815_S1_1,metacontig,103,481,378
st_R29_M190616_S1_4,metacontig,90,466,376
sa_R29_M2755_S1_4,metacontig,97,433,336
st_R29_M200424_S1_1,metacontig,176,497,321
st_R29_M153811_S1_1,metacontig,61,464,403
st_R29_M48020_S1_1,metacontig,157,555,398
sp_R29_M392_S1_5,metacontig,233,662,429
st_R29_M153834_S1_1,metacontig,82,485,403
ma_R29_M3269_S1_1,metacontig,2,367,365
sa_R29_M2289_S1_1,metacontig,36,436,400
st_R29_M183474_S1_1,metacontig,82,485,403
st_R29_M183480_S1_8,metacontig,82,485,403
st_R29_M41821_S1_1,metacontig,15,350,335
st_R29_M76393_S1_1,metacontig,205,450,245
sp_R29_M692_S1_1,metacontig,114,521,407
st_R29_M437066_S1_6,metacontig,89,514,425
st_R29_M58278_S1_1,metacontig,159,552,393
ar_R29_M34881_S1_1,metacontig,34,371,337
st_R29_M353382_S1_3,metacontig,42,380,338
st_R29_M259682_S1_3,metacontig,304,640,336
st_R29_M425360_S1_3,metacontig,211,578,367
sa_R29_M927_S1_1,metacontig,104,480,376
st_R29_M41820_S1_2,metacontig,91,419,328
st_R29_M308582_S1_1,metacontig,238,535,297
st_R29_M116041_S1_1,metacontig,95,394,299
st_R29_M180857_S1_1,metacontig,288,622,334
st_R29_M140730_S1_4,metacontig,210,658,448
ch_R29_M124_S1_1,metacontig,135,498,363
st_R29_M425347_S1_1,metacontig,3,344,341
mm_R29_M6817_S1_9,metacontig,100,490,390
st_R29_M398794_S1_1,metacontig,194,565,371
st_R29_M362652_S1_1,metacontig,311,544,233
st_R29_M149524_S1_1,metacontig,42,403,361
st_R29_M381593_S1_1,metacontig,31,362,331
st_R29_M89584_S1_4,metacontig,233,612,379
st_R29_M228965_S1_34,metacontig,73,342,269
st_R29_M229013_S1_1,metacontig,73,342,269
fu_R29_M2016_S1_3,metacontig,156,519,363
st_R29_M30429_S1_10,metacontig,204,581,377
st_R29_M140733_S1_7,metacontig,207,535,328
st_R29_M396569_S1_3,metacontig,42,353,311
st_R29_M129843_S1_1,metacontig,210,653,443
st_R29_M132571_S1_4,metacontig,126,526,400
st_R29_M249756_S1_1,metacontig,64,423,359
st_R29_M54432_S1_10,metacontig,266,641,375
ar_R29_M31662_S1_1,metacontig,2,351,349
st_R29_M44267_S1_2,metacontig,166,504,338
st_R29_M339830_S1_3,metacontig,116,503,387
st_R29_M289525_S1_1,metacontig,298,587,289
st_R29_M129936_S1_1,metacontig,174,650,476
ma_R29_M3459_S1_3,metacontig,245,539,294
st_R29_M414704_S1_1,metacontig,105,365,260
st_R29_M388928_S1_3,metacontig,19,411,392
st_R29_M348449_S1_6,metacontig,300,786,486
fu_R29_M2066_S1_5,metacontig,121,604,483
st_R29_M153830_S1_1,metacontig,84,402,318
st_R29_M244033_S1_1,metacontig,90,403,313
st_R29_M401950_S1_1,metacontig,49,407,358
st_R29_M387598_S1_2,metacontig,230,705,475
st_R29_M69383_S1_4,metacontig,166,555,389
st_R29_M190651_S1_5,metacontig,199,563,364
st_R29_M132132_S1_6,metacontig,162,561,399
st_R29_M92309_S1_2,metacontig,144,621,477
st_R29_M116096_S1_4,metacontig,259,649,390
st_R29_M123056_S1_2,metacontig,115,438,323
ma_R29_M4478_S1_1,metacontig,186,577,391
st_R29_M102218_S1_1,metacontig,372,606,234
st_R29_M263253_S1_3,metacontig,138,468,330
st_R29_M38672_S1_3,metacontig,148,566,418
fu_R29_M2726_S1_4,metacontig,242,535,293
st_R29_M228968_S1_7,metacontig,126,538,412
st_R29_M61898_S1_1,metacontig,38,398,360
st_R29_M116037_S1_1,metacontig,174,472,298
st_R29_M92029_S1_2,metacontig,93,429,336
sa_R29_M1488_S1_1,metacontig,191,686,495
st_R29_M438233_S1_2,metacontig,144,470,326
fu_R29_M4665_S1_2,metacontig,384,709,325
st_R29_M132134_S1_5,metacontig,200,610,410
st_R29_M425348_S1_1,metacontig,2,347,345
sa_R29_M229_S1_1,metacontig,28,453,425
st_R29_M257103_S1_1,metacontig,138,545,407
MN831445_2,metacontig,251,723,472
mm_R29_M3328_S1_2,metacontig,225,674,449
st_R29_M289039_S1_1,metacontig,92,445,353
st_R29_M423004_S1_10,metacontig,63,426,363
MF375475_1,metacontig,325,674,349
st_R29_M174935_S1_8,metacontig,140,580,440
st_R29_M371425_S1_4,metacontig,222,692,470
st_R29_M448968_S1_2,metacontig,197,559,362
st_R29_M66686_S1_7,metacontig,164,658,494
st_R29_M313971_S1_2,metacontig,211,572,361
st_R29_M426256_S1_5,metacontig,202,547,345
st_R29_M315192_S1_3,metacontig,198,509,311
st_R29_M293422_S1_1,metacontig,296,639,343
sa_R29_M107_S1_4,metacontig,113,482,369
st_R29_M129832_S1_2,metacontig,353,763,410
st_R29_M122619_S1_1,metacontig,16,314,298
st_R29_M194982_S1_2,metacontig,118,562,444
st_R29_M281383_S1_1,metacontig,223,695,472
st_R29_M227430_S1_2,metacontig,107,583,476
st_R29_M182085_S1_1,metacontig,49,311,262
st_R29_M234961_S1_1,metacontig,207,637,430
st_R29_M123028_S1_9,metacontig,156,641,485
st_R29_M77259_S1_3,metacontig,266,566,300
st_R29_M174910_S1_4,metacontig,186,589,403
st_R29_M308424_S1_1,metacontig,207,593,386
st_R29_M54434_S1_1,metacontig,204,580,376
fu_R29_M1281_S1_5,metacontig,281,741,460
st_R29_M140619_S1_3,metacontig,199,605,406
st_R29_M269752_S1_1,metacontig,91,339,248
ma_R29_M2761_S1_1,metacontig,185,589,404
st_R29_M348264_S1_2,metacontig,35,387,352
fi_R29_M142_S1_10,metacontig,91,490,399
st_R29_M132130_S1_5,metacontig,218,661,443
st_R29_M48013_S1_2,metacontig,332,694,362
st_R29_M140991_S1_2,metacontig,457,740,283
st_R29_M123033_S1_2,metacontig,255,709,454
st_R29_M387853_S1_7,metacontig,98,508,410
st_R29_M382870_S1_8,metacontig,87,484,397
st_R29_M137780_S1_4,metacontig,401,912,511
fu_R29_M747_S1_1,metacontig,311,640,329
ma_R29_M6013_S1_3,metacontig,167,608,441
st_R29_M190622_S1_3,metacontig,156,510,354
ma_R29_M1595_S1_1,metacontig,187,598,411
sa_R29_M3270_S1_4,metacontig,232,539,307
st_R29_M430187_S1_1,metacontig,38,413,375
ar_R29_M10473_S1_5,metacontig,63,584,521
st_R29_M321024_S1_3,metacontig,21,280,259
st_R29_M66718_S1_2,metacontig,161,574,413
st_R29_M129838_S1_1,metacontig,237,734,497
st_R29_M269905_S1_1,metacontig,93,329,236
sp_R29_M692_S2_1,metacontig,40,355,315
fu_R29_M6024_S1_2,metacontig,2,193,191
st_R29_M210114_S1_2,metacontig,173,633,460
fu_R29_M4468_S1_4,metacontig,97,614,517
st_R29_M25063_S1_1,metacontig,92,361,269
st_R29_M174907_S1_8,metacontig,161,553,392
st_R29_M245732_S1_5,metacontig,346,709,363
st_R29_M360121_S1_3,metacontig,349,720,371
sa_R29_M2751_S1_1,metacontig,416,847,431
st_R29_M66687_S1_8,metacontig,215,551,336
st_R29_M111993_S1_6,metacontig,216,637,421
st_R29_M92328_S1_1,metacontig,172,469,297
mm_R29_M182_S1_5,metacontig,151,480,329
st_R29_M315189_S1_5,metacontig,159,449,290
st_R29_M200437_S1_2,metacontig,218,587,369
st_R29_M133495_S1_9,metacontig,197,526,329
st_R29_M137784_S1_1,metacontig,217,621,404
st_R29_M123053_S1_8,metacontig,181,511,330
st_R29_M132152_S1_4,metacontig,217,581,364
st_R29_M123036_S1_4,metacontig,176,488,312
st_R29_M407197_S1_5,metacontig,207,586,379
st_R29_M121209_S1_3,metacontig,248,617,369
st_R29_M321009_S1_2,metacontig,359,795,436
st_R29_M133485_S1_7,metacontig,127,548,421
st_R29_M132150_S1_2,metacontig,131,527,396
st_R29_M143903_S1_1,metacontig,132,439,307
ch_R29_M209_S1_2,metacontig,172,580,408
st_R29_M166871_S1_5,metacontig,270,535,265
st_R29_M166871_S2_5,metacontig,270,535,265
st_R29_M348447_S1_4,metacontig,342,573,231
st_R29_M180817_S1_6,metacontig,233,627,394
st_R29_M81128_S1_1,metacontig,26,354,328
st_R29_M54456_S1_2,metacontig,243,745,502
st_R29_M89583_S1_4,metacontig,142,601,459
st_R29_M173603_S1_10,metacontig,196,539,343
st_R29_M350519_S1_2,metacontig,236,565,329
st_R29_M133509_S1_4,metacontig,119,409,290
st_R29_M41538_S1_7,metacontig,148,534,386
st_R29_M74633_S1_1,metacontig,185,620,435
st_R29_M281460_S1_1,metacontig,137,533,396
st_R29_M133555_S1_1,metacontig,560,991,431
st_R29_M426300_S1_1,metacontig,155,586,431
st_R29_M113754_S1_1,metacontig,164,623,459
st_R29_M4729_S1_4,metacontig,185,566,381
st_R29_M269743_S1_2,metacontig,130,588,458
st_R29_M308570_S1_5,metacontig,268,675,407
st_R29_M348418_S1_7,metacontig,81,496,415
st_R29_M123041_S1_1,metacontig,7,349,342
st_R29_M200435_S1_4,metacontig,197,505,308
st_R29_M368405_S1_6,metacontig,312,661,349
st_R29_M348445_S1_1,metacontig,187,613,426
st_R29_M188783_S1_2,metacontig,115,432,317
st_R29_M410136_S1_3,metacontig,213,515,302
st_R29_M348415_S1_4,metacontig,165,494,329
st_R29_M229017_S1_5,metacontig,137,610,473
st_R29_M348214_S1_3,metacontig,134,482,348
st_R29_M76384_S1_1,metacontig,523,830,307
st_R29_M42832_S1_6,metacontig,240,532,292
mm_R29_M1816_S1_2,metacontig,272,631,359
st_R29_M359683_S1_4,metacontig,171,478,307
st_R29_M426066_S1_4,metacontig,233,594,361
st_R29_M132155_S1_2,metacontig,137,533,396
st_R29_M123054_S1_1,metacontig,60,570,510
st_R29_M426067_S1_4,metacontig,147,511,364
st_R29_M140728_S1_5,metacontig,49,348,299
ma_R29_M4882_S1_3,metacontig,161,483,322
st_R29_M33564_S1_1,metacontig,219,528,309
st_R29_M48064_S1_1,metacontig,32,335,303
fi_R29_M44_S1_3,metacontig,211,767,556
st_R29_M43866_S1_2,metacontig,109,567,458
st_R29_M200460_S1_11,metacontig,42,319,277
st_R29_M238077_S1_3,metacontig,78,456,378
st_R29_M448967_S1_2,metacontig,241,513,272
st_R29_M416599_S1_3,metacontig,159,690,531
st_R29_M368410_S1_2,metacontig,302,631,329
ma_R29_M3960_S1_7,metacontig,172,562,390
st_R29_M81021_S1_1,metacontig,186,665,479
st_R29_M28360_S1_3,metacontig,242,556,314
st_R29_M77542_S1_1,metacontig,83,311,228
st_R29_M308566_S1_3,metacontig,178,583,405
st_R29_M48048_S1_4,metacontig,105,413,308
st_R29_M200440_S1_3,metacontig,184,523,339
st_R29_M409761_S1_1,metacontig,122,577,455
st_R29_M426248_S1_7,metacontig,149,552,403
st_R29_M35793_S1_9,metacontig,63,455,392
ar_R29_M19183_S1_3,metacontig,55,404,349
st_R29_M423079_S1_3,metacontig,487,808,321
ma_R29_M3144_S1_7,metacontig,241,510,269
st_R29_M61869_S1_8,metacontig,219,547,328
st_R29_M351960_S1_1,metacontig,4,346,342
st_R29_M190627_S1_8,metacontig,200,507,307
st_R29_M415122_S1_1,metacontig,83,372,289
st_R29_M122620_S1_1,metacontig,2,238,236
st_R29_M371665_S1_1,metacontig,260,731,471
sa_R29_M298_S1_1,metacontig,199,493,294
ma_R29_M3166_S1_3,metacontig,194,616,422
ar_R29_M11848_S1_3,metacontig,119,600,481
st_R29_M133511_S1_1,metacontig,205,625,420
st_R29_M387850_S1_5,metacontig,232,616,384
st_R29_M111225_S1_2,metacontig,17,235,218
st_R29_M152401_S1_2,metacontig,212,511,299
st_R29_M58284_S1_2,metacontig,107,458,351
st_R29_M89491_S1_1,metacontig,136,507,371
sa_R29_M2170_S1_1,metacontig,196,529,333
st_R29_M220463_S6_2,metacontig,10,200,190
st_R29_M364426_S1_8,metacontig,132,534,402
st_R29_M116104_S1_5,metacontig,182,580,398
fu_R29_M2146_S1_1,metacontig,199,551,352
ma_R29_M2856_S1_6,metacontig,232,644,412
st_R29_M129302_S1_1,metacontig,27,420,393
st_R29_M308564_S1_4,metacontig,120,449,329
st_R29_M166749_S1_3,metacontig,211,715,504
fu_R29_M1459_S1_2,metacontig,2,276,274
st_R29_M123040_S1_3,metacontig,4,309,305
st_R29_M251590_S1_4,metacontig,198,575,377
st_R29_M331346_S1_3,metacontig,206,468,262
st_R29_M387595_S1_4,metacontig,48,612,564
ar_R29_M5514_S1_3,metacontig,90,487,397
st_R29_M141013_S1_3,metacontig,192,569,377
st_R29_M249743_S1_2,metacontig,50,599,549
st_R29_M249757_S1_4,metacontig,130,394,264
st_R29_M288709_S1_3,metacontig,188,424,236
st_R29_M401646_S1_1,metacontig,201,574,373
st_R29_M137781_S1_3,metacontig,466,780,314
ma_R29_M3012_S1_3,metacontig,214,547,333
st_R29_M77244_S1_3,metacontig,70,455,385
st_R29_M348414_S1_4,metacontig,165,531,366
st_R29_M238076_S1_3,metacontig,162,502,340
st_R29_M110821_S1_2,metacontig,173,643,470
st_R29_M43865_S1_1,metacontig,206,625,419
st_R29_M400961_S1_2,metacontig,277,771,494
st_R29_M407533_S1_6,metacontig,107,415,308
st_R29_M161946_S1_2,metacontig,210,588,378
st_R29_M190641_S1_5,metacontig,165,536,371
st_R29_M398832_S1_1,metacontig,26,311,285
st_R29_M72942_S1_2,metacontig,281,710,429
st_R29_M398785_S1_6,metacontig,167,631,464
st_R29_M426299_S1_1,metacontig,242,673,431
st_R29_M228972_S1_1,metacontig,143,480,337
NC_004046_3,metacontig,4,154,150
st_R29_M407510_S1_6,metacontig,104,608,504
st_R29_M48009_S1_1,metacontig,193,540,347
ma_R29_M6013_S2_1,metacontig,13,306,293
st_R29_M72318_S1_1,metacontig,346,670,324
st_R29_M423084_S1_1,metacontig,108,486,378
st_R29_M238431_S1_5,metacontig,180,585,405
ar_R29_M18685_S1_5,metacontig,236,786,550
st_R29_M368399_S1_3,metacontig,240,566,326
st_R29_M130674_S1_1,metacontig,24,394,370
st_R29_M113644_S1_8,metacontig,17,235,218
st_R29_M364421_S1_1,metacontig,4,244,240
st_R29_M58195_S1_2,metacontig,237,545,308
st_R29_M133580_S1_1,metacontig,121,487,366
st_R29_M295629_S1_1,metacontig,1,247,246
st_R29_M66973_S1_2,metacontig,110,545,435
st_R29_M308572_S1_4,metacontig,187,486,299
st_R29_M132488_S1_1,metacontig,2,303,301
st_R29_M423081_S1_4,metacontig,175,566,391
st_R29_M17326_S1_5,metacontig,140,514,374
st_R29_M422958_S1_2,metacontig,203,529,326
st_R29_M185874_S1_7,metacontig,215,486,271
ar_R29_M30791_S1_1,metacontig,487,804,317
st_R29_M237936_S1_1,metacontig,285,600,315
st_R29_M116090_S1_4,metacontig,480,794,314
st_R29_M190659_S1_6,metacontig,93,385,292
st_R29_M66668_S1_5,metacontig,90,465,375
st_R29_M239722_S3_1,metacontig,87,352,265
st_R29_M249745_S1_2,metacontig,172,528,356
st_R29_M188788_S1_1,metacontig,3,264,261
st_R29_M116101_S1_1,metacontig,310,708,398
mm_R29_M2598_S1_2,metacontig,5,372,367
sa_R29_M2066_S1_5,metacontig,303,595,292
st_R29_M101939_S1_3,metacontig,120,548,428
sa_R29_M2959_S1_1,metacontig,147,435,288
st_R29_M188779_S1_2,metacontig,40,320,280
ma_R29_M2494_S1_7,metacontig,225,600,375
sa_R29_M791_S1_3,metacontig,339,627,288
ma_R29_M3079_S1_3,metacontig,193,563,370
st_R29_M348228_S1_4,metacontig,153,443,290
st_R29_M281330_S1_2,metacontig,125,489,364
st_R29_M437046_S1_1,metacontig,85,331,246
st_R29_M190647_S1_1,metacontig,168,470,302
st_R29_M102558_S1_3,metacontig,156,471,315
st_R29_M123055_S1_7,metacontig,132,524,392
st_R29_M175870_S1_4,metacontig,168,512,344
st_R29_M30428_S1_8,metacontig,243,564,321
st_R29_M210107_S1_3,metacontig,47,272,225
st_R29_M133575_S1_1,metacontig,205,460,255
st_R29_M281329_S1_2,metacontig,135,497,362
st_R29_M387604_S1_2,metacontig,76,428,352
ar_R29_M17772_S1_3,metacontig,121,448,327
st_R29_M249770_S1_2,metacontig,68,375,307
st_R29_M101898_S1_4,metacontig,198,587,389
st_R29_M132489_S1_1,metacontig,14,236,222
st_R29_M106635_S1_1,metacontig,25,422,397
fu_R29_M1582_S1_2,metacontig,33,383,350
st_R29_M35799_S1_3,metacontig,185,497,312
fu_R29_M5228_S1_5,metacontig,104,470,366
st_R29_M289272_S1_3,metacontig,251,537,286
st_R29_M448995_S1_2,metacontig,79,362,283
st_R29_M398778_S1_6,metacontig,241,578,337
st_R29_M442510_S1_2,metacontig,164,486,322
st_R29_M165713_S1_5,metacontig,124,471,347
st_R29_M140965_S1_3,metacontig,194,602,408
st_R29_M269748_S1_1,metacontig,153,547,394
st_R29_M48016_S1_1,metacontig,195,527,332
st_R29_M263184_S1_4,metacontig,211,498,287
ar_R29_M4112_S1_1,metacontig,215,482,267
fu_R29_M308_S1_5,metacontig,183,543,360
st_R29_M89587_S1_10,metacontig,134,522,388
st_R29_M41383_S1_4,metacontig,201,467,266
sa_R29_M3184_S1_2,metacontig,121,478,357
ma_R29_M4866_S1_3,metacontig,180,423,243
st_R29_M426586_S1_5,metacontig,285,731,446
st_R29_M92025_S1_3,metacontig,318,717,399
st_R29_M133491_S1_2,metacontig,103,562,459
fu_R29_M4272_S1_1,metacontig,129,504,375
st_R29_M397408_S1_5,metacontig,198,472,274
st_R29_M430255_S1_2,metacontig,5,293,288
st_R29_M269902_S1_4,metacontig,193,550,357
st_R29_M323443_S1_1,metacontig,257,701,444
st_R29_M133558_S1_1,metacontig,186,662,476
st_R29_M27779_S1_2,metacontig,260,463,203
st_R29_M333433_S1_5,metacontig,220,730,510
st_R29_M171182_S1_2,metacontig,1,258,257
ma_R29_M3204_S1_5,metacontig,173,504,331
fu_R29_M8_S1_1,metacontig,206,536,330
st_R29_M143878_S1_3,metacontig,489,742,253
st_R29_M371580_S1_2,metacontig,158,504,346
st_R29_M127433_S9_2,metacontig,187,469,282
st_R29_M226861_S1_3,metacontig,329,650,321
st_R29_M448966_S1_6,metacontig,4,212,208
fu_R29_M5914_S1_2,metacontig,103,489,386
st_R29_M89586_S1_4,metacontig,239,621,382
sa_R29_M194_S1_1,metacontig,175,497,322
st_R29_M269740_S1_2,metacontig,166,484,318
st_R29_M174936_S1_6,metacontig,208,541,333
st_R29_M41813_S1_2,metacontig,15,322,307
st_R29_M348239_S1_2,metacontig,146,557,411
st_R29_M200423_S1_1,metacontig,202,600,398
st_R29_M269747_S1_3,metacontig,65,419,354
st_R29_M111994_S1_3,metacontig,204,599,395
sa_R29_M893_S1_1,metacontig,257,480,223
st_R29_M102555_S1_2,metacontig,201,509,308
ma_R29_M6668_S1_1,metacontig,2,314,312
st_R29_M185273_S1_1,metacontig,337,638,301
st_R29_M348438_S1_1,metacontig,157,494,337
st_R29_M137782_S1_10,metacontig,229,709,480
st_R29_M165752_S1_4,metacontig,204,531,327
st_R29_M336307_S1_4,metacontig,222,526,304
st_R29_M409368_S1_1,metacontig,31,364,333
st_R29_M297085_S1_2,metacontig,200,525,325
st_R29_M211674_S1_3,metacontig,352,666,314
st_R29_M221746_S1_2,metacontig,281,740,459
ma_R29_M1242_S1_6,metacontig,182,528,346
st_R29_M102571_S1_1,metacontig,193,445,252
st_R29_M320832_S1_1,metacontig,356,819,463
st_R29_M308560_S1_3,metacontig,223,732,509
st_R29_M129833_S1_4,metacontig,200,489,289
st_R29_M426587_S1_3,metacontig,296,768,472
st_R29_M257730_S1_1,metacontig,160,443,283
fu_R29_M4017_S1_4,metacontig,81,473,392
st_R29_M111417_S1_2,metacontig,246,515,269
st_R29_M165745_S1_7,metacontig,150,471,321
st_R29_M229020_S1_1,metacontig,162,432,270
st_R29_M48015_S1_2,metacontig,221,564,343
st_R29_M348236_S1_1,metacontig,179,562,383
st_R29_M411425_S1_1,metacontig,211,596,385
fu_R29_M4017_S2_3,metacontig,103,492,389
st_R29_M446442_S1_6,metacontig,163,565,402
fu_R29_M1426_S1_7,metacontig,136,617,481
st_R29_M423008_S1_1,metacontig,166,476,310
fu_R29_M5389_S1_2,metacontig,188,500,312
st_R29_M398829_S1_1,metacontig,109,379,270
st_R29_M153645_S1_6,metacontig,87,313,226
st_R29_M4732_S1_2,metacontig,211,539,328
st_R29_M140732_S1_4,metacontig,114,410,296
st_R29_M190620_S1_4,metacontig,226,512,286
st_R29_M48030_S1_2,metacontig,196,489,293
st_R29_M52929_S1_2,metacontig,206,485,279
st_R29_M166678_S1_2,metacontig,129,460,331
st_R29_M229011_S1_1,metacontig,14,307,293
st_R29_M355148_S1_1,metacontig,193,468,275
st_R29_M414922_S1_2,metacontig,133,475,342
mm_R29_M2090_S1_3,metacontig,228,795,567
st_R29_M269749_S1_1,metacontig,146,580,434
sa_R29_M2687_S1_8,metacontig,144,506,362
st_R29_M200456_S1_2,metacontig,203,461,258
st_R29_M173618_S1_5,metacontig,313,574,261
st_R29_M277027_S1_3,metacontig,156,592,436
st_R29_M281473_S1_1,metacontig,11,429,418
st_R29_M293456_S1_3,metacontig,152,549,397
st_R29_M122668_S1_4,metacontig,115,458,343
st_R29_M89482_S1_1,metacontig,132,595,463
st_R29_M102579_S1_6,metacontig,21,292,271
st_R29_M449423_S1_5,metacontig,131,561,430
st_R29_M174930_S1_6,metacontig,141,539,398
st_R29_M422908_S1_1,metacontig,7,299,292
fu_R29_M2799_S1_2,metacontig,221,472,251
st_R29_M441718_S1_2,metacontig,74,341,267
st_R29_M336274_S1_3,metacontig,113,481,368
st_R29_M40010_S1_6,metacontig,18,371,353
st_R29_M407512_S1_3,metacontig,131,555,424
fu_R29_M2779_S1_2,metacontig,85,357,272
sa_R29_M830_S1_1,metacontig,14,264,250
st_R29_M348413_S1_5,metacontig,141,511,370
st_R29_M204754_S1_2,metacontig,37,506,469
ma_R29_M3747_S1_3,metacontig,202,507,305
sa_R29_M205_S1_4,metacontig,321,637,316
mm_R29_M2559_S1_1,metacontig,70,416,346
st_R29_M166616_S1_3,metacontig,27,327,300
st_R29_M398779_S1_5,metacontig,241,631,390
LC553709_2,metacontig,187,482,295
st_R29_M260262_S1_6,metacontig,119,435,316
st_R29_M117768_S1_1,metacontig,348,646,298
st_R29_M156633_S1_4,metacontig,198,604,406
st_R29_M89682_S1_5,metacontig,185,508,323
st_R29_M101887_S1_5,metacontig,161,500,339
st_R29_M353673_S1_1,metacontig,37,265,228
st_R29_M164707_S1_3,metacontig,100,560,460
sa_R29_M814_S1_2,metacontig,131,407,276
sa_R29_M2957_S1_3,metacontig,99,528,429
ma_R29_M2164_S1_5,metacontig,209,569,360
st_R29_M389205_S1_3,metacontig,147,455,308
ma_R29_M770_S1_3,metacontig,205,620,415
st_R29_M123058_S1_2,metacontig,68,433,365
st_R29_M123052_S1_6,metacontig,199,512,313
st_R29_M348238_S1_1,metacontig,54,611,557
ma_R29_M1709_S1_1,metacontig,230,624,394
st_R29_M412484_S1_1,metacontig,200,540,340
st_R29_M43867_S1_2,metacontig,182,482,300
st_R29_M122747_S1_3,metacontig,119,519,400
st_R29_M423087_S1_2,metacontig,127,462,335
st_R29_M129842_S1_2,metacontig,182,590,408
fu_R29_M3418_S1_1,metacontig,206,493,287
st_R29_M351726_S1_1,metacontig,208,460,252
fu_R29_M6058_S1_6,metacontig,193,451,258
st_R29_M171311_S1_1,metacontig,31,293,262
fu_R29_M2235_S1_1,metacontig,136,428,292
st_R29_M96541_S1_4,metacontig,360,681,321
st_R29_M359834_S1_2,metacontig,191,506,315
st_R29_M141025_S1_6,metacontig,165,541,376
st_R29_M161608_S1_2,metacontig,51,285,234
st_R29_M102577_S1_2,metacontig,193,427,234
st_R29_M348243_S1_2,metacontig,193,562,369
st_R29_M430118_S1_2,metacontig,51,452,401
st_R29_M40695_S1_1,metacontig,17,261,244
fu_R29_M1407_S1_4,metacontig,158,577,419
st_R29_M182086_S1_1,metacontig,52,344,292
st_R29_M348250_S1_1,metacontig,188,486,298
st_R29_M422898_S1_4,metacontig,201,459,258
fu_R29_M1968_S1_3,metacontig,207,538,331
st_R29_M351653_S1_1,metacontig,201,508,307
st_R29_M30738_S1_2,metacontig,228,494,266
st_R29_M317162_S1_1,metacontig,135,353,218
st_R29_M92308_S1_4,metacontig,325,610,285
st_R29_M209948_S1_2,metacontig,12,225,213
st_R29_M389293_S1_4,metacontig,159,513,354
st_R29_M123027_S1_4,metacontig,199,536,337
st_R29_M48002_S1_7,metacontig,156,557,401
st_R29_M389295_S1_1,metacontig,134,418,284
sa_R29_M1157_S1_2,metacontig,2,293,291
st_R29_M390582_S1_1,metacontig,47,343,296
st_R29_M339832_S1_1,metacontig,499,793,294
st_R29_M422955_S1_2,metacontig,182,501,319
st_R29_M48052_S1_1,metacontig,42,321,279
LC553687_1,metacontig,191,540,349
ma_R29_M5001_S1_1,metacontig,192,517,325
st_R29_M269735_S1_3,metacontig,131,524,393
st_R29_M72292_S1_3,metacontig,295,629,334
st_R29_M269710_S1_1,metacontig,203,450,247
st_R29_M321018_S1_4,metacontig,117,498,381
al_R29_M114_S1_4,metacontig,90,519,429
sa_R29_M440_S1_3,metacontig,123,481,358
st_R29_M132153_S1_2,metacontig,201,593,392
st_R29_M132146_S1_4,metacontig,190,632,442
st_R29_M360448_S1_4,metacontig,224,642,418
ma_R29_M5125_S1_4,metacontig,251,554,303
st_R29_M77266_S1_2,metacontig,109,419,310
sa_R29_M2801_S1_2,metacontig,27,257,230
fu_R29_M2387_S1_1,metacontig,202,471,269
st_R29_M121153_S1_1,metacontig,258,844,586
ma_R29_M559_S1_6,metacontig,172,488,316
st_R29_M122618_S1_1,metacontig,16,288,272
ma_R29_M1978_S1_3,metacontig,250,549,299
st_R29_M407517_S1_1,metacontig,199,449,250
sa_R29_M2482_S1_3,metacontig,142,412,270
st_R29_M248020_S1_1,metacontig,322,606,284
st_R29_M397410_S1_7,metacontig,163,458,295
st_R29_M41812_S1_2,metacontig,207,532,325
st_R29_M129836_S1_1,metacontig,127,595,468
st_R29_M449422_S1_2,metacontig,116,494,378
st_R29_M348254_S1_5,metacontig,115,527,412
ar_R29_M7839_S1_1,metacontig,324,643,319
ar_R29_M18685_S2_4,metacontig,98,524,426
sa_R29_M2184_S1_11,metacontig,512,825,313
st_R29_M38675_S1_4,metacontig,125,563,438
st_R29_M111996_S1_4,metacontig,112,481,369
st_R29_M281469_S1_1,metacontig,232,578,346
st_R29_M423078_S1_4,metacontig,212,540,328
st_R29_M140871_S1_2,metacontig,42,405,363
st_R29_M430125_S1_1,metacontig,42,352,310
fu_R29_M1977_S1_2,metacontig,75,349,274
st_R29_M342929_S1_1,metacontig,90,484,394
sa_R29_M813_S1_1,metacontig,28,369,341
st_R29_M351736_S2_3,metacontig,65,407,342
fu_R29_M3505_S1_4,metacontig,143,488,345
st_R29_M351708_S1_5,metacontig,106,425,319
st_R29_M38934_S1_3,metacontig,153,443,290
st_R29_M182030_S1_1,metacontig,48,336,288
st_R29_M273864_S1_1,metacontig,156,542,386
st_R29_M14815_S1_1,metacontig,178,493,315
fu_R29_M1769_S1_1,metacontig,372,765,393
st_R29_M38920_S1_3,metacontig,175,410,235
st_R29_M102553_S1_2,metacontig,120,466,346
ma_R29_M2588_S1_8,metacontig,189,548,359
fu_R29_M2005_S1_1,metacontig,136,375,239
st_R29_M348417_S1_4,metacontig,161,485,324
fu_R29_M2850_S1_1,metacontig,318,659,341
st_R29_M69380_S1_4,metacontig,105,493,388
st_R29_M314400_S1_2,metacontig,70,304,234
st_R29_M89581_S1_7,metacontig,202,497,295
st_R29_M43873_S1_2,metacontig,193,489,296
st_R29_M249746_S1_5,metacontig,112,500,388
fu_R29_M5190_S1_3,metacontig,197,496,299
ch_R29_M170_S1_3,metacontig,265,562,297
st_R29_M292532_S1_2,metacontig,226,611,385
st_R29_M269736_S1_2,metacontig,106,477,371
st_R29_M156634_S1_1,metacontig,186,619,433
st_R29_M441041_S1_1,metacontig,170,522,352
st_R29_M130680_S1_5,metacontig,127,561,434
st_R29_M181988_S1_1,metacontig,49,323,274
ch_R29_M218_S1_1,metacontig,232,604,372
st_R29_M294666_S1_3,metacontig,191,446,255
st_R29_M351736_S1_7,metacontig,138,530,392
fu_R29_M1321_S1_2,metacontig,214,500,286
st_R29_M30446_S1_1,metacontig,1,314,313
fu_R29_M5321_S1_1,metacontig,199,593,394
st_R29_M165749_S1_6,metacontig,218,603,385
ma_R29_M1510_S1_4,metacontig,219,645,426
st_R29_M41750_S1_2,metacontig,132,528,396
st_R29_M286747_S1_2,metacontig,32,249,217
st_R29_M166901_S1_1,metacontig,39,264,225
st_R29_M92021_S1_4,metacontig,506,768,262
st_R29_M162223_S1_2,metacontig,304,631,327
st_R29_M412495_S1_5,metacontig,127,646,519
st_R29_M174914_S1_1,metacontig,14,230,216
st_R29_M4739_S1_2,metacontig,52,361,309
st_R29_M259699_S1_7,metacontig,231,512,281
mm_R29_M4095_S1_3,metacontig,272,774,502
st_R29_M1480_S1_1,metacontig,217,509,292
fu_R29_M5882_S1_2,metacontig,178,560,382
st_R29_M336272_S1_7,metacontig,139,547,408
st_R29_M348252_S1_4,metacontig,188,487,299
st_R29_M359831_S1_2,metacontig,218,535,317
st_R29_M432267_S1_1,metacontig,195,467,272
st_R29_M398793_S1_1,metacontig,228,494,266
ma_R29_M4447_S1_3,metacontig,192,655,463
st_R29_M116099_S1_1,metacontig,316,735,419
st_R29_M430133_S1_3,metacontig,160,408,248
st_R29_M140862_S1_1,metacontig,2,302,300
st_R29_M153215_S1_3,metacontig,195,477,282
sa_R29_M2319_S1_3,metacontig,100,526,426
mm_R29_M1990_S1_1,metacontig,37,316,279
st_R29_M200438_S1_2,metacontig,177,510,333
st_R29_M35162_S1_5,metacontig,158,480,322
st_R29_M152437_S1_6,metacontig,175,553,378
st_R29_M442436_S1_2,metacontig,44,296,252
ma_R29_M5956_S1_2,metacontig,146,539,393
st_R29_M229018_S1_3,metacontig,88,364,276
st_R29_M69012_S1_3,metacontig,129,388,259
NC_040559_1,metacontig,345,857,512
st_R29_M426043_S1_1,metacontig,55,352,297
ma_R29_M5138_S1_9,metacontig,193,513,320
st_R29_M63051_S1_1,metacontig,179,460,281
st_R29_M220814_S1_1,metacontig,107,478,371
st_R29_M266862_S1_3,metacontig,107,442,335
al_R29_M833_S1_1,metacontig,286,604,318
st_R29_M269729_S1_4,metacontig,195,543,348
st_R29_M190636_S1_5,metacontig,377,862,485
ma_R29_M3617_S1_6,metacontig,166,507,341
st_R29_M30734_S1_5,metacontig,202,504,302
st_R29_M35167_S1_2,metacontig,156,480,324
fu_R29_M2628_S1_8,metacontig,112,449,337
st_R29_M288971_S1_1,metacontig,340,707,367
st_R29_M140617_S1_5,metacontig,2,241,239
st_R29_M266862_S2_4,metacontig,69,403,334
st_R29_M359726_S1_2,metacontig,68,368,300
ma_R29_M2188_S1_6,metacontig,218,575,357
st_R29_M101951_S1_1,metacontig,126,450,324
st_R29_M269713_S1_2,metacontig,60,312,252
st_R29_M283759_S1_6,metacontig,253,672,419
st_R29_M38994_S1_2,metacontig,133,437,304
MG256176_1,metacontig,486,754,268
st_R29_M430129_S1_1,metacontig,166,386,220
st_R29_M289530_S1_2,metacontig,173,526,353
sa_R29_M676_S1_1,metacontig,239,490,251
st_R29_M249750_S1_3,metacontig,26,388,362
st_R29_M227432_S1_4,metacontig,113,422,309
st_R29_M430260_S1_2,metacontig,189,406,217
mm_R29_M6808_S1_4,metacontig,228,795,567
st_R29_M165715_S1_8,metacontig,118,517,399
st_R29_M309537_S1_4,metacontig,114,528,414
st_R29_M61910_S1_6,metacontig,138,512,374
st_R29_M381590_S2_2,metacontig,59,265,206
am_R29_M277_S1_1,metacontig,136,361,225
st_R29_M34409_S1_4,metacontig,128,543,415
st_R29_M30427_S1_5,metacontig,246,613,367
st_R29_M359626_S1_1,metacontig,85,418,333
st_R29_M320801_S1_2,metacontig,202,554,352
st_R29_M403566_S1_1,metacontig,80,311,231
st_R29_M359813_S1_2,metacontig,62,300,238
st_R29_M111997_S1_4,metacontig,187,520,333
st_R29_M91970_S1_2,metacontig,60,393,333
st_R29_M140843_S1_4,metacontig,252,650,398
st_R29_M414924_S1_4,metacontig,225,579,354
ar_R29_M4521_S1_5,metacontig,255,769,514
st_R29_M10356_S1_4,metacontig,171,508,337
st_R29_M186912_S1_1,metacontig,148,431,283
fu_R29_M570_S1_2,metacontig,34,436,402
st_R29_M237743_S1_2,metacontig,332,636,304
st_R29_M448973_S1_2,metacontig,52,363,311
st_R29_M269709_S1_1,metacontig,28,248,220
st_R29_M269730_S1_3,metacontig,201,558,357
fu_R29_M4326_S1_1,metacontig,183,550,367
st_R29_M54420_S1_5,metacontig,137,564,427
st_R29_M190665_S1_2,metacontig,91,397,306
ar_R29_M27672_S1_2,metacontig,6,291,285
st_R29_M109639_S1_3,metacontig,119,566,447
st_R29_M220463_S3_1,metacontig,1,166,165
fu_R29_M1890_S1_4,metacontig,149,553,404
st_R29_M351652_S1_1,metacontig,160,532,372
fu_R29_M1811_S1_1,metacontig,136,424,288
st_R29_M200425_S1_5,metacontig,206,613,407
st_R29_M360103_S1_1,metacontig,80,306,226
st_R29_M61842_S1_3,metacontig,222,581,359
st_R29_M281484_S1_3,metacontig,55,312,257
st_R29_M293455_S1_2,metacontig,453,782,329
st_R29_M381590_S1_1,metacontig,225,431,206
st_R29_M309540_S1_1,metacontig,23,389,366
st_R29_M227431_S1_2,metacontig,200,516,316
fu_R29_M5937_S1_2,metacontig,411,779,368
mm_R29_M7462_S1_15,metacontig,3,224,221
st_R29_M30490_S1_4,metacontig,66,342,276
st_R29_M23679_S1_2,metacontig,247,542,295
st_R29_M61832_S1_1,metacontig,51,342,291
ma_R29_M1901_S1_3,metacontig,227,584,357
fu_R29_M5937_S3_8,metacontig,437,779,342
st_R29_M30450_S1_12,metacontig,190,493,303
st_R29_M238317_S1_3,metacontig,312,589,277
st_R29_M101892_S1_1,metacontig,19,268,249
st_R29_M289266_S1_2,metacontig,146,470,324
st_R29_M308423_S1_5,metacontig,193,502,309
st_R29_M294673_S1_3,metacontig,117,517,400
st_R29_M39649_S1_2,metacontig,294,531,237
st_R29_M91969_S1_3,metacontig,53,357,304
sa_R29_M2177_S1_2,metacontig,235,539,304
fu_R29_M711_S1_3,metacontig,95,483,388
st_R29_M414928_S1_3,metacontig,111,446,335
st_R29_M348247_S1_1,metacontig,159,521,362
st_R29_M409710_S1_3,metacontig,235,579,344
st_R29_M38990_S1_3,metacontig,239,525,286
fu_R29_M2237_S1_1,metacontig,2,176,174
st_R29_M439447_S1_1,metacontig,210,527,317
st_R29_M171330_S1_1,metacontig,200,568,368
st_R29_M448977_S1_2,metacontig,1,268,267
mm_R29_M4205_S1_2,metacontig,245,716,471
ma_R29_M420_S1_3,metacontig,160,490,330
st_R29_M41399_S1_1,metacontig,138,343,205
st_R29_M188974_S1_5,metacontig,125,488,363
st_R29_M73744_S1_4,metacontig,232,512,280
st_R29_M359841_S1_2,metacontig,78,356,278
fu_R29_M3483_S1_2,metacontig,232,570,338
fu_R29_M1664_S1_6,metacontig,371,743,372
st_R29_M200428_S1_2,metacontig,65,392,327
st_R29_M281616_S1_7,metacontig,227,528,301
st_R29_M269766_S1_1,metacontig,163,489,326
st_R29_M359835_S1_3,metacontig,174,518,344
st_R29_M10897_S1_3,metacontig,230,537,307
st_R29_M161900_S1_3,metacontig,203,481,278
st_R29_M409769_S1_1,metacontig,117,455,338
st_R29_M341375_S1_2,metacontig,1,237,236
st_R29_M91409_S1_1,metacontig,304,742,438
mm_R29_M3408_S1_2,metacontig,168,526,358
st_R29_M326278_S1_1,metacontig,90,469,379
ma_R29_M3130_S1_1,metacontig,5,265,260
st_R29_M351722_S1_5,metacontig,195,433,238
sa_R29_M367_S1_3,metacontig,295,624,329
st_R29_M63052_S1_1,metacontig,138,486,348
NC_004050_4,metacontig,229,755,526
st_R29_M276999_S1_6,metacontig,193,584,391
fu_R29_M2867_S1_1,metacontig,17,248,231
ar_R29_M11917_S1_1,metacontig,9,249,240
st_R29_M43894_S1_1,metacontig,7,355,348
st_R29_M289236_S1_2,metacontig,151,469,318
st_R29_M140844_S1_4,metacontig,218,539,321
st_R29_M436968_S1_1,metacontig,121,520,399
sa_R29_M1277_S1_2,metacontig,240,488,248
st_R29_M101946_S1_2,metacontig,199,515,316
st_R29_M348244_S1_11,metacontig,129,448,319
st_R29_M109508_S1_1,metacontig,7,355,348
fu_R29_M6084_S1_6,metacontig,215,588,373
st_R29_M155614_S1_1,metacontig,313,803,490
fu_R29_M5848_S1_6,metacontig,186,619,433
st_R29_M122669_S1_4,metacontig,277,586,309
st_R29_M63049_S1_2,metacontig,112,506,394
st_R29_M140841_S1_2,metacontig,169,574,405
st_R29_M140845_S1_3,metacontig,192,510,318
sa_R29_M1044_S1_2,metacontig,305,592,287
st_R29_M237757_S1_2,metacontig,179,499,320
st_R29_M239890_S1_1,metacontig,253,746,493
st_R29_M448998_S1_8,metacontig,146,605,459
st_R29_M174672_S1_3,metacontig,153,348,195
st_R29_M422897_S1_3,metacontig,8,310,302
st_R29_M199962_S1_1,metacontig,86,355,269
ar_R29_M34308_S1_2,metacontig,180,637,457
st_R29_M78740_S1_5,metacontig,307,751,444
st_R29_M74821_S1_1,metacontig,315,642,327
ar_R29_M33966_S1_5,metacontig,308,668,360
st_R29_M149489_S1_4,metacontig,251,637,386
st_R29_M48005_S1_2,metacontig,179,468,289
sa_R29_M2868_S1_4,metacontig,174,433,259
fu_R29_M4214_S1_3,metacontig,134,474,340
fu_R29_M1521_S1_2,metacontig,211,515,304
st_R29_M398830_S1_1,metacontig,121,351,230
fu_R29_M1878_S1_1,metacontig,155,517,362
st_R29_M197213_S3_2,metacontig,24,189,165
st_R29_M374911_S1_3,metacontig,202,508,306
st_R29_M35419_S1_1,metacontig,291,667,376
st_R29_M109641_S1_2,metacontig,107,442,335
st_R29_M288972_S1_2,metacontig,176,574,398
st_R29_M197728_S1_5,metacontig,129,609,480
st_R29_M121768_S1_1,metacontig,1,293,292
st_R29_M351656_S1_3,metacontig,109,436,327
st_R29_M388845_S1_1,metacontig,1,264,263
st_R29_M61894_S1_1,metacontig,2,325,323
st_R29_M405892_S1_1,metacontig,14,268,254
ma_R29_M2119_S1_2,metacontig,252,531,279
st_R29_M437510_S1_2,metacontig,196,418,222
st_R29_M171314_S2_6,metacontig,299,665,366
st_R29_M174596_S1_1,metacontig,229,515,286
st_R29_M27791_S1_1,metacontig,236,414,178
st_R29_M33734_S2_5,metacontig,180,468,288
st_R29_M362399_S1_3,metacontig,52,373,321
st_R29_M212429_S1_1,metacontig,7,218,211
ma_R29_M1710_S1_7,metacontig,208,497,289
st_R29_M38943_S1_1,metacontig,124,367,243
st_R29_M190634_S1_2,metacontig,222,746,524
ma_R29_M6740_S1_1,metacontig,48,378,330
LC553692_1,metacontig,194,571,377
fu_R29_M5937_S10_4,metacontig,411,741,330
st_R29_M354933_S1_4,metacontig,117,450,333
st_R29_M348439_S1_2,metacontig,178,520,342
st_R29_M270177_S1_1,metacontig,161,479,318
fu_R29_M758_S125_1,metacontig,19,277,258
st_R29_M260260_S1_2,metacontig,98,590,492
st_R29_M151550_S1_3,metacontig,112,433,321
ma_R29_M1769_S1_2,metacontig,266,625,359
ma_R29_M1639_S1_5,metacontig,138,569,431
st_R29_M271636_S1_1,metacontig,232,550,318
st_R29_M82559_S1_2,metacontig,18,283,265
fu_R29_M1641_S1_2,metacontig,137,492,355
fu_R29_M3591_S1_2,metacontig,22,238,216
st_R29_M409760_S1_5,metacontig,141,436,295
st_R29_M89683_S1_5,metacontig,122,456,334
st_R29_M141057_S1_3,metacontig,173,494,321
fu_R29_M758_S17_2,metacontig,101,391,290
st_R29_M426044_S1_1,metacontig,90,407,317
st_R29_M102557_S1_1,metacontig,115,535,420
st_R29_M151552_S1_7,metacontig,210,562,352
st_R29_M35180_S1_2,metacontig,175,478,303
st_R29_M264730_S1_1,metacontig,200,388,188
st_R29_M405019_S1_2,metacontig,217,425,208
st_R29_M289343_S1_2,metacontig,166,491,325
st_R29_M35796_S1_4,metacontig,56,341,285
st_R29_M171160_S1_8,metacontig,153,493,340
ma_R29_M5599_S1_3,metacontig,269,577,308
st_R29_M101956_S1_1,metacontig,22,272,250
st_R29_M269904_S1_3,metacontig,182,436,254
st_R29_M447766_S1_2,metacontig,280,447,167
st_R29_M58280_S1_2,metacontig,203,504,301
st_R29_M41459_S1_4,metacontig,46,370,324
st_R29_M231313_S1_5,metacontig,185,532,347
st_R29_M140864_S1_3,metacontig,4,239,235
st_R29_M165750_S1_4,metacontig,217,586,369
st_R29_M414923_S1_1,metacontig,201,608,407
st_R29_M409768_S1_2,metacontig,53,331,278
st_R29_M321002_S1_6,metacontig,140,517,377
st_R29_M80986_S1_1,metacontig,1,203,202
st_R29_M33734_S1_2,metacontig,180,476,296
st_R29_M81031_S1_7,metacontig,372,739,367
ar_R29_M30960_S1_1,metacontig,226,691,465
fu_R29_M906_S2_3,metacontig,46,402,356
fu_R29_M758_S58_1,metacontig,12,212,200
st_R29_M414919_S1_2,metacontig,151,636,485
st_R29_M249751_S1_1,metacontig,193,492,299
st_R29_M389315_S1_4,metacontig,190,451,261
st_R29_M332661_S1_7,metacontig,125,450,325
ar_R29_M6365_S1_3,metacontig,209,729,520
ar_R29_M8016_S1_2,metacontig,153,367,214
st_R29_M89585_S1_5,metacontig,134,570,436
fu_R29_M4230_S1_3,metacontig,195,517,322
MN648455_2,metacontig,244,590,346
st_R29_M111782_S1_2,metacontig,220,435,215
st_R29_M81032_S1_1,metacontig,158,557,399
fu_R29_M2973_S1_1,metacontig,24,343,319
st_R29_M101894_S1_3,metacontig,118,437,319
st_R29_M118507_S1_7,metacontig,213,510,297
st_R29_M208958_S1_2,metacontig,197,533,336
sa_R29_M2237_S1_1,metacontig,230,582,352
st_R29_M34693_S1_1,metacontig,300,782,482
ar_R29_M35385_S1_12,metacontig,254,745,491
st_R29_M269727_S1_1,metacontig,140,488,348
st_R29_M132161_S1_3,metacontig,8,285,277
fu_R29_M758_S84_2,metacontig,133,334,201
st_R29_M38670_S1_6,metacontig,200,418,218
fu_R29_M758_S68_2,metacontig,134,334,200
fu_R29_M4264_S1_3,metacontig,63,446,383
fu_R29_M6038_S2_3,metacontig,173,585,412
sa_R29_M2625_S1_1,metacontig,243,474,231
st_R29_M436976_S1_2,metacontig,102,530,428
ma_R29_M5129_S1_2,metacontig,208,571,363
st_R29_M400980_S1_8,metacontig,401,731,330
ar_R29_M9992_S1_2,metacontig,11,412,401
st_R29_M270170_S1_1,metacontig,215,494,279
st_R29_M116033_S1_3,metacontig,179,621,442
st_R29_M409713_S1_1,metacontig,226,516,290
fu_R29_M5937_S5_6,metacontig,428,770,342
st_R29_M10902_S1_1,metacontig,190,562,372
st_R29_M35304_S1_1,metacontig,81,298,217
st_R29_M74861_S1_3,metacontig,11,284,273
st_R29_M151548_S1_2,metacontig,122,447,325
st_R29_M171156_S1_1,metacontig,192,608,416
ma_R29_M827_S1_4,metacontig,267,525,258
st_R29_M260250_S1_5,metacontig,196,467,271
st_R29_M149492_S1_1,metacontig,4,188,184
ma_R29_M2999_S1_4,metacontig,257,512,255
ma_R29_M6260_S1_7,metacontig,308,647,339
st_R29_M249755_S1_2,metacontig,144,402,258
st_R29_M348455_S1_1,metacontig,133,369,236
sa_R29_M3192_S1_6,metacontig,20,329,309
sa_R29_M2624_S1_5,metacontig,125,430,305
st_R29_M30433_S1_3,metacontig,337,754,417
fu_R29_M758_S122_3,metacontig,38,263,225
fu_R29_M758_S60_3,metacontig,65,350,285
fu_R29_M758_S6_3,metacontig,65,350,285
st_R29_M368363_S1_5,metacontig,176,558,382
st_R29_M177840_S1_1,metacontig,74,249,175
st_R29_M69587_S1_5,metacontig,104,543,439
st_R29_M41892_S1_2,metacontig,630,925,295
mm_R29_M2617_S1_1,metacontig,99,483,384
st_R29_M102587_S1_2,metacontig,181,475,294
st_R29_M437553_S1_2,metacontig,7,327,320
st_R29_M249775_S1_4,metacontig,125,405,280
st_R29_M38679_S1_3,metacontig,118,447,329
st_R29_M359805_S1_7,metacontig,194,571,377
st_R29_M220816_S1_1,metacontig,444,604,160
ma_R29_M2190_S1_2,metacontig,60,437,377
st_R29_M355149_S1_2,metacontig,128,344,216
st_R29_M190654_S1_1,metacontig,199,563,364
st_R29_M277171_S1_1,metacontig,249,681,432
st_R29_M129309_S1_2,metacontig,362,768,406
ar_R29_M31295_S1_7,metacontig,200,700,500
st_R29_M359722_S1_5,metacontig,286,675,389
st_R29_M127433_S17_3,metacontig,46,232,186
st_R29_M38663_S1_6,metacontig,158,533,375
st_R29_M171329_S1_4,metacontig,210,619,409
ar_R29_M14817_S1_1,metacontig,358,757,399
fu_R29_M758_S126_1,metacontig,29,254,225
fu_R29_M2054_S1_4,metacontig,92,396,304
st_R29_M408936_S1_2,metacontig,134,322,188
fu_R29_M3535_S1_5,metacontig,177,642,465
st_R29_M171344_S1_2,metacontig,30,319,289
st_R29_M190635_S1_2,metacontig,330,752,422
st_R29_M308430_S1_1,metacontig,178,526,348
st_R29_M132145_S1_5,metacontig,254,667,413
st_R29_M30736_S1_1,metacontig,208,553,345
st_R29_M397414_S1_3,metacontig,208,518,310
st_R29_M110826_S1_2,metacontig,36,310,274
sa_R29_M84_S2_1,metacontig,89,357,268
mm_R29_M6198_S1_1,metacontig,22,340,318
st_R29_M424961_S1_4,metacontig,257,605,348
ma_R29_M2118_S1_6,metacontig,246,563,317
st_R29_M41747_S1_4,metacontig,184,516,332
fu_R29_M758_S99_1,metacontig,29,242,213
st_R29_M35159_S1_6,metacontig,74,448,374
st_R29_M288970_S1_1,metacontig,8,264,256
ma_R29_M2023_S1_1,metacontig,222,472,250
st_R29_M132387_S1_2,metacontig,64,381,317
al_R29_M510_S1_8,metacontig,226,577,351
st_R29_M48036_S1_1,metacontig,187,384,197
fu_R29_M5829_S1_3,metacontig,197,488,291
st_R29_M35194_S1_4,metacontig,101,420,319
fu_R29_M4653_S1_1,metacontig,192,399,207
st_R29_M407519_S1_3,metacontig,12,286,274
st_R29_M35160_S1_7,metacontig,188,521,333
st_R29_M351735_S1_2,metacontig,125,536,411
fu_R29_M711_S4_4,metacontig,235,496,261
st_R29_M200452_S1_1,metacontig,213,494,281
st_R29_M407515_S1_2,metacontig,19,252,233
fu_R29_M3544_S1_4,metacontig,382,762,380
st_R29_M269753_S1_5,metacontig,135,538,403
st_R29_M186642_S1_1,metacontig,15,180,165
st_R29_M314398_S1_1,metacontig,171,506,335
st_R29_M237745_S1_1,metacontig,87,409,322
st_R29_M161911_S1_1,metacontig,159,507,348
st_R29_M60286_S1_2,metacontig,417,772,355
st_R29_M375554_S1_3,metacontig,306,716,410
mm_R29_M3261_S1_2,metacontig,61,461,400
fu_R29_M1102_S1_1,metacontig,180,458,278
st_R29_M140964_S1_2,metacontig,194,608,414
ar_R29_M19888_S1_3,metacontig,213,771,558
st_R29_M171157_S1_3,metacontig,137,616,479
st_R29_M423090_S1_2,metacontig,54,320,266
st_R29_M63053_S1_3,metacontig,280,706,426
st_R29_M129131_S1_2,metacontig,49,287,238
fu_R29_M758_S93_2,metacontig,123,340,217
sa_R29_M1670_S1_7,metacontig,178,598,420
st_R29_M195872_S1_4,metacontig,136,485,349
st_R29_M173668_S1_1,metacontig,78,421,343
ma_R29_M1258_S1_5,metacontig,178,607,429
st_R29_M397409_S1_1,metacontig,235,571,336
fi_R29_M130_S1_2,metacontig,243,741,498
st_R29_M412497_S1_5,metacontig,180,473,293
st_R29_M133573_S1_8,metacontig,245,554,309
st_R29_M430124_S1_4,metacontig,158,415,257
st_R29_M237715_S1_4,metacontig,230,501,271
ma_R29_M5834_S1_4,metacontig,165,522,357
st_R29_M25752_S1_2,metacontig,4,288,284
st_R29_M141056_S1_2,metacontig,29,349,320
ar_R29_M34914_S1_2,metacontig,1,264,263
st_R29_M200464_S1_2,metacontig,20,283,263
st_R29_M268513_S1_1,metacontig,235,597,362
sa_R29_M1048_S1_1,metacontig,161,451,290
fu_R29_M5534_S1_2,metacontig,9,165,156
ch_R29_M66_S1_6,metacontig,219,561,342
st_R29_M229007_S1_3,metacontig,65,281,216
ex_R29_M115_S1_2,metacontig,150,614,464
st_R29_M190648_S1_10,metacontig,144,553,409
st_R29_M92009_S1_4,metacontig,90,552,462
st_R29_M426588_S1_8,metacontig,232,540,308
st_R29_M412487_S1_6,metacontig,9,201,192
st_R29_M92313_S1_1,metacontig,172,392,220
st_R29_M200455_S1_3,metacontig,139,373,234
st_R29_M41798_S1_4,metacontig,218,674,456
ma_R29_M1532_S1_5,metacontig,152,513,361
st_R29_M414925_S1_5,metacontig,150,556,406
st_R29_M269732_S1_2,metacontig,309,659,350
st_R29_M426215_S1_1,metacontig,23,320,297
st_R29_M140974_S1_1,metacontig,63,317,254
fu_R29_M5521_S1_1,metacontig,174,480,306
st_R29_M40858_S1_7,metacontig,330,692,362
st_R29_M40858_S2_9,metacontig,327,679,352
fu_R29_M6038_S1_5,metacontig,148,447,299
st_R29_M174939_S1_2,metacontig,2,240,238
ma_R29_M3850_S1_1,metacontig,214,511,297
st_R29_M25757_S1_1,metacontig,195,720,525
ma_R29_M435_S1_1,metacontig,233,548,315
al_R29_M922_S1_7,metacontig,234,761,527
st_R29_M324585_S1_1,metacontig,97,331,234
st_R29_M37815_S1_3,metacontig,253,567,314
ma_R29_M3434_S1_2,metacontig,179,498,319
fu_R29_M5944_S1_2,metacontig,112,594,482
st_R29_M76421_S1_2,metacontig,1,224,223
st_R29_M35258_S1_1,metacontig,43,365,322
st_R29_M424964_S1_1,metacontig,210,591,381
st_R29_M409714_S1_2,metacontig,363,697,334
st_R29_M122775_S1_2,metacontig,14,344,330
st_R29_M211946_S1_2,metacontig,77,453,376
st_R29_M35182_S1_5,metacontig,241,610,369
fu_R29_M3639_S1_2,metacontig,95,487,392
ar_R29_M16456_S1_1,metacontig,10,383,373
st_R29_M190633_S1_1,metacontig,253,740,487
fu_R29_M2194_S1_2,metacontig,238,653,415
fu_R29_M4365_S1_1,metacontig,194,578,384
st_R29_M412332_S1_3,metacontig,291,697,406
st_R29_M407721_S1_4,metacontig,52,374,322
sa_R29_M573_S1_1,metacontig,222,476,254
st_R29_M132386_S1_4,metacontig,99,408,309
st_R29_M140808_S1_4,metacontig,22,250,228
st_R29_M172184_S1_2,metacontig,7,252,245
mm_R29_M6605_S1_7,metacontig,267,739,472
ch_R29_M68_S1_4,metacontig,366,748,382
st_R29_M260249_S1_4,metacontig,180,597,417
sa_R29_M886_S1_5,metacontig,187,541,354
st_R29_M129840_S1_6,metacontig,191,490,299
st_R29_M89559_S1_4,metacontig,233,506,273
fu_R29_M5288_S1_2,metacontig,6,233,227
st_R29_M424962_S1_1,metacontig,221,524,303
fu_R29_M2396_S1_1,metacontig,236,635,399
fu_R29_M2423_S1_1,metacontig,418,878,460
st_R29_M165712_S1_5,metacontig,210,433,223
fu_R29_M4020_S2_15,metacontig,186,487,301
ma_R29_M5498_S1_3,metacontig,208,476,268
MK984721_2,metacontig,242,757,515
mm_R29_M2310_S1_2,metacontig,252,601,349
st_R29_M34295_S1_3,metacontig,5,313,308
st_R29_M43303_S1_4,metacontig,139,447,308
fu_R29_M907_S51_3,metacontig,233,697,464
st_R29_M38671_S1_1,metacontig,195,493,298
st_R29_M348432_S1_1,metacontig,222,601,379
sa_R29_M2224_S1_3,metacontig,62,391,329
ar_R29_M2540_S1_4,metacontig,248,549,301
fu_R29_M4516_S1_1,metacontig,87,424,337
st_R29_M407520_S1_2,metacontig,74,381,307
st_R29_M430123_S1_1,metacontig,122,419,297
st_R29_M69382_S1_2,metacontig,167,417,250
st_R29_M184671_S1_5,metacontig,108,394,286
st_R29_M249769_S1_3,metacontig,72,354,282
st_R29_M289243_S1_8,metacontig,209,573,364
sa_R29_M2080_S1_5,metacontig,233,561,328
sa_R29_M1423_S1_1,metacontig,115,472,357
st_R29_M240529_S1_8,metacontig,289,807,518
st_R29_M133568_S1_5,metacontig,154,543,389
ar_R29_M23970_S1_5,metacontig,15,356,341
sa_R29_M2249_S1_2,metacontig,201,516,315
ar_R29_M30354_S1_4,metacontig,10,443,433
ma_R29_M6167_S1_1,metacontig,189,532,343
st_R29_M281476_S1_2,metacontig,134,490,356
st_R29_M140850_S1_1,metacontig,276,598,322
fu_R29_M5935_S1_3,metacontig,193,453,260
st_R29_M140867_S1_2,metacontig,194,431,237
st_R29_M294665_S1_2,metacontig,215,506,291
fu_R29_M1778_S1_2,metacontig,17,249,232
st_R29_M33733_S1_4,metacontig,210,429,219
st_R29_M414918_S1_1,metacontig,349,676,327
st_R29_M69387_S1_3,metacontig,104,363,259
al_R29_M372_S1_2,metacontig,268,634,366
st_R29_M188780_S1_2,metacontig,82,241,159
ma_R29_M5466_S1_1,metacontig,228,524,296
st_R29_M409708_S1_2,metacontig,6,145,139
st_R29_M60281_S1_1,metacontig,292,682,390
st_R29_M239786_S1_1,metacontig,140,387,247
st_R29_M351627_S1_4,metacontig,212,507,295
sa_R29_M3317_S1_2,metacontig,224,546,322
st_R29_M292495_S1_1,metacontig,177,374,197
st_R29_M37774_S1_4,metacontig,68,289,221
ch_R29_M332_S1_1,metacontig,268,664,396
sa_R29_M2283_S1_2,metacontig,246,566,320
MK628543_3,metacontig,289,819,530
st_R29_M313_S1_1,metacontig,201,677,476
sa_R29_M2222_S1_2,metacontig,68,424,356
mm_R29_M2877_S1_8,metacontig,486,1050,564
sa_R29_M1297_S1_4,metacontig,24,269,245
sa_R29_M1484_S1_1,metacontig,297,560,263
st_R29_M360387_S1_4,metacontig,214,501,287
st_R29_M25751_S1_2,metacontig,87,362,275
fu_R29_M3973_S1_3,metacontig,143,602,459
mm_R29_M898_S1_4,metacontig,163,530,367
ma_R29_M3315_S1_3,metacontig,271,543,272
ar_R29_M9683_S1_4,metacontig,1,323,322
st_R29_M348265_S1_1,metacontig,57,294,237
fu_R29_M2423_S2_3,metacontig,16,354,338
st_R29_M140851_S1_2,metacontig,185,543,358
sa_R29_M548_S1_2,metacontig,27,318,291
fu_R29_M3060_S1_2,metacontig,345,676,331
ma_R29_M6105_S1_5,metacontig,218,446,228
MK279483_2,metacontig,27,174,147
mm_R29_M1259_S1_1,metacontig,231,486,255
st_R29_M200453_S1_9,metacontig,197,614,417
sa_R29_M2008_S1_1,metacontig,112,387,275
fu_R29_M2489_S1_5,metacontig,202,496,294
fu_R29_M1552_S1_1,metacontig,144,575,431
st_R29_M41894_S1_2,metacontig,34,183,149
ar_R29_M36520_S1_1,metacontig,511,931,420
MT706022_1,metacontig,112,500,388
st_R29_M288994_S1_6,metacontig,205,460,255
ar_R29_M14922_S1_1,metacontig,125,610,485
st_R29_M410316_S1_3,metacontig,177,378,201
st_R29_M414915_S1_1,metacontig,148,556,408
st_R29_M348248_S1_2,metacontig,223,574,351
st_R29_M116183_S1_1,metacontig,282,642,360
fu_R29_M5927_S1_4,metacontig,33,302,269
mm_R29_M7601_S1_3,metacontig,194,464,270
st_R29_M380962_S1_8,metacontig,198,533,335
st_R29_M320836_S1_3,metacontig,17,286,269
st_R29_M308429_S1_1,metacontig,288,563,275
st_R29_M423111_S1_1,metacontig,129,425,296
st_R29_M88353_S1_2,metacontig,184,385,201
st_R29_M174592_S1_1,metacontig,310,666,356
st_R29_M326206_S1_4,metacontig,176,498,322
ma_R29_M3026_S1_4,metacontig,144,579,435
st_R29_M222338_S1_1,metacontig,16,237,221
st_R29_M53326_S1_5,metacontig,315,598,283
st_R29_M423469_S1_1,metacontig,182,493,311
st_R29_M97007_S1_4,metacontig,359,674,315
st_R29_M140737_S1_2,metacontig,118,568,450
st_R29_M137786_S1_1,metacontig,358,747,389
mm_R29_M2626_S1_2,metacontig,64,301,237
ar_R29_M31130_S1_1,metacontig,242,633,391
sa_R29_M3088_S1_1,metacontig,298,561,263
ar_R29_M6676_S1_2,metacontig,167,616,449
st_R29_M41468_S1_4,metacontig,164,463,299
st_R29_M320833_S1_6,metacontig,196,536,340
st_R29_M122945_S1_1,metacontig,459,1012,553
st_R29_M289553_S1_2,metacontig,176,587,411
st_R29_M423091_S1_1,metacontig,99,313,214
ma_R29_M458_S1_1,metacontig,244,526,282
fu_R29_M6040_S1_2,metacontig,200,455,255
ar_R29_M21437_S1_4,metacontig,174,611,437
ma_R29_M4125_S1_2,metacontig,237,471,234
st_R29_M125650_S1_3,metacontig,9,330,321
sa_R29_M788_S1_1,metacontig,127,607,480
KF298284_3,metacontig,248,834,586
st_R29_M111992_S1_6,metacontig,145,519,374
st_R29_M174187_S1_1,metacontig,7,213,206
ma_R29_M5354_S1_1,metacontig,183,511,328
st_R29_M423025_S1_2,metacontig,2,210,208
sa_R29_M1380_S1_1,metacontig,180,551,371
KF298275_3,metacontig,244,788,544
MK507958_2,metacontig,224,498,274
st_R29_M423086_S1_1,metacontig,201,415,214
st_R29_M200062_S1_1,metacontig,188,556,368
fu_R29_M3986_S1_9,metacontig,218,501,283
st_R29_M102575_S1_4,metacontig,199,466,267
fu_R29_M2753_S1_3,metacontig,424,698,274
st_R29_M409752_S1_10,metacontig,208,549,341
fi_R29_M1834_S1_1,metacontig,195,394,199
st_R29_M260261_S1_6,metacontig,209,608,399
NC_004051_2,metacontig,189,636,447
st_R29_M133490_S1_3,metacontig,132,451,319
st_R29_M331358_S1_5,metacontig,216,446,230
st_R29_M37775_S1_5,metacontig,183,477,294
fu_R29_M758_S86_5,metacontig,86,488,402
fu_R29_M1361_S2_2,metacontig,51,450,399
st_R29_M41794_S1_1,metacontig,14,265,251
ma_R29_M3683_S1_6,metacontig,151,470,319
fu_R29_M2605_S1_2,metacontig,206,433,227
fu_R29_M758_S23_3,metacontig,100,502,402
st_R29_M263183_S1_2,metacontig,308,614,306
st_R29_M140856_S1_3,metacontig,87,360,273
st_R29_M423096_S1_1,metacontig,8,339,331
st_R29_M152455_S1_3,metacontig,55,421,366
ma_R29_M1766_S1_4,metacontig,76,516,440
st_R29_M173666_S1_2,metacontig,261,676,415
fu_R29_M1670_S1_9,metacontig,150,541,391
MF176278_8,metacontig,240,762,522
sa_R29_M2925_S1_5,metacontig,292,568,276
st_R29_M102220_S1_1,metacontig,2,273,271
st_R29_M359836_S1_4,metacontig,192,472,280
st_R29_M171792_S1_1,metacontig,191,661,470
st_R29_M190652_S1_3,metacontig,168,507,339
ma_R29_M1553_S1_1,metacontig,49,456,407
st_R29_M153218_S1_2,metacontig,202,517,315
st_R29_M34553_S1_1,metacontig,84,390,306
st_R29_M69356_S1_2,metacontig,210,451,241
st_R29_M416598_S1_4,metacontig,197,503,306
fu_R29_M555_S1_1,metacontig,65,411,346
st_R29_M74641_S1_2,metacontig,288,583,295
st_R29_M122922_S1_2,metacontig,316,620,304
st_R29_M10221_S1_3,metacontig,75,298,223
st_R29_M351724_S1_2,metacontig,203,433,230
st_R29_M359833_S1_4,metacontig,139,541,402
st_R29_M35336_S1_3,metacontig,42,381,339
ma_R29_M4261_S1_4,metacontig,288,575,287
st_R29_M306933_S1_3,metacontig,216,523,307
mm_R29_M3233_S1_1,metacontig,64,296,232
st_R29_M266859_S1_2,metacontig,102,542,440
st_R29_M423082_S1_2,metacontig,207,461,254
sp_R29_M339_S1_3,metacontig,126,485,359
st_R29_M18842_S1_1,metacontig,331,538,207
st_R29_M409764_S1_1,metacontig,90,317,227
st_R29_M132378_S1_3,metacontig,193,440,247
st_R29_M182035_S1_1,metacontig,84,357,273
st_R29_M395469_S1_3,metacontig,71,338,267
st_R29_M60290_S1_1,metacontig,1,332,331
st_R29_M122621_S1_2,metacontig,10,251,241
fu_R29_M3328_S1_3,metacontig,316,713,397
st_R29_M48010_S1_5,metacontig,283,588,305
fu_R29_M758_S8_2,metacontig,60,560,500
fu_R29_M4068_S1_1,metacontig,163,498,335
st_R29_M152414_S1_2,metacontig,207,430,223
st_R29_M37773_S1_1,metacontig,317,659,342
st_R29_M71948_S1_4,metacontig,225,469,244
ma_R29_M1265_S1_1,metacontig,313,544,231
fu_R29_M3954_S1_6,metacontig,165,503,338
fu_R29_M4009_S1_1,metacontig,317,722,405
mm_R29_M970_S1_1,metacontig,277,488,211
ma_R29_M5466_S2_1,metacontig,235,517,282
ma_R29_M5686_S1_2,metacontig,93,342,249
st_R29_M95736_S1_3,metacontig,99,380,281
st_R29_M200417_S1_3,metacontig,8,251,243
mm_R29_M6407_S1_1,metacontig,113,352,239
st_R29_M237744_S1_5,metacontig,332,594,262
st_R29_M237656_S1_5,metacontig,388,756,368
st_R29_M400106_S1_7,metacontig,296,701,405
st_R29_M111228_S1_1,metacontig,306,470,164
st_R29_M85149_S1_1,metacontig,155,531,376
fu_R29_M3941_S1_1,metacontig,83,394,311
st_R29_M290708_S1_1,metacontig,394,778,384
fu_R29_M2313_S1_1,metacontig,78,389,311
st_R29_M38989_S1_5,metacontig,328,693,365
fu_R29_M5066_S1_1,metacontig,182,481,299
sa_R29_M57_S1_1,metacontig,165,381,216
ma_R29_M2931_S1_1,metacontig,275,502,227
mm_R29_M2891_S1_4,metacontig,262,709,447
fu_R29_M4331_S1_1,metacontig,3,199,196
st_R29_M381658_S1_1,metacontig,1,322,321
sa_R29_M2885_S1_2,metacontig,255,548,293
st_R29_M185415_S3_2,metacontig,183,473,290
st_R29_M259684_S1_5,metacontig,376,611,235
fu_R29_M5773_S1_1,metacontig,11,352,341
fu_R29_M2241_S1_1,metacontig,38,297,259
st_R29_M397429_S1_2,metacontig,303,639,336
ma_R29_M3647_S1_2,metacontig,146,515,369
st_R29_M190666_S1_1,metacontig,138,457,319
fu_R29_M1608_S1_2,metacontig,140,372,232
st_R29_M281431_S1_2,metacontig,188,521,333
st_R29_M121765_S1_4,metacontig,157,393,236
mm_R29_M6335_S1_1,metacontig,292,787,495
mm_R29_M6666_S1_3,metacontig,220,472,252
st_R29_M374913_S1_4,metacontig,194,542,348
st_R29_M354912_S1_1,metacontig,76,392,316
st_R29_M351721_S1_5,metacontig,207,448,241
st_R29_M52920_S1_4,metacontig,36,245,209
st_R29_M33732_S1_7,metacontig,218,445,227
fu_R29_M5705_S1_1,metacontig,3,153,150
st_R29_M352780_S1_4,metacontig,295,548,253
st_R29_M238470_S1_2,metacontig,39,283,244
ar_R29_M25892_S1_4,metacontig,221,749,528
ar_R29_M6044_S1_12,metacontig,228,723,495
ma_R29_M3490_S1_3,metacontig,207,445,238
ma_R29_M4605_S1_4,metacontig,112,493,381
mm_R29_M5634_S1_1,metacontig,186,488,302
st_R29_M52922_S1_1,metacontig,328,554,226
fu_R29_M2963_S1_5,metacontig,221,470,249
st_R29_M195915_S2_1,metacontig,19,361,342
st_R29_M442588_S1_2,metacontig,124,551,427
st_R29_M69590_S1_5,metacontig,13,253,240
st_R29_M348241_S1_1,metacontig,192,440,248
st_R29_M323974_S1_2,metacontig,19,152,133
st_R29_M288754_S1_2,metacontig,27,252,225
st_R29_M315367_S1_2,metacontig,116,436,320
ma_R29_M3983_S1_1,metacontig,156,547,391
st_R29_M171314_S1_5,metacontig,12,348,336
st_R29_M423010_S1_3,metacontig,8,211,203
sa_R29_M764_S1_1,metacontig,56,295,239
st_R29_M423002_S1_1,metacontig,517,814,297
ma_R29_M3819_S1_5,metacontig,192,563,371
ma_R29_M18_S1_5,metacontig,248,506,258
st_R29_M38665_S1_4,metacontig,105,603,498
st_R29_M269921_S1_1,metacontig,196,470,274
st_R29_M40685_S1_4,metacontig,224,742,518
ar_R29_M22595_S1_2,metacontig,236,734,498
st_R29_M38674_S1_2,metacontig,216,548,332
st_R29_M239689_S1_6,metacontig,207,460,253
st_R29_M230581_S1_3,metacontig,409,783,374
fu_R29_M3562_S1_2,metacontig,216,663,447
st_R29_M75717_S1_4,metacontig,1,374,373
st_R29_M238469_S1_3,metacontig,10,365,355
st_R29_M351625_S1_1,metacontig,173,673,500
st_R29_M215616_S1_8,metacontig,402,760,358
st_R29_M211594_S1_12,metacontig,3,157,154
fu_R29_M758_S36_3,metacontig,216,715,499
fu_R29_M3173_S1_4,metacontig,202,588,386
st_R29_M28069_S1_3,metacontig,202,502,300
fu_R29_M758_S113_4,metacontig,7,180,173
ar_R29_M31756_S1_5,metacontig,26,467,441
sa_R29_M2783_S1_2,metacontig,248,659,411
ma_R29_M1814_S1_1,metacontig,138,539,401
st_R29_M38729_S1_2,metacontig,136,411,275
ma_R29_M5502_S1_3,metacontig,138,484,346
st_R29_M41753_S1_4,metacontig,141,407,266
st_R29_M370063_S1_4,metacontig,104,455,351
st_R29_M331359_S1_1,metacontig,126,378,252
st_R29_M69007_S1_1,metacontig,126,368,242
st_R29_M41498_S1_2,metacontig,401,765,364
st_R29_M348257_S1_3,metacontig,272,596,324
st_R29_M351737_S1_3,metacontig,85,368,283
mm_R29_M1119_S1_1,metacontig,285,601,316
fu_R29_M298_S1_2,metacontig,3,101,98
st_R29_M326160_S1_17,metacontig,3,157,154
mm_R29_M5343_S1_2,metacontig,403,687,284
ar_R29_M25103_S1_2,metacontig,191,630,439
st_R29_M101969_S1_4,metacontig,181,472,291
st_R29_M323964_S1_1,metacontig,238,696,458
st_R29_M263177_S1_3,metacontig,204,449,245
ma_R29_M828_S1_4,metacontig,85,409,324
ma_R29_M5990_S1_2,metacontig,234,501,267
st_R29_M37776_S1_4,metacontig,200,439,239
st_R29_M48037_S1_1,metacontig,5,293,288
st_R29_M354932_S1_6,metacontig,409,782,373
fu_R29_M5537_S1_2,metacontig,191,618,427
ar_R29_M18173_S1_4,metacontig,231,709,478
st_R29_M69011_S1_1,metacontig,169,431,262
st_R29_M8958_S1_1,metacontig,345,720,375
st_R29_M34625_S1_6,metacontig,284,605,321
st_R29_M401663_S1_1,metacontig,187,503,316
st_R29_M35393_S1_2,metacontig,436,743,307
st_R29_M140839_S1_5,metacontig,218,582,364
st_R29_M292492_S1_4,metacontig,337,675,338
st_R29_M95735_S1_5,metacontig,377,738,361
st_R29_M306925_S1_3,metacontig,389,766,377
ar_R29_M38669_S1_1,metacontig,69,452,383
st_R29_M359845_S1_4,metacontig,351,589,238
st_R29_M226798_S1_4,metacontig,199,450,251
st_R29_M173667_S1_1,metacontig,95,396,301
st_R29_M48032_S1_1,metacontig,41,286,245
fu_R29_M1651_S1_2,metacontig,28,216,188
st_R29_M238472_S1_4,metacontig,115,355,240
st_R29_M71950_S1_2,metacontig,22,370,348
st_R29_M324351_S1_1,metacontig,172,406,234
st_R29_M122933_S1_2,metacontig,131,469,338
ma_R29_M1571_S1_9,metacontig,259,531,272
st_R29_M44934_S1_2,metacontig,201,675,474
fu_R29_M3342_S1_3,metacontig,376,735,359
ar_R29_M36068_S1_2,metacontig,17,331,314
st_R29_M237758_S1_3,metacontig,45,255,210
sa_R29_M570_S1_4,metacontig,225,453,228
ma_R29_M5443_S1_2,metacontig,146,515,369
ma_R29_M4219_S1_1,metacontig,251,799,548
ar_R29_M19861_S1_1,metacontig,47,345,298
fi_R29_M231_S1_6,metacontig,197,646,449
st_R29_M237658_S1_5,metacontig,145,573,428
mm_R29_M3841_S1_6,metacontig,358,698,340
st_R29_M360101_S1_3,metacontig,16,248,232
st_R29_M38951_S1_4,metacontig,160,454,294
st_R29_M43872_S1_1,metacontig,212,416,204
fu_R29_M3754_S1_6,metacontig,215,555,340
st_R29_M410120_S1_1,metacontig,324,659,335
ma_R29_M3351_S1_3,metacontig,261,529,268
st_R29_M409131_S1_2,metacontig,86,368,282
mm_R29_M2210_S1_1,metacontig,184,500,316
st_R29_M35256_S1_4,metacontig,421,738,317
st_R29_M152403_S1_4,metacontig,187,438,251
fu_R29_M2583_S8_3,metacontig,46,383,337
fu_R29_M2568_S1_2,metacontig,289,670,381
st_R29_M140840_S1_1,metacontig,203,491,288
st_R29_M168760_S1_1,metacontig,1,266,265
st_R29_M359810_S1_3,metacontig,144,406,262
st_R29_M229202_S1_1,metacontig,123,545,422
sa_R29_M1373_S1_5,metacontig,93,476,383
ar_R29_M42182_S1_7,metacontig,340,867,527
sa_R29_M43_S1_7,metacontig,262,519,257
ro_R29_M89_S1_1,metacontig,257,758,501
st_R29_M281467_S1_7,metacontig,212,576,364
fu_R29_M5372_S1_2,metacontig,176,687,511
st_R29_M430127_S1_1,metacontig,212,402,190
st_R29_M348436_S1_1,metacontig,161,573,412
ar_R29_M41085_S1_2,metacontig,504,896,392
st_R29_M257105_S1_1,metacontig,7,335,328
sa_R29_M2352_S1_1,metacontig,21,241,220
fu_R29_M2613_S1_1,metacontig,3,144,141
st_R29_M171338_S1_4,metacontig,120,433,313
st_R29_M359806_S1_4,metacontig,296,521,225
mm_R29_M4577_S1_1,metacontig,119,412,293
fu_R29_M2001_S1_1,metacontig,309,623,314
st_R29_M430119_S1_2,metacontig,40,363,323
st_R29_M314399_S1_1,metacontig,210,425,215
st_R29_M359842_S1_2,metacontig,50,283,233
fu_R29_M1370_S1_4,metacontig,293,522,229
st_R29_M348437_S1_1,metacontig,301,647,346
st_R29_M35170_S1_1,metacontig,194,371,177
st_R29_M416871_S1_2,metacontig,303,615,312
st_R29_M10898_S1_2,metacontig,313,646,333
ex_R29_M115_S2_1,metacontig,2,214,212
st_R29_M133500_S1_1,metacontig,166,370,204
ar_R29_M7069_S563_15,metacontig,221,517,296
ma_R29_M6773_S1_3,metacontig,66,358,292
st_R29_M259686_S1_7,metacontig,1,223,222
sa_R29_M1616_S1_2,metacontig,295,540,245
am_R29_M26_S1_2,metacontig,94,459,365
ar_R29_M17749_S1_8,metacontig,306,659,353
st_R29_M249742_S1_2,metacontig,155,514,359
st_R29_M389314_S1_3,metacontig,249,588,339
MN473199_2,metacontig,290,587,297
st_R29_M425598_S1_1,metacontig,174,445,271
st_R29_M342935_S1_1,metacontig,127,360,233
sa_R29_M977_S1_6,metacontig,186,638,452
st_R29_M387597_S1_2,metacontig,472,865,393
ma_R29_M4236_S1_5,metacontig,103,433,330
st_R29_M332696_S1_2,metacontig,316,682,366
ar_R29_M15588_S1_3,metacontig,202,580,378
fu_R29_M2597_S1_2,metacontig,164,494,330
st_R29_M102572_S1_7,metacontig,369,696,327
st_R29_M269899_S1_1,metacontig,3,326,323
st_R29_M166626_S1_1,metacontig,99,380,281
st_R29_M33720_S1_1,metacontig,47,268,221
st_R29_M58288_S1_1,metacontig,201,440,239
st_R29_M118463_S1_14,metacontig,476,871,395
st_R29_M35191_S1_2,metacontig,251,460,209
st_R29_M288727_S1_3,metacontig,97,325,228
ma_R29_M6110_S1_3,metacontig,187,470,283
sa_R29_M1920_S1_1,metacontig,268,595,327
st_R29_M61829_S1_2,metacontig,14,323,309
st_R29_M163591_S1_5,metacontig,206,441,235
st_R29_M398789_S1_1,metacontig,233,497,264
st_R29_M228973_S1_1,metacontig,12,250,238
st_R29_M436958_S1_1,metacontig,48,257,209
fu_R29_M1016_S1_3,metacontig,268,600,332
st_R29_M263192_S1_2,metacontig,233,524,291
st_R29_M34629_S1_8,metacontig,232,644,412
ma_R29_M1368_S1_6,metacontig,169,515,346
fu_R29_M2981_S1_2,metacontig,6,100,94
st_R29_M129503_S1_4,metacontig,91,350,259
ma_R29_M5788_S1_3,metacontig,321,670,349
st_R29_M354940_S1_1,metacontig,39,284,245
ar_R29_M16840_S1_1,metacontig,149,535,386
sa_R29_M892_S1_4,metacontig,95,387,292
st_R29_M281328_S1_3,metacontig,226,733,507
sa_R29_M1882_S1_1,metacontig,274,571,297
st_R29_M259786_S1_2,metacontig,209,519,310
ma_R29_M2198_S1_1,metacontig,44,331,287
MK279481_2,metacontig,326,665,339
st_R29_M387864_S1_4,metacontig,102,460,358
st_R29_M269721_S1_3,metacontig,168,506,338
st_R29_M89686_S1_1,metacontig,43,254,211
st_R29_M439526_S1_2,metacontig,11,357,346
st_R29_M348240_S1_1,metacontig,260,611,351
sa_R29_M3105_S1_1,metacontig,201,485,284
fu_R29_M907_S52_7,metacontig,26,200,174
st_R29_M144753_S1_5,metacontig,403,702,299
st_R29_M423468_S1_1,metacontig,40,422,382
st_R29_M408989_S1_3,metacontig,49,328,279
st_R29_M269906_S1_3,metacontig,174,403,229
st_R29_M171306_S1_5,metacontig,117,378,261
st_R29_M35798_S1_2,metacontig,24,282,258
mm_R29_M4917_S4_2,metacontig,220,653,433
ma_R29_M4711_S1_2,metacontig,183,460,277
st_R29_M54455_S1_4,metacontig,10,205,195
ma_R29_M2109_S1_1,metacontig,213,672,459
am_R29_M257_S1_1,metacontig,282,611,329
sa_R29_M552_S1_1,metacontig,223,560,337
ar_R29_M30025_S1_3,metacontig,315,626,311
st_R29_M85127_S1_1,metacontig,254,783,529
ma_R29_M1574_S1_2,metacontig,202,485,283
ar_R29_M28715_S1_2,metacontig,219,451,232
st_R29_M204926_S1_2,metacontig,240,596,356
sa_R29_M332_S1_1,metacontig,216,590,374
st_R29_M30735_S1_1,metacontig,2,201,199
st_R29_M30444_S1_1,metacontig,67,389,322
mm_R29_M2228_S1_8,metacontig,3,439,436
st_R29_M10357_S1_2,metacontig,157,480,323
sa_R29_M22_S1_1,metacontig,207,515,308
ma_R29_M4605_S2_2,metacontig,6,365,359
al_R29_M692_S1_1,metacontig,374,768,394
st_R29_M409720_S1_3,metacontig,179,629,450
st_R29_M228967_S1_2,metacontig,478,843,365
st_R29_M288796_S1_4,metacontig,41,431,390
st_R29_M239723_S2_1,metacontig,5,196,191
st_R29_M190658_S1_2,metacontig,248,594,346
st_R29_M35198_S1_4,metacontig,157,509,352
st_R29_M409709_S1_2,metacontig,223,520,297
ma_R29_M3068_S1_3,metacontig,248,493,245
ma_R29_M6164_S1_1,metacontig,220,515,295
sa_R29_M3249_S1_1,metacontig,237,575,338
mm_R29_M2785_S1_10,metacontig,33,414,381
st_R29_M200451_S1_4,metacontig,316,535,219
ma_R29_M11_S1_1,metacontig,263,474,211
fi_R29_M876_S1_3,metacontig,355,773,418
mm_R29_M4917_S10_2,metacontig,43,421,378
fu_R29_M1249_S2_3,metacontig,234,585,351
st_R29_M171159_S1_3,metacontig,207,636,429
st_R29_M174591_S1_5,metacontig,93,372,279
fu_R29_M5521_S2_3,metacontig,4,180,176
ma_R29_M27_S1_5,metacontig,199,475,276
al_R29_M739_S1_6,metacontig,409,843,434
ma_R29_M5544_S1_6,metacontig,225,630,405
st_R29_M207292_S1_1,metacontig,12,196,184
fu_R29_M5049_S1_1,metacontig,205,418,213
st_R29_M222337_S1_5,metacontig,217,510,293
st_R29_M257732_S1_2,metacontig,7,102,95
ar_R29_M43270_S1_1,metacontig,240,644,404
st_R29_M69586_S1_2,metacontig,308,658,350
st_R29_M437055_S1_1,metacontig,211,436,225
ar_R29_M26985_S1_1,metacontig,389,749,360
fu_R29_M1812_S1_2,metacontig,135,520,385
st_R29_M25754_S1_3,metacontig,34,296,262
mm_R29_M1542_S1_2,metacontig,10,188,178
fu_R29_M1888_S1_2,metacontig,171,628,457
sa_R29_M379_S1_2,metacontig,287,700,413
ar_R29_M17650_S1_3,metacontig,246,785,539
st_R29_M414932_S1_2,metacontig,1,250,249
MN715322_1,metacontig,261,696,435
ma_R29_M2166_S1_1,metacontig,269,493,224
st_R29_M409718_S1_2,metacontig,30,391,361
st_R29_M286746_S1_8,metacontig,208,446,238
ma_R29_M5387_S1_1,metacontig,304,621,317
st_R29_M430207_S1_1,metacontig,173,377,204
st_R29_M50877_S3_9,metacontig,24,206,182
st_R29_M171347_S1_1,metacontig,2,242,240
fu_R29_M5806_S1_4,metacontig,148,528,380
st_R29_M111755_S1_1,metacontig,272,580,308
st_R29_M407518_S1_1,metacontig,1,351,350
st_R29_M140751_S1_1,metacontig,106,576,470
st_R29_M396562_S1_1,metacontig,411,722,311
st_R29_M249776_S1_4,metacontig,288,517,229
sa_R29_M2791_S1_1,metacontig,1,299,298
st_R29_M405023_S1_3,metacontig,409,786,377
st_R29_M239723_S1_3,metacontig,5,196,191
st_R29_M262745_S1_1,metacontig,1,242,241
st_R29_M33224_S1_4,metacontig,150,423,273
st_R29_M101912_S1_4,metacontig,194,684,490
st_R29_M363536_S1_2,metacontig,262,599,337
st_R29_M437056_S1_2,metacontig,250,559,309
fu_R29_M758_S3_3,metacontig,238,767,529
st_R29_M359734_S1_7,metacontig,200,506,306
fu_R29_M2727_S1_1,metacontig,232,526,294
st_R29_M126171_S1_3,metacontig,147,469,322
ma_R29_M3058_S1_1,metacontig,240,721,481
fu_R29_M758_S40_2,metacontig,248,769,521
fu_R29_M5156_S1_2,metacontig,376,695,319
st_R29_M30498_S1_1,metacontig,92,450,358
st_R29_M422946_S1_5,metacontig,244,458,214
fu_R29_M2540_S1_3,metacontig,144,573,429
ma_R29_M6323_S1_1,metacontig,305,562,257
st_R29_M34626_S1_2,metacontig,2,286,284
st_R29_M323975_S1_1,metacontig,259,569,310
mm_R29_M5765_S1_1,metacontig,76,330,254
st_R29_M269741_S1_1,metacontig,188,603,415
fu_R29_M5442_S1_4,metacontig,241,760,519
fu_R29_M758_S35_3,metacontig,266,787,521
st_R29_M412479_S1_1,metacontig,37,263,226
st_R29_M101937_S1_2,metacontig,295,678,383
ma_R29_M6281_S1_1,metacontig,230,578,348
st_R29_M272305_S1_3,metacontig,90,445,355
st_R29_M140973_S1_1,metacontig,113,375,262
fu_R29_M758_S42_3,metacontig,227,700,473
st_R29_M426193_S1_8,metacontig,451,772,321
ma_R29_M4660_S1_1,metacontig,17,279,262
ar_R29_M33609_S1_1,metacontig,14,250,236
st_R29_M237453_S1_3,metacontig,6,269,263
st_R29_M202313_S1_5,metacontig,348,717,369
st_R29_M397428_S1_2,metacontig,254,619,365
st_R29_M351707_S1_6,metacontig,221,513,292
st_R29_M306926_S1_1,metacontig,397,763,366
st_R29_M237660_S1_1,metacontig,16,314,298
ma_R29_M1669_S1_6,metacontig,204,690,486
st_R29_M355472_S1_1,metacontig,74,452,378
fu_R29_M5937_S35_2,metacontig,20,212,192
st_R29_M137789_S1_1,metacontig,4,144,140
st_R29_M237429_S1_8,metacontig,10,209,199
st_R29_M425058_S1_2,metacontig,409,787,378
st_R29_M76409_S1_1,metacontig,57,320,263
st_R29_M132486_S1_2,metacontig,8,247,239
st_R29_M430132_S1_3,metacontig,135,339,204
sa_R29_M1315_S1_1,metacontig,255,607,352
fu_R29_M2611_S1_2,metacontig,197,725,528
ma_R29_M1811_S1_3,metacontig,239,569,330
ma_R29_M6126_S1_2,metacontig,166,491,325
ar_R29_M8130_S1_2,metacontig,22,366,344
st_R29_M200457_S1_1,metacontig,2,244,242
st_R29_M448975_S1_2,metacontig,4,246,242
fu_R29_M758_S41_3,metacontig,200,685,485
fu_R29_M5395_S1_2,metacontig,2,125,123
st_R29_M35163_S1_6,metacontig,63,387,324
st_R29_M165753_S1_1,metacontig,92,400,308
st_R29_M405937_S1_6,metacontig,11,200,189
ro_R29_M252_S1_8,metacontig,234,695,461
st_R29_M332652_S1_1,metacontig,82,397,315
st_R29_M69359_S1_1,metacontig,150,592,442
st_R29_M326590_S1_1,metacontig,4,300,296
st_R29_M28070_S1_3,metacontig,9,199,190
ar_R29_M39807_S1_6,metacontig,286,627,341
st_R29_M398787_S1_2,metacontig,3,137,134
st_R29_M33388_S1_1,metacontig,268,767,499
st_R29_M202314_S1_11,metacontig,285,557,272
ma_R29_M4688_S1_1,metacontig,51,345,294
mm_R29_M7700_S1_1,metacontig,238,673,435
st_R29_M237632_S1_3,metacontig,20,245,225
st_R29_M34621_S1_2,metacontig,255,525,270
st_R29_M272568_S1_1,metacontig,100,347,247
st_R29_M127433_S1_2,metacontig,200,690,490
st_R29_M58281_S1_2,metacontig,252,618,366
st_R29_M127433_S2_2,metacontig,217,707,490
st_R29_M101870_S1_2,metacontig,11,300,289
ma_R29_M111_S1_3,metacontig,292,535,243
ar_R29_M11956_S1_4,metacontig,255,702,447
NC_030864_2,metacontig,6,123,117
fu_R29_M2123_S1_1,metacontig,391,749,358
ar_R29_M19761_S1_5,metacontig,292,597,305
fi_R29_M92_S1_5,metacontig,258,794,536
ma_R29_M4539_S1_1,metacontig,333,552,219
fu_R29_M6081_S1_1,metacontig,35,181,146
mm_R29_M6288_S1_1,metacontig,12,274,262
st_R29_M269922_S1_2,metacontig,112,353,241
ma_R29_M4418_S1_1,metacontig,291,539,248
st_R29_M237657_S1_5,metacontig,401,593,192
st_R29_M288757_S1_2,metacontig,12,255,243
ch_R29_M252_S1_1,metacontig,138,490,352
ma_R29_M414_S1_1,metacontig,208,501,293
st_R29_M200462_S1_3,metacontig,301,663,362
st_R29_M401694_S1_4,metacontig,211,534,323
st_R29_M181695_S1_1,metacontig,23,113,90
al_R29_M578_S1_2,metacontig,401,790,389
st_R29_M122922_S2_1,metacontig,154,330,176
st_R29_M414881_S1_1,metacontig,113,340,227
st_R29_M30745_S1_1,metacontig,22,385,363
st_R29_M151686_S1_3,metacontig,211,698,487
st_R29_M412483_S1_3,metacontig,163,533,370
st_R29_M286744_S1_1,metacontig,159,524,365
st_R29_M102588_S1_5,metacontig,1,288,287
ma_R29_M2140_S1_3,metacontig,152,486,334
st_R29_M137790_S1_2,metacontig,13,194,181
st_R29_M409765_S1_3,metacontig,190,516,326
fu_R29_M5175_S1_4,metacontig,16,451,435
st_R29_M120893_S1_1,metacontig,60,318,258
st_R29_M151567_S1_7,metacontig,149,458,309
ma_R29_M6091_S1_1,metacontig,335,580,245
st_R29_M133489_S1_4,metacontig,34,239,205
ma_R29_M1409_S1_1,metacontig,286,609,323
sa_R29_M2106_S1_1,metacontig,1,297,296
st_R29_M122926_S1_3,metacontig,466,853,387
st_R29_M48007_S1_2,metacontig,218,742,524
st_R29_M41800_S1_1,metacontig,214,539,325
fu_R29_M758_S115_1,metacontig,4,167,163
st_R29_M52937_S1_2,metacontig,210,507,297
st_R29_M81130_S1_1,metacontig,301,469,168
st_R29_M263185_S1_4,metacontig,249,456,207
st_R29_M249754_S1_1,metacontig,1,253,252
st_R29_M400985_S1_2,metacontig,106,367,261
st_R29_M101889_S1_3,metacontig,162,456,294
al_R29_M278_S1_4,metacontig,230,613,383
st_R29_M101936_S1_2,metacontig,402,853,451
ma_R29_M172_S1_1,metacontig,24,262,238
ma_R29_M2428_S1_1,metacontig,268,597,329
st_R29_M359811_S1_2,metacontig,18,305,287
st_R29_M292529_S1_4,metacontig,199,512,313
st_R29_M253728_S1_2,metacontig,14,277,263
st_R29_M265926_S1_3,metacontig,4,240,236
st_R29_M265926_S3_6,metacontig,4,240,236
st_R29_M245735_S1_1,metacontig,6,227,221
fu_R29_M907_S54_2,metacontig,253,708,455
st_R29_M412496_S1_1,metacontig,28,374,346
st_R29_M398612_S1_2,metacontig,300,588,288
st_R29_M69589_S1_1,metacontig,2,347,345
fu_R29_M4203_S1_2,metacontig,344,653,309
ro_R29_M109_S1_5,metacontig,274,792,518
st_R29_M442576_S1_1,metacontig,85,371,286
st_R29_M14823_S1_1,metacontig,179,495,316
mm_R29_M1753_S1_5,metacontig,230,505,275
st_R29_M422962_S1_1,metacontig,4,296,292
st_R29_M176024_S1_1,metacontig,259,482,223
ma_R29_M2689_S1_4,metacontig,321,600,279
al_R29_M42_S1_1,metacontig,4,138,134
ma_R29_M574_S1_4,metacontig,256,591,335
st_R29_M257153_S1_3,metacontig,2,128,126
ma_R29_M2306_S1_1,metacontig,304,602,298
sa_R29_M967_S1_1,metacontig,177,500,323
ch_R29_M257_S1_3,metacontig,234,752,518
fu_R29_M4223_S1_5,metacontig,207,524,317
st_R29_M260253_S1_4,metacontig,152,583,431
st_R29_M101895_S1_1,metacontig,1,154,153
st_R29_M426052_S1_2,metacontig,100,355,255
st_R29_M177804_S1_2,metacontig,259,543,284
st_R29_M396460_S1_1,metacontig,47,360,313
st_R29_M101881_S1_4,metacontig,231,653,422
ma_R29_M6107_S1_9,metacontig,238,595,357
ma_R29_M6170_S1_4,metacontig,207,394,187
fu_R29_M758_S117_1,metacontig,29,242,213
st_R29_M101943_S1_3,metacontig,268,623,355
st_R29_M375145_S1_2,metacontig,202,556,354
fu_R29_M907_S39_4,metacontig,300,804,504
st_R29_M101931_S1_1,metacontig,221,510,289
st_R29_M412480_S1_4,metacontig,264,684,420
st_R29_M133582_S1_1,metacontig,79,310,231
ma_R29_M2371_S1_1,metacontig,293,597,304
st_R29_M439537_S1_2,metacontig,274,617,343
st_R29_M195873_S1_7,metacontig,434,678,244
st_R29_M409762_S1_2,metacontig,360,679,319
al_R29_M911_S1_3,metacontig,213,726,513
fu_R29_M1404_S1_2,metacontig,183,659,476
sa_R29_M2359_S1_1,metacontig,8,192,184
sa_R29_M1739_S1_1,metacontig,274,482,208
fu_R29_M4135_S1_3,metacontig,243,502,259
st_R29_M359838_S1_3,metacontig,13,341,328
sa_R29_M627_S1_1,metacontig,258,552,294
fu_R29_M4011_S1_1,metacontig,235,623,388
st_R29_M306950_S1_1,metacontig,175,626,451
st_R29_M69003_S1_4,metacontig,173,503,330
st_R29_M101886_S1_1,metacontig,7,137,130
st_R29_M439522_S1_1,metacontig,3,126,123
ar_R29_M15095_S1_3,metacontig,117,437,320
sa_R29_M1371_S1_1,metacontig,297,686,389
st_R29_M10904_S1_2,metacontig,68,312,244
st_R29_M35290_S1_7,metacontig,171,497,326
ma_R29_M4675_S1_1,metacontig,248,486,238
st_R29_M311549_S1_11,metacontig,3,139,136
st_R29_M199989_S1_3,metacontig,3,130,127
st_R29_M361930_S1_11,metacontig,3,130,127
st_R29_M355470_S1_1,metacontig,116,519,403
st_R29_M126374_S1_4,metacontig,4,218,214
st_R29_M33229_S1_1,metacontig,47,244,197
st_R29_M171310_S1_2,metacontig,144,440,296
ar_R29_M197_S1_1,metacontig,240,506,266
st_R29_M442501_S1_3,metacontig,247,424,177
st_R29_M197732_S1_1,metacontig,258,428,170
st_R29_M140855_S1_1,metacontig,7,104,97
fu_R29_M4058_S1_2,metacontig,1,106,105
st_R29_M190703_S1_1,metacontig,21,158,137
st_R29_M220463_S7_1,metacontig,3,141,138
ma_R29_M1016_S1_2,metacontig,143,533,390
fu_R29_M2550_S1_4,metacontig,189,629,440
st_R29_M422902_S1_1,metacontig,7,197,190
st_R29_M190645_S1_4,metacontig,180,479,299
fu_R29_M1764_S1_12,metacontig,550,865,315
st_R29_M250611_S1_3,metacontig,225,624,399
sa_R29_M202_S1_1,metacontig,6,259,253
NC_030865_3,metacontig,196,597,401
st_R29_M48008_S1_2,metacontig,140,735,595
st_R29_M409711_S1_1,metacontig,278,404,126
st_R29_M52936_S1_1,metacontig,15,536,521
fu_R29_M2626_S1_1,metacontig,16,190,174
st_R29_M165746_S1_2,metacontig,208,518,310
fu_R29_M2541_S1_12,metacontig,406,690,284
st_R29_M355471_S1_3,metacontig,13,133,120
fu_R29_M2631_S1_6,metacontig,282,582,300
st_R29_M34573_S1_1,metacontig,13,120,107
ma_R29_M6295_S1_3,metacontig,219,551,332
st_R29_M58291_S1_1,metacontig,2,114,112
fu_R29_M1229_S1_1,metacontig,22,151,129
st_R29_M48027_S1_4,metacontig,152,537,385
st_R29_M58275_S1_8,metacontig,231,769,538
fu_R29_M3203_S1_1,metacontig,152,463,311
ma_R29_M4956_S1_3,metacontig,176,372,196
st_R29_M152366_S1_3,metacontig,4,172,168
st_R29_M69550_S1_5,metacontig,138,437,299
st_R29_M153231_S1_5,metacontig,44,440,396
ma_R29_M2086_S1_1,metacontig,323,590,267
fu_R29_M758_S104_1,metacontig,9,109,100
st_R29_M257120_S1_1,metacontig,260,541,281
ma_R29_M1228_S1_2,metacontig,210,601,391
st_R29_M412436_S1_1,metacontig,4,324,320
fu_R29_M758_S119_2,metacontig,30,238,208
st_R29_M359713_S1_4,metacontig,62,369,307
sa_R29_M282_S1_1,metacontig,281,589,308
st_R29_M320799_S1_3,metacontig,351,785,434
ma_R29_M198_S1_3,metacontig,238,464,226
st_R29_M89710_S1_4,metacontig,163,417,254
sa_R29_M1817_S1_3,metacontig,181,522,341
st_R29_M153232_S1_6,metacontig,145,423,278
ar_R29_M1575_S2_1,metacontig,232,547,315
st_R29_M442507_S1_2,metacontig,67,430,363
st_R29_M122616_S1_1,metacontig,8,117,109
st_R29_M34275_S1_1,metacontig,63,331,268
st_R29_M152399_S1_4,metacontig,229,570,341
st_R29_M308425_S1_1,metacontig,172,562,390
st_R29_M401647_S1_4,metacontig,21,331,310
st_R29_M238455_S1_6,metacontig,169,482,313
ma_R29_M6242_S1_4,metacontig,265,489,224
st_R29_M140834_S1_7,metacontig,317,782,465
st_R29_M34642_S1_4,metacontig,409,672,263
st_R29_M263186_S1_2,metacontig,177,431,254
ma_R29_M2643_S1_1,metacontig,313,536,223
st_R29_M409754_S1_4,metacontig,156,496,340
sa_R29_M618_S1_2,metacontig,306,718,412
ma_R29_M2710_S1_1,metacontig,293,623,330
st_R29_M281339_S1_1,metacontig,158,375,217
sp_R29_M19_S1_5,metacontig,372,803,431
st_R29_M140848_S1_2,metacontig,119,332,213
st_R29_M331972_S1_1,metacontig,57,311,254
st_R29_M308585_S1_1,metacontig,248,615,367
st_R29_M288756_S1_4,metacontig,43,434,391
st_R29_M419914_S1_1,metacontig,292,461,169
fu_R29_M2805_S1_1,metacontig,549,889,340
ar_R29_M33252_S1_5,metacontig,221,521,300
ar_R29_M5409_S1_1,metacontig,208,493,285
NC_030863_1,metacontig,17,190,173
st_R29_M398788_S1_4,metacontig,124,545,421
st_R29_M387606_S1_3,metacontig,44,283,239
st_R29_M140750_S1_2,metacontig,124,427,303
mm_R29_M7326_S1_1,metacontig,145,340,195
st_R29_M120021_S1_1,metacontig,1,236,235
st_R29_M365994_S1_3,metacontig,83,321,238
st_R29_M430144_S1_5,metacontig,126,498,372
st_R29_M22702_S1_2,metacontig,4,117,113
st_R29_M387606_S2_2,metacontig,152,424,272
fu_R29_M4737_S1_2,metacontig,23,308,285
st_R29_M120020_S1_1,metacontig,7,242,235
st_R29_M249747_S1_4,metacontig,141,451,310
fu_R29_M5487_S1_2,metacontig,7,101,94
NC_002700_3,metacontig,140,444,304
st_R29_M425365_S1_1,metacontig,199,410,211
st_R29_M228969_S1_2,metacontig,235,538,303
st_R29_M362932_S1_1,metacontig,45,165,120
st_R29_M269755_S1_6,metacontig,234,447,213
st_R29_M269738_S1_3,metacontig,228,508,280
sa_R29_M2344_S1_2,metacontig,1,103,102
fu_R29_M758_S123_1,metacontig,20,109,89
st_R29_M7359_S1_1,metacontig,16,190,174
st_R29_M414884_S2_1,metacontig,250,513,263
st_R29_M237663_S1_3,metacontig,153,320,167
st_R29_M89495_S1_1,metacontig,39,347,308
al_R29_M548_S1_1,metacontig,170,593,423
st_R29_M249779_S1_1,metacontig,158,406,248
st_R29_M237756_S2_1,metacontig,1,274,273
st_R29_M237667_S1_1,metacontig,1,96,95
ar_R29_M1028_S2_3,metacontig,38,197,159
st_R29_M101888_S1_1,metacontig,153,439,286
st_R29_M237741_S1_1,metacontig,9,183,174
mm_R29_M7075_S1_6,metacontig,30,441,411
fi_R29_M599_S1_3,metacontig,210,457,247
st_R29_M281338_S1_2,metacontig,8,203,195
ar_R29_M20048_S1_3,metacontig,92,407,315
st_R29_M348402_S1_2,metacontig,17,308,291
st_R29_M288726_S1_3,metacontig,4,186,182
st_R29_M238466_S1_3,metacontig,37,280,243
st_R29_M4735_S1_1,metacontig,306,641,335
st_R29_M140842_S1_2,metacontig,256,635,379
sa_R29_M84_S1_2,metacontig,219,394,175
mm_R29_M5371_S1_2,metacontig,155,438,283
st_R29_M110344_S1_1,metacontig,82,294,212
st_R29_M183455_S1_1,metacontig,82,294,212
st_R29_M183457_S1_1,metacontig,82,294,212
st_R29_M375545_S1_3,metacontig,148,386,238
st_R29_M76425_S1_1,metacontig,2,138,136
st_R29_M442524_S1_4,metacontig,178,485,307
st_R29_M48014_S1_1,metacontig,301,634,333
st_R29_M33227_S1_8,metacontig,251,651,400
sa_R29_M1015_S1_4,metacontig,218,521,303
st_R29_M165718_S1_3,metacontig,11,125,114
ma_R29_M5285_S1_16,metacontig,173,425,252
ar_R29_M31265_S1_1,metacontig,34,391,357
fu_R29_M5237_S1_2,metacontig,13,129,116
st_R29_M400115_S1_2,metacontig,215,605,390
st_R29_M200416_S1_1,metacontig,138,442,304
ma_R29_M5917_S1_3,metacontig,252,564,312
fu_R29_M2226_S1_1,metacontig,34,188,154
st_R29_M33228_S1_7,metacontig,225,482,257
fu_R29_M2826_S1_2,metacontig,338,775,437
st_R29_M190650_S1_2,metacontig,186,678,492
st_R29_M177811_S1_3,metacontig,143,313,170
st_R29_M249772_S1_4,metacontig,219,515,296
sa_R29_M410_S1_1,metacontig,271,618,347
st_R29_M281471_S1_3,metacontig,292,615,323
st_R29_M363938_S1_2,metacontig,222,458,236
st_R29_M407513_S1_1,metacontig,290,628,338
mm_R29_M3146_S1_4,metacontig,85,552,467
st_R29_M101970_S1_2,metacontig,180,390,210
st_R29_M306945_S1_8,metacontig,214,636,422
ar_R29_M41932_S1_2,metacontig,183,652,469
ma_R29_M5535_S1_3,metacontig,306,602,296
st_R29_M430258_S1_1,metacontig,62,405,343
st_R29_M348444_S1_2,metacontig,160,573,413
st_R29_M323765_S1_2,metacontig,159,521,362
st_R29_M238433_S1_3,metacontig,30,266,236
st_R29_M129826_S1_1,metacontig,469,824,355
st_R29_M63050_S1_3,metacontig,225,509,284
st_R29_M129925_S1_2,metacontig,206,562,356
ar_R29_M8641_S1_5,metacontig,69,512,443
fu_R29_M4739_S1_5,metacontig,427,868,441
st_R29_M40688_S1_2,metacontig,1,111,110
st_R29_M165748_S1_3,metacontig,239,484,245
st_R29_M318520_S2_3,metacontig,22,202,180
al_R29_M174_S1_7,metacontig,251,733,482
fu_R29_M1780_S1_7,metacontig,252,562,310
st_R29_M238461_S1_3,metacontig,165,461,296
ar_R29_M14227_S1_1,metacontig,88,343,255
st_R29_M239697_S1_2,metacontig,228,437,209
st_R29_M73602_S1_1,metacontig,20,128,108
st_R29_M348246_S1_2,metacontig,316,663,347
st_R29_M401589_S1_2,metacontig,5,195,190
st_R29_M197693_S1_1,metacontig,122,352,230
st_R29_M308426_S1_1,metacontig,171,520,349
KY322666_2,metacontig,479,1020,541
sa_R29_M21_S1_1,metacontig,345,739,394
st_R29_M439518_S1_2,metacontig,2,106,104
st_R29_M101944_S1_2,metacontig,218,448,230
ma_R29_M1711_S1_1,metacontig,7,213,206
st_R29_M351740_S1_1,metacontig,182,325,143
ar_R29_M33098_S1_1,metacontig,6,174,168
fu_R29_M2156_S1_4,metacontig,172,619,447
st_R29_M359809_S1_3,metacontig,4,288,284
st_R29_M111756_S1_2,metacontig,8,257,249
st_R29_M238460_S1_3,metacontig,182,445,263
st_R29_M279282_S1_2,metacontig,54,158,104
ar_R29_M23628_S1_2,metacontig,214,649,435
st_R29_M35164_S1_2,metacontig,13,235,222
st_R29_M371396_S1_3,metacontig,2,102,100
st_R29_M161947_S1_2,metacontig,10,93,83
st_R29_M239690_S1_3,metacontig,11,304,293
st_R29_M133569_S1_5,metacontig,183,626,443
st_R29_M442433_S1_3,metacontig,116,459,343
st_R29_M101945_S1_5,metacontig,225,448,223
st_R29_M101885_S1_4,metacontig,57,323,266
st_R29_M38664_S1_4,metacontig,162,624,462
fu_R29_M36_S2_2,metacontig,9,101,92
fu_R29_M3312_S1_1,metacontig,48,291,243
fu_R29_M3366_S1_4,metacontig,218,441,223
st_R29_M362930_S1_1,metacontig,1,147,146
st_R29_M308440_S1_1,metacontig,174,435,261
st_R29_M273865_S1_3,metacontig,129,355,226
st_R29_M260309_S1_3,metacontig,238,510,272
fu_R29_M4337_S1_2,metacontig,2,209,207
st_R29_M60097_S1_1,metacontig,2,164,162
st_R29_M152436_S1_2,metacontig,3,137,134
st_R29_M414884_S1_3,metacontig,705,957,252
fu_R29_M1266_S1_1,metacontig,302,666,364
st_R29_M34271_S1_1,metacontig,9,192,183
st_R29_M66959_S1_4,metacontig,37,481,444
st_R29_M129504_S1_2,metacontig,285,628,343
st_R29_M188799_S1_2,metacontig,349,792,443
ar_R29_M6228_S1_2,metacontig,123,283,160
sa_R29_M2102_S1_1,metacontig,81,410,329
st_R29_M133487_S1_3,metacontig,26,472,446
st_R29_M422904_S1_2,metacontig,19,337,318
st_R29_M422900_S1_2,metacontig,70,259,189
st_R29_M430126_S1_2,metacontig,32,285,253
fu_R29_M890_S1_1,metacontig,20,255,235
fu_R29_M350_S1_1,metacontig,206,582,376
st_R29_M410122_S1_3,metacontig,174,633,459
fu_R29_M1005_S1_3,metacontig,76,453,377
st_R29_M409757_S1_2,metacontig,15,112,97
st_R29_M269898_S1_5,metacontig,233,547,314
st_R29_M439525_S1_2,metacontig,163,636,473
fu_R29_M2001_S2_4,metacontig,146,309,163
st_R29_M17159_S1_2,metacontig,138,440,302
st_R29_M288722_S1_6,metacontig,224,453,229
st_R29_M200454_S1_3,metacontig,297,624,327
st_R29_M220815_S1_2,metacontig,2,107,105
st_R29_M35197_S1_4,metacontig,146,456,310
st_R29_M359727_S1_2,metacontig,40,322,282
mm_R29_M3258_S1_1,metacontig,296,527,231
st_R29_M276998_S1_2,metacontig,26,118,92
st_R29_M422954_S1_1,metacontig,359,778,419
fu_R29_M1807_S1_1,metacontig,1,112,111
st_R29_M289634_S1_1,metacontig,2,104,102
sa_R29_M2944_S1_1,metacontig,171,423,252
ma_R29_M4283_S1_1,metacontig,345,616,271
st_R29_M151582_S1_2,metacontig,5,95,90
st_R29_M133494_S1_1,metacontig,158,405,247
fu_R29_M3793_S1_4,metacontig,228,419,191
st_R29_M113685_S1_3,metacontig,11,110,99
st_R29_M379788_S1_1,metacontig,124,294,170
st_R29_M111921_S1_3,metacontig,17,212,195
st_R29_M190646_S1_5,metacontig,298,625,327
fu_R29_M4231_S1_1,metacontig,2,103,101
st_R29_M422912_S1_1,metacontig,126,315,189
st_R29_M138307_S1_3,metacontig,10,355,345
st_R29_M82224_S1_1,metacontig,113,515,402
st_R29_M102556_S1_2,metacontig,227,452,225
fu_R29_M2272_S1_7,metacontig,238,772,534
st_R29_M69357_S1_8,metacontig,162,444,282
st_R29_M190630_S1_7,metacontig,336,766,430
st_R29_M101940_S1_3,metacontig,238,446,208
sa_R29_M2764_S1_2,metacontig,192,472,280
st_R29_M288715_S1_7,metacontig,165,557,392
ar_R29_M27121_S1_2,metacontig,346,623,277
st_R29_M269739_S1_2,metacontig,265,513,248
ma_R29_M2895_S1_3,metacontig,389,639,250
mm_R29_M5834_S1_2,metacontig,240,594,354
st_R29_M140958_S1_2,metacontig,63,165,102
fu_R29_M1920_S1_2,metacontig,167,571,404
st_R29_M410021_S1_4,metacontig,206,481,275
ar_R29_M27214_S1_3,metacontig,201,471,270
fu_R29_M6087_S1_4,metacontig,1,95,94
st_R29_M269708_S1_7,metacontig,143,350,207
ar_R29_M37009_S1_3,metacontig,278,703,425
st_R29_M288997_S1_3,metacontig,150,343,193
st_R29_M422956_S1_1,metacontig,384,673,289
sa_R29_M347_S1_3,metacontig,300,595,295
st_R29_M306928_S1_4,metacontig,258,665,407
st_R29_M101948_S1_1,metacontig,60,326,266
st_R29_M40857_S1_5,metacontig,121,484,363
st_R29_M140849_S1_3,metacontig,236,586,350
st_R29_M132385_S1_4,metacontig,257,543,286
st_R29_M38666_S1_4,metacontig,196,595,399
st_R29_M359735_S1_6,metacontig,381,519,138
st_R29_M38673_S1_3,metacontig,156,463,307
ar_R29_M2085_S2_1,metacontig,4,176,172
st_R29_M96540_S1_1,metacontig,52,334,282
ar_R29_M1028_S3_5,metacontig,155,379,224
st_R29_M260247_S1_3,metacontig,230,452,222
st_R29_M58292_S1_3,metacontig,41,364,323
st_R29_M37784_S1_1,metacontig,6,266,260
st_R29_M40689_S1_2,metacontig,269,615,346
st_R29_M171331_S1_6,metacontig,261,504,243
fu_R29_M5495_S1_2,metacontig,24,180,156
st_R29_M447828_S1_1,metacontig,23,181,158
st_R29_M359723_S1_5,metacontig,251,511,260
st_R29_M374156_S1_2,metacontig,3,102,99
ma_R29_M4790_S1_5,metacontig,154,365,211
st_R29_M430121_S1_1,metacontig,9,296,287
st_R29_M89557_S1_5,metacontig,245,517,272
st_R29_M272619_S1_1,metacontig,21,209,188
st_R29_M409717_S1_4,metacontig,217,613,396
st_R29_M244078_S1_1,metacontig,37,226,189
ar_R29_M8555_S1_2,metacontig,199,392,193
st_R29_M317113_S1_1,metacontig,24,212,188
ro_R29_M216_S1_2,metacontig,4,127,123
fu_R29_M5658_S1_2,metacontig,234,621,387
fu_R29_M1744_S1_2,metacontig,7,116,109
st_R29_M317110_S1_6,metacontig,48,236,188
st_R29_M120027_S1_1,metacontig,24,212,188
st_R29_M238459_S1_4,metacontig,159,476,317
st_R29_M153288_S1_2,metacontig,262,710,448
st_R29_M132160_S1_2,metacontig,61,346,285
st_R29_M41487_S1_2,metacontig,184,571,387
ar_R29_M14611_S1_4,metacontig,78,280,202
mm_R29_M800_S1_1,metacontig,10,126,116
st_R29_M308427_S1_6,metacontig,237,460,223
st_R29_M306931_S1_7,metacontig,212,553,341
st_R29_M33230_S1_3,metacontig,169,508,339
st_R29_M136205_S1_3,metacontig,72,267,195
st_R29_M409770_S1_4,metacontig,248,407,159
st_R29_M69013_S1_4,metacontig,100,382,282
st_R29_M163589_S1_2,metacontig,13,286,273
st_R29_M140735_S1_3,metacontig,291,435,144
st_R29_M398647_S1_1,metacontig,483,854,371
st_R29_M348441_S1_5,metacontig,165,603,438
st_R29_M442525_S1_4,metacontig,176,396,220
st_R29_M414926_S1_1,metacontig,234,451,217
st_R29_M308438_S1_1,metacontig,1,96,95
fu_R29_M4005_S1_2,metacontig,156,563,407
st_R29_M43443_S1_1,metacontig,3,191,188
st_R29_M69004_S1_5,metacontig,22,314,292
st_R29_M81017_S1_2,metacontig,308,633,325
st_R29_M237746_S1_1,metacontig,156,550,394
st_R29_M89553_S1_2,metacontig,182,491,309
st_R29_M140865_S1_1,metacontig,58,388,330
sa_R29_M2028_S1_1,metacontig,235,426,191
st_R29_M43447_S1_1,metacontig,7,194,187
st_R29_M303610_S1_5,metacontig,21,131,110
st_R29_M306929_S1_6,metacontig,233,602,369
ar_R29_M8902_S1_9,metacontig,294,626,332
LC553714_3,metacontig,231,768,537
st_R29_M260266_S1_2,metacontig,183,555,372
st_R29_M249748_S1_3,metacontig,364,591,227
st_R29_M109643_S1_1,metacontig,1,141,140
st_R29_M102578_S1_2,metacontig,18,117,99
st_R29_M121981_S1_1,metacontig,231,440,209
st_R29_M166677_S1_1,metacontig,47,382,335
st_R29_M351655_S1_4,metacontig,232,468,236
fu_R29_M1329_S1_2,metacontig,70,194,124
st_R29_M161948_S1_1,metacontig,25,117,92
st_R29_M111181_S1_1,metacontig,6,165,159
st_R29_M145274_S1_7,metacontig,270,702,432
st_R29_M142563_S1_3,metacontig,10,286,276
fu_R29_M4536_S1_1,metacontig,1,111,110
st_R29_M38958_S1_4,metacontig,186,406,220
st_R29_M397376_S1_2,metacontig,5,155,150
st_R29_M430117_S1_2,metacontig,13,193,180
fu_R29_M5314_S1_2,metacontig,359,868,509
st_R29_M121982_S1_4,metacontig,291,641,350
st_R29_M69588_S1_1,metacontig,244,466,222
st_R29_M409766_S1_2,metacontig,228,452,224
st_R29_M40094_S1_3,metacontig,11,115,104
st_R29_M250625_S1_1,metacontig,1,101,100
st_R29_M359840_S1_1,metacontig,3,95,92
st_R29_M212295_S1_3,metacontig,302,776,474
ar_R29_M13576_S1_3,metacontig,9,152,143
st_R29_M401645_S1_1,metacontig,27,129,102
st_R29_M101896_S1_3,metacontig,265,465,200
st_R29_M142561_S1_2,metacontig,8,122,114
st_R29_M250627_S1_1,metacontig,8,122,114
st_R29_M250627_S2_1,metacontig,8,122,114
st_R29_M200436_S1_5,metacontig,246,606,360
ma_R29_M4556_S1_1,metacontig,9,225,216
fu_R29_M967_S1_1,metacontig,2,161,159
st_R29_M92050_S1_1,metacontig,221,500,279
st_R29_M17033_S1_4,metacontig,178,625,447
st_R29_M366571_S1_1,metacontig,2,174,172
st_R29_M359837_S1_4,metacontig,3,182,179
st_R29_M132371_S1_1,metacontig,167,338,171
fu_R29_M5002_S1_1,metacontig,22,178,156
st_R29_M212295_S3_1,metacontig,292,764,472
ma_R29_M2743_S1_2,metacontig,277,559,282
ma_R29_M1970_S1_4,metacontig,204,427,223
st_R29_M354908_S1_4,metacontig,109,556,447
st_R29_M34405_S1_1,metacontig,23,128,105
st_R29_M185496_S1_1,metacontig,290,739,449
st_R29_M183974_S1_3,metacontig,269,723,454
st_R29_M306949_S1_1,metacontig,282,838,556
st_R29_M348448_S1_2,metacontig,250,516,266
st_R29_M14819_S1_3,metacontig,63,399,336
fu_R29_M2570_S1_2,metacontig,3,159,156
fu_R29_M3298_S1_5,metacontig,420,881,461
st_R29_M199983_S1_4,metacontig,28,118,90
st_R29_M387634_S1_7,metacontig,293,606,313
MN756800_1,metacontig,252,561,309
st_R29_M116039_S1_1,metacontig,169,485,316
st_R29_M123069_S1_1,metacontig,43,175,132
ma_R29_M2899_S1_1,metacontig,292,535,243
st_R29_M30430_S1_2,metacontig,445,798,353
ma_R29_M3025_S1_1,metacontig,226,501,275
st_R29_M182824_S1_5,metacontig,7,164,157
st_R29_M182824_S2_5,metacontig,7,164,157
ma_R29_M4404_S1_3,metacontig,264,495,231
st_R29_M313702_S1_3,metacontig,245,503,258
fu_R29_M5364_S1_1,metacontig,18,110,92
st_R29_M281470_S1_1,metacontig,302,635,333
st_R29_M348446_S1_5,metacontig,192,569,377
fu_R29_M2376_S1_2,metacontig,457,818,361
sa_R29_M24_S1_1,metacontig,277,525,248
st_R29_M414909_S1_2,metacontig,31,292,261
st_R29_M188979_S1_3,metacontig,20,243,223
st_R29_M276819_S1_3,metacontig,144,442,298
st_R29_M237636_S1_1,metacontig,14,259,245
st_R29_M10900_S1_5,metacontig,246,477,231
st_R29_M121751_S1_1,metacontig,35,127,92
st_R29_M212295_S2_9,metacontig,342,813,471
sa_R29_M1041_S1_4,metacontig,354,537,183
st_R29_M348433_S1_1,metacontig,430,693,263
fu_R29_M3714_S1_3,metacontig,18,225,207
fu_R29_M4299_S1_2,metacontig,487,855,368
st_R29_M257154_S1_1,metacontig,2,102,100
st_R29_M311942_S1_1,metacontig,303,756,453
st_R29_M33232_S1_4,metacontig,197,430,233
st_R29_M122673_S1_4,metacontig,9,260,251
st_R29_M257152_S1_3,metacontig,3,122,119
fu_R29_M4020_S6_4,metacontig,144,339,195
st_R29_M366568_S1_4,metacontig,158,456,298
st_R29_M211947_S1_1,metacontig,166,583,417
fu_R29_M907_S34_1,metacontig,250,718,468
st_R29_M253058_S1_1,metacontig,20,261,241
st_R29_M422896_S1_3,metacontig,231,479,248
sa_R29_M276_S1_1,metacontig,229,623,394
st_R29_M142576_S1_2,metacontig,8,89,81
ma_R29_M138_S1_3,metacontig,175,329,154
st_R29_M188895_S1_1,metacontig,31,200,169
st_R29_M272949_S1_1,metacontig,291,725,434
st_R29_M407719_S1_1,metacontig,256,457,201
st_R29_M269733_S1_4,metacontig,264,663,399
st_R29_M311938_S1_3,metacontig,353,814,461
st_R29_M188803_S1_2,metacontig,233,489,256
st_R29_M34294_S1_4,metacontig,7,215,208
st_R29_M350585_S1_2,metacontig,250,413,163
st_R29_M288714_S1_6,metacontig,295,605,310
mm_R29_M3168_S1_1,metacontig,226,550,324
st_R29_M398650_S1_1,metacontig,375,532,157
st_R29_M66963_S1_2,metacontig,2,317,315
st_R29_M320672_S1_1,metacontig,129,296,167
mm_R29_M618_S1_2,metacontig,53,168,115
st_R29_M140752_S1_7,metacontig,250,492,242
mm_R29_M6754_S1_2,metacontig,8,187,179
st_R29_M116034_S1_1,metacontig,47,146,99
st_R29_M269744_S1_5,metacontig,260,437,177
st_R29_M229005_S1_4,metacontig,264,531,267
fu_R29_M1917_S1_2,metacontig,2,95,93
st_R29_M109637_S1_2,metacontig,293,612,319
fu_R29_M3521_S1_2,metacontig,17,144,127
mm_R29_M6024_S1_9,metacontig,332,776,444
st_R29_M205194_S1_1,metacontig,272,805,533
st_R29_M238464_S1_4,metacontig,48,252,204
st_R29_M354902_S1_3,metacontig,238,467,229
fu_R29_M3584_S1_2,metacontig,3,87,84
ri_R29_M2_S2_2,metacontig,163,435,272
st_R29_M37709_S1_3,metacontig,15,172,157
st_R29_M414920_S1_2,metacontig,188,453,265
st_R29_M269746_S1_1,metacontig,232,644,412
st_R29_M109638_S1_3,metacontig,245,596,351
st_R29_M149498_S1_2,metacontig,2,105,103
fu_R29_M811_S1_6,metacontig,384,654,270
st_R29_M139712_S1_1,metacontig,271,733,462
st_R29_M7361_S1_2,metacontig,1,113,112
st_R29_M239692_S1_3,metacontig,1,113,112
fu_R29_M5397_S1_4,metacontig,228,631,403
st_R29_M426168_S1_2,metacontig,2,99,97
st_R29_M331970_S1_1,metacontig,16,485,469
ar_R29_M27751_S1_1,metacontig,411,596,185
st_R29_M101879_S1_2,metacontig,433,862,429
st_R29_M269767_S1_3,metacontig,29,280,251
st_R29_M77231_S1_2,metacontig,2,106,104
st_R29_M40693_S1_2,metacontig,98,450,352
st_R29_M43878_S1_8,metacontig,365,589,224
ri_R29_M2_S1_1,metacontig,258,530,272
st_R29_M409730_S1_1,metacontig,4,349,345
fu_R29_M1601_S1_2,metacontig,1,91,90
st_R29_M406325_S1_6,metacontig,276,744,468
st_R29_M33231_S1_4,metacontig,2,96,94
st_R29_M127433_S12_3,metacontig,75,400,325
st_R29_M359812_S1_1,metacontig,78,277,199
st_R29_M127001_S1_1,metacontig,301,764,463
st_R29_M101965_S1_1,metacontig,415,863,448
ma_R29_M5084_S1_2,metacontig,7,297,290
st_R29_M97532_S1_2,metacontig,289,741,452
ma_R29_M657_S1_3,metacontig,113,444,331
st_R29_M35790_S1_3,metacontig,232,449,217
st_R29_M118370_S1_1,metacontig,311,759,448
st_R29_M264281_S1_5,metacontig,289,743,454
st_R29_M449042_S1_2,metacontig,229,402,173
st_R29_M40684_S1_1,metacontig,7,98,91
al_R29_M735_S1_1,metacontig,307,532,225
st_R29_M171346_S1_6,metacontig,248,446,198
sa_R29_M614_S1_1,metacontig,357,596,239
st_R29_M449001_S1_2,metacontig,78,427,349
st_R29_M61801_S1_1,metacontig,32,369,337
st_R29_M220453_S1_3,metacontig,11,93,82
st_R29_M121239_S1_1,metacontig,269,714,445
st_R29_M133481_S1_2,metacontig,255,670,415
st_R29_M44936_S1_1,metacontig,189,711,522
st_R29_M43868_S1_1,metacontig,222,425,203
st_R29_M200079_S1_1,metacontig,15,233,218
st_R29_M237666_S1_2,metacontig,6,105,99
st_R29_M101900_S1_7,metacontig,240,429,189
st_R29_M52932_S1_2,metacontig,219,457,238
st_R29_M366434_S1_2,metacontig,281,724,443
st_R29_M65646_S1_3,metacontig,274,721,447
st_R29_M336273_S1_3,metacontig,240,480,240
st_R29_M252898_S1_2,metacontig,277,716,439
st_R29_M412482_S1_8,metacontig,161,420,259
st_R29_M54430_S1_1,metacontig,384,883,499
st_R29_M320676_S1_2,metacontig,233,465,232
sa_R29_M2113_S1_1,metacontig,42,213,171
st_R29_M121850_S1_4,metacontig,276,728,452
sa_R29_M7_S1_2,metacontig,6,135,129
st_R29_M365826_S1_5,metacontig,120,423,303
st_R29_M132140_S1_2,metacontig,265,667,402
st_R29_M397306_S1_7,metacontig,277,712,435
st_R29_M398791_S1_2,metacontig,283,687,404
sa_R29_M3255_S1_1,metacontig,14,239,225
st_R29_M398599_S1_2,metacontig,102,311,209
st_R29_M122617_S1_1,metacontig,122,320,198
fu_R29_M2538_S1_2,metacontig,330,682,352
st_R29_M129298_S1_2,metacontig,283,653,370
st_R29_M324584_S1_2,metacontig,32,131,99
ma_R29_M4241_S1_1,metacontig,20,283,263
st_R29_M37696_S1_3,metacontig,65,380,315
st_R29_M10827_S1_1,metacontig,288,729,441
ar_R29_M7039_S1_1,metacontig,5,267,262
ar_R29_M22479_S1_1,metacontig,32,311,279
st_R29_M127433_S14_5,metacontig,28,394,366
st_R29_M51320_S1_1,metacontig,255,745,490
st_R29_M177805_S1_1,metacontig,267,693,426
st_R29_M406351_S1_6,metacontig,246,455,209
st_R29_M140995_S1_3,metacontig,1,81,80
ar_R29_M17435_S1_2,metacontig,14,252,238
st_R29_M381426_S1_1,metacontig,246,699,453
st_R29_M351626_S1_2,metacontig,8,296,288
st_R29_M281336_S1_3,metacontig,142,463,321
st_R29_M110942_S1_1,metacontig,245,714,469
st_R29_M362913_S1_1,metacontig,1,195,194
st_R29_M387617_S1_1,metacontig,21,107,86
st_R29_M368367_S1_4,metacontig,273,730,457
st_R29_M367871_S1_3,metacontig,25,94,69
st_R29_M40700_S1_3,metacontig,297,712,415
st_R29_M401661_S1_2,metacontig,3,88,85
st_R29_M166967_S1_2,metacontig,200,287,87
st_R29_M205047_S1_2,metacontig,263,559,296
st_R29_M326250_S1_3,metacontig,466,681,215
st_R29_M4962_S1_5,metacontig,309,722,413
st_R29_M54445_S1_6,metacontig,214,337,123
ar_R29_M19629_S1_2,metacontig,15,270,255
fu_R29_M1489_S1_1,metacontig,361,730,369
st_R29_M140552_S1_3,metacontig,296,738,442
ar_R29_M33627_S1_5,metacontig,272,648,376
st_R29_M129295_S1_2,metacontig,204,619,415
st_R29_M140753_S1_1,metacontig,1,112,111
st_R29_M133584_S1_2,metacontig,103,363,260
st_R29_M366569_S1_2,metacontig,2,124,122
st_R29_M4697_S1_3,metacontig,328,675,347
st_R29_M400050_S1_1,metacontig,156,571,415
st_R29_M57236_S1_1,metacontig,269,691,422
st_R29_M166679_S1_3,metacontig,68,323,255
st_R29_M171332_S1_3,metacontig,47,203,156
st_R29_M249749_S1_3,metacontig,37,219,182
fu_R29_M1400_S1_1,metacontig,18,128,110
fu_R29_M232_S2_3,metacontig,16,313,297
st_R29_M422964_S1_1,metacontig,204,389,185
ar_R29_M8795_S1_3,metacontig,45,428,383
ar_R29_M9084_S1_2,metacontig,13,239,226
st_R29_M420211_S1_5,metacontig,283,736,453
st_R29_M35804_S1_3,metacontig,4,235,231
ch_R29_M252_S4_1,metacontig,6,173,167
st_R29_M127433_S36_3,metacontig,38,279,241
fu_R29_M163_S2_2,metacontig,291,644,353
st_R29_M351654_S1_3,metacontig,230,433,203
fi_R29_M756_S1_1,metacontig,256,680,424
fu_R29_M3164_S1_2,metacontig,3,105,102
fu_R29_M5905_S1_1,metacontig,5,98,93
st_R29_M92031_S1_1,metacontig,27,271,244
st_R29_M442505_S1_5,metacontig,48,304,256
fu_R29_M4913_S1_1,metacontig,10,170,160
fu_R29_M1346_S1_2,metacontig,2,83,81
st_R29_M37692_S1_2,metacontig,18,248,230
st_R29_M220522_S1_1,metacontig,119,356,237
fu_R29_M1543_S1_2,metacontig,2,94,92
st_R29_M142373_S1_1,metacontig,264,681,417
fu_R29_M6092_S1_2,metacontig,1,166,165
st_R29_M35179_S1_5,metacontig,251,677,426
st_R29_M135317_S1_1,metacontig,264,728,464
st_R29_M152435_S1_2,metacontig,2,98,96
fu_R29_M3140_S1_1,metacontig,346,590,244
fu_R29_M819_S1_10,metacontig,450,694,244
st_R29_M419735_S1_1,metacontig,9,337,328
fu_R29_M4001_S1_1,metacontig,265,680,415
ar_R29_M27792_S1_3,metacontig,311,749,438
fu_R29_M758_S124_1,metacontig,21,122,101
st_R29_M308428_S1_4,metacontig,283,521,238
ro_R29_M194_S1_2,metacontig,2,126,124
st_R29_M353704_S1_1,metacontig,31,310,279
st_R29_M359652_S1_2,metacontig,297,742,445
st_R29_M448996_S1_5,metacontig,32,286,254
st_R29_M237682_S1_1,metacontig,18,160,142
st_R29_M10895_S1_6,metacontig,272,677,405
fu_R29_M758_S92_1,metacontig,40,260,220
st_R29_M34303_S1_9,metacontig,245,507,262
st_R29_M301370_S1_1,metacontig,28,127,99
ar_R29_M39776_S1_3,metacontig,267,703,436
ar_R29_M7913_S1_1,metacontig,102,284,182
fu_R29_M907_S43_5,metacontig,268,714,446
st_R29_M35266_S1_2,metacontig,3,265,262
fu_R29_M4022_S1_4,metacontig,263,542,279
MT506025_1,metacontig,38,202,164
fu_R29_M1877_S1_3,metacontig,10,168,158
st_R29_M289232_S1_2,metacontig,24,385,361
st_R29_M40682_S1_1,metacontig,270,684,414
st_R29_M171438_S1_2,metacontig,398,759,361
st_R29_M41457_S1_1,metacontig,1,105,104
st_R29_M269918_S1_1,metacontig,307,726,419
st_R29_M81033_S1_3,metacontig,238,521,283
st_R29_M406029_S1_2,metacontig,279,640,361
st_R29_M237681_S1_1,metacontig,181,431,250
st_R29_M299628_S1_2,metacontig,241,442,201
st_R29_M37777_S1_1,metacontig,2,113,111
st_R29_M348235_S1_4,metacontig,319,699,380
st_R29_M369730_S1_2,metacontig,300,752,452
st_R29_M153317_S1_1,metacontig,278,531,253
fu_R29_M4925_S1_1,metacontig,202,619,417
st_R29_M110324_S1_9,metacontig,2,92,90
st_R29_M110333_S1_9,metacontig,2,92,90
st_R29_M153831_S1_23,metacontig,2,92,90
st_R29_M295959_S1_2,metacontig,9,139,130
ch_R29_M366_S1_4,metacontig,74,311,237
st_R29_M237662_S1_6,metacontig,150,310,160
ch_R29_M298_S1_2,metacontig,263,520,257
st_R29_M183475_S4_2,metacontig,2,92,90
st_R29_M183475_S1_16,metacontig,2,92,90
st_R29_M183475_S3_5,metacontig,2,92,90
st_R29_M108379_S1_2,metacontig,2,92,90
st_R29_M121236_S1_1,metacontig,11,349,338
st_R29_M140819_S1_1,metacontig,55,352,297
st_R29_M333441_S1_2,metacontig,258,514,256
fu_R29_M4909_S1_1,metacontig,147,595,448
st_R29_M281332_S1_2,metacontig,345,595,250
st_R29_M85341_S1_4,metacontig,276,678,402
st_R29_M10901_S1_9,metacontig,263,474,211
ma_R29_M3801_S1_1,metacontig,236,392,156
st_R29_M387636_S1_2,metacontig,42,308,266
st_R29_M388894_S1_1,metacontig,2,94,92
st_R29_M414933_S1_1,metacontig,1,278,277
st_R29_M398602_S1_2,metacontig,43,133,90
st_R29_M140533_S1_2,metacontig,122,359,237
st_R29_M127433_S21_1,metacontig,61,209,148
sa_R29_M1609_S1_1,metacontig,2,161,159
fu_R29_M2101_S1_1,metacontig,263,519,256
st_R29_M279302_S1_1,metacontig,16,281,265
st_R29_M422906_S1_2,metacontig,21,139,118
am_R29_M465_S1_1,metacontig,29,135,106
st_R29_M430276_S1_1,metacontig,220,561,341
fu_R29_M907_S42_1,metacontig,251,706,455
st_R29_M436966_S1_27,metacontig,11,92,81
st_R29_M436966_S2_4,metacontig,11,92,81
st_R29_M7362_S1_1,metacontig,11,160,149
st_R29_M269757_S1_1,metacontig,264,522,258
st_R29_M35291_S1_3,metacontig,8,244,236
st_R29_M409723_S1_1,metacontig,11,125,114
fu_R29_M3067_S1_2,metacontig,513,760,247
st_R29_M288973_S1_2,metacontig,219,406,187
st_R29_M333148_S1_1,metacontig,272,534,262
st_R29_M33225_S1_2,metacontig,61,209,148
st_R29_M398652_S1_1,metacontig,1,132,131
st_R29_M177830_S1_2,metacontig,260,703,443
st_R29_M37703_S1_1,metacontig,58,203,145
st_R29_M354843_S1_2,metacontig,274,702,428
st_R29_M373845_S1_1,metacontig,148,408,260
fu_R29_M907_S10_3,metacontig,290,745,455
mm_R29_M1273_S1_1,metacontig,595,937,342
st_R29_M34160_S1_7,metacontig,267,784,517
st_R29_M34402_S1_3,metacontig,11,153,142
fu_R29_M2830_S1_1,metacontig,293,543,250
st_R29_M425090_S1_1,metacontig,55,424,369
st_R29_M118356_S1_1,metacontig,21,99,78
NC_030747_1,metacontig,54,193,139
ar_R29_M23231_S1_1,metacontig,261,695,434
st_R29_M161908_S1_1,metacontig,133,331,198
st_R29_M122745_S1_2,metacontig,1,88,87
st_R29_M430131_S1_2,metacontig,41,220,179
st_R29_M351712_S1_1,metacontig,47,308,261
st_R29_M264776_S1_1,metacontig,264,529,265
st_R29_M173961_S1_1,metacontig,260,518,258
NC_004052_1,metacontig,20,139,119
st_R29_M409772_S1_1,metacontig,20,162,142
fu_R29_M1553_S1_1,metacontig,20,163,143
st_R29_M140852_S1_3,metacontig,353,598,245
MT506024_1,metacontig,17,160,143
ar_R29_M15941_S1_3,metacontig,336,481,145
st_R29_M162220_S1_6,metacontig,2,77,75
fu_R29_M5723_S1_2,metacontig,138,428,290
st_R29_M116100_S1_2,metacontig,14,100,86
st_R29_M286179_S1_11,metacontig,37,303,266
st_R29_M442441_S1_1,metacontig,242,386,144
st_R29_M420391_S1_4,metacontig,279,524,245
st_R29_M414911_S1_5,metacontig,247,561,314
st_R29_M182082_S1_1,metacontig,19,136,117
ch_R29_M278_S1_1,metacontig,45,203,158
st_R29_M423112_S1_1,metacontig,6,165,159
st_R29_M409756_S1_1,metacontig,1,112,111
st_R29_M430190_S1_2,metacontig,9,174,165
st_R29_M412499_S1_1,metacontig,17,160,143
st_R29_M111760_S1_2,metacontig,252,763,511
fu_R29_M4294_S1_2,metacontig,385,738,353
st_R29_M366570_S1_1,metacontig,3,158,155
st_R29_M166936_S1_3,metacontig,41,98,57
st_R29_M401953_S1_4,metacontig,41,98,57
st_R29_M110942_S2_2,metacontig,5,238,233
st_R29_M183453_S1_5,metacontig,41,98,57
st_R29_M213382_S1_2,metacontig,41,98,57
st_R29_M318510_S1_4,metacontig,41,98,57
st_R29_M123067_S1_6,metacontig,237,334,97
fu_R29_M907_S27_4,metacontig,302,739,437
st_R29_M140818_S1_1,metacontig,48,237,189
st_R29_M412438_S1_1,metacontig,24,162,138
ar_R29_M18453_S1_1,metacontig,14,126,112
NC_004053_2,metacontig,5,125,120
fu_R29_M2819_S1_3,metacontig,434,719,285
st_R29_M409783_S1_1,metacontig,8,81,73
st_R29_M113694_S1_2,metacontig,2,86,84
st_R29_M348427_S1_4,metacontig,4,98,94
fu_R29_M3745_S2_2,metacontig,1,65,64
st_R29_M397415_S1_3,metacontig,135,333,198
st_R29_M343321_S1_2,metacontig,264,520,256
st_R29_M269758_S1_1,metacontig,250,509,259
st_R29_M35165_S1_1,metacontig,281,524,243
st_R29_M423115_S1_1,metacontig,119,298,179
ri_R29_M120_S1_1,metacontig,81,150,69
st_R29_M28068_S1_1,metacontig,13,88,75
st_R29_M129313_S1_1,metacontig,120,235,115
st_R29_M359808_S1_2,metacontig,41,95,54
st_R29_M35183_S1_2,metacontig,15,314,299
st_R29_M228986_S1_2,metacontig,15,184,169
st_R29_M110318_S1_2,metacontig,20,129,109
st_R29_M113759_S1_3,metacontig,20,129,109
st_R29_M183469_S1_8,metacontig,20,129,109
st_R29_M401949_S1_3,metacontig,20,129,109
st_R29_M40691_S1_1,metacontig,17,96,79
st_R29_M141003_S1_3,metacontig,414,697,283
st_R29_M250049_S1_2,metacontig,2,93,91
st_R29_M348237_S1_2,metacontig,3,94,91
st_R29_M37938_S1_2,metacontig,23,95,72
st_R29_M294623_S1_1,metacontig,464,573,109
ar_R29_M24477_S1_2,metacontig,47,167,120
st_R29_M113609_S1_1,metacontig,103,277,174
st_R29_M109495_S1_1,metacontig,10,223,213
st_R29_M58194_S1_2,metacontig,3,103,100
st_R29_M367832_S1_2,metacontig,11,106,95
st_R29_M425055_S1_2,metacontig,438,709,271
st_R29_M438305_S1_1,metacontig,3,103,100
fu_R29_M5346_S1_1,metacontig,34,98,64
st_R29_M351632_S1_2,metacontig,37,152,115
st_R29_M332662_S1_2,metacontig,139,381,242
mm_R29_M3754_S1_2,metacontig,517,756,239
st_R29_M326189_S1_4,metacontig,13,86,73
mm_R29_M119_S1_1,metacontig,5,92,87
st_R29_M33214_S1_1,metacontig,46,184,138
st_R29_M409763_S1_3,metacontig,31,103,72
st_R29_M387851_S1_1,metacontig,287,645,358
NC_012585_2,metacontig,36,98,62
fu_R29_M3138_S1_24,metacontig,431,718,287
st_R29_M423110_S1_4,metacontig,180,379,199
st_R29_M153295_S1_2,metacontig,26,129,103
st_R29_M41379_S1_1,metacontig,47,101,54
st_R29_M25049_S1_3,metacontig,142,256,114
st_R29_M354937_S1_2,metacontig,269,374,105
st_R29_M89574_S1_1,metacontig,1,168,167
st_R29_M442440_S1_2,metacontig,4,150,146
st_R29_M288716_S1_1,metacontig,345,593,248
st_R29_M424648_S1_1,metacontig,45,126,81
fi_R29_M785_S1_2,metacontig,43,134,91
ar_R29_M15605_S1_4,metacontig,240,758,518
JQ013377_2,metacontig,45,95,50
st_R29_M116405_S1_2,metacontig,487,768,281
st_R29_M35181_S1_2,metacontig,422,712,290
ma_R29_M1441_S1_1,metacontig,24,155,131
fu_R29_M672_S2_2,metacontig,445,718,273
st_R29_M174151_S1_2,metacontig,316,554,238
st_R29_M360450_S1_1,metacontig,187,444,257
fu_R29_M6048_S1_2,metacontig,3,176,173
st_R29_M409640_S1_1,metacontig,227,382,155
st_R29_M101899_S2_2,metacontig,1,163,162
ar_R29_M23863_S1_1,metacontig,336,612,276
st_R29_M397386_S1_1,metacontig,137,433,296
st_R29_M111920_S1_4,metacontig,307,477,170
st_R29_M88590_S1_1,metacontig,87,260,173
st_R29_M235585_S1_5,metacontig,13,77,64
st_R29_M298540_S1_4,metacontig,449,717,268
st_R29_M10842_S1_1,metacontig,337,635,298
st_R29_M40692_S1_2,metacontig,40,99,59
st_R29_M37696_S4_3,metacontig,41,259,218
ar_R29_M27024_S1_1,metacontig,432,716,284
st_R29_M177825_S1_1,metacontig,352,653,301
st_R29_M348245_S1_6,metacontig,486,770,284
st_R29_M414927_S1_3,metacontig,363,642,279
st_R29_M54580_S2_3,metacontig,23,156,133
st_R29_M245736_S1_1,metacontig,209,357,148
ar_R29_M32379_S1_5,metacontig,61,271,210
st_R29_M225580_S1_1,metacontig,132,328,196
st_R29_M135322_S1_5,metacontig,39,238,199
ar_R29_M39519_S1_1,metacontig,261,421,160
st_R29_M37701_S1_5,metacontig,441,793,352
NC_030866_1,metacontig,369,622,253
sp_R29_M600_S1_2,metacontig,42,209,167
st_R29_M153230_S1_1,metacontig,442,711,269
fu_R29_M5423_S1_1,metacontig,489,767,278
st_R29_M40690_S1_1,metacontig,2,94,92
st_R29_M128586_S1_1,metacontig,27,115,88
fu_R29_M3214_S1_4,metacontig,467,752,285
st_R29_M35264_S1_2,metacontig,252,520,268
KP705075_2,metacontig,2,120,118
st_R29_M400406_S1_3,metacontig,6,84,78
fu_R29_M1364_S1_1,metacontig,429,719,290
fu_R29_M758_S114_2,metacontig,97,184,87
st_R29_M264858_S1_2,metacontig,95,398,303
st_R29_M165756_S1_1,metacontig,486,777,291
st_R29_M37722_S1_2,metacontig,5,120,115
fu_R29_M758_S112_1,metacontig,83,168,85
st_R29_M422966_S1_2,metacontig,274,360,86
fu_R29_M3753_S1_1,metacontig,397,616,219
st_R29_M348440_S1_5,metacontig,468,765,297
st_R29_M205048_S1_2,metacontig,125,404,279
ar_R29_M43278_S1_1,metacontig,57,330,273
fu_R29_M725_S1_6,metacontig,482,771,289
sp_R29_M839_S1_1,metacontig,44,243,199
st_R29_M281482_S1_2,metacontig,9,276,267
st_R29_M58365_S1_1,metacontig,2,73,71
fu_R29_M1611_S1_1,metacontig,437,715,278
st_R29_M37812_S1_3,metacontig,441,793,352
st_R29_M79346_S1_2,metacontig,10,96,86
st_R29_M317156_S1_2,metacontig,487,799,312
st_R29_M96539_S1_1,metacontig,478,772,294
st_R29_M238458_S1_2,metacontig,444,712,268
st_R29_M422959_S1_2,metacontig,478,590,112
al_R29_M817_S1_4,metacontig,468,779,311
st_R29_M360388_S1_2,metacontig,471,768,297
st_R29_M396362_S1_7,metacontig,3,62,59
st_R29_M152312_S1_1,metacontig,60,224,164
st_R29_M89554_S1_2,metacontig,5,252,247
sa_R29_M3058_S1_1,metacontig,2,184,182
st_R29_M335867_S1_3,metacontig,151,431,280
sa_R29_M2099_S1_2,metacontig,15,128,113
st_R29_M10359_S1_2,metacontig,468,792,324
st_R29_M153839_S1_2,metacontig,38,98,60
st_R29_M153839_S2_2,metacontig,38,98,60
st_R29_M183471_S1_8,metacontig,38,98,60
st_R29_M183471_S3_11,metacontig,38,98,60
st_R29_M244492_S1_2,metacontig,155,207,52
st_R29_M129841_S1_1,metacontig,445,712,267
st_R29_M188806_S1_5,metacontig,17,200,183
sp_R29_M839_S2_2,metacontig,95,159,64
st_R29_M359720_S1_3,metacontig,459,781,322
st_R29_M341383_S1_2,metacontig,154,424,270
fu_R29_M1799_S1_2,metacontig,476,767,291
st_R29_M171309_S1_5,metacontig,72,439,367
mm_R29_M1719_S1_1,metacontig,471,764,293
st_R29_M80491_S1_1,metacontig,12,284,272
ma_R29_M3040_S1_1,metacontig,247,407,160
st_R29_M101942_S1_2,metacontig,448,721,273
fu_R29_M1297_S3_1,metacontig,1,136,135
fu_R29_M1492_S1_2,metacontig,10,217,207
st_R29_M355468_S1_1,metacontig,488,787,299
st_R29_M61868_S1_1,metacontig,120,264,144
st_R29_M35161_S1_1,metacontig,465,756,291
fu_R29_M758_S63_3,metacontig,29,135,106
st_R29_M313950_S1_1,metacontig,12,60,48
st_R29_M191028_S1_1,metacontig,94,127,33
st_R29_M10784_S1_4,metacontig,60,262,202
fu_R29_M4702_S1_4,metacontig,489,776,287
fu_R29_M5269_S1_1,metacontig,418,597,179
st_R29_M288721_S1_3,metacontig,83,318,235
st_R29_M430113_S1_1,metacontig,288,472,184
st_R29_M323761_S1_1,metacontig,135,168,33
st_R29_M58274_S1_1,metacontig,96,278,182
st_R29_M127433_S25_4,metacontig,14,197,183
st_R29_M228975_S1_1,metacontig,1,150,149
st_R29_M50877_S1_9,metacontig,24,65,41
st_R29_M190640_S1_2,metacontig,428,631,203
fu_R29_M3057_S1_2,metacontig,481,785,304
st_R29_M129830_S1_2,metacontig,499,810,311
fi_R29_M923_S1_3,metacontig,99,146,47
st_R29_M37705_S1_3,metacontig,25,232,207
st_R29_M323951_S1_2,metacontig,82,194,112
fu_R29_M5279_S1_1,metacontig,15,113,98
st_R29_M355474_S1_1,metacontig,4,298,294
st_R29_M239701_S1_1,metacontig,53,281,228
st_R29_M35277_S1_2,metacontig,492,811,319
st_R29_M122606_S1_1,metacontig,125,242,117
st_R29_M271635_S1_1,metacontig,123,259,136
st_R29_M326673_S1_2,metacontig,15,228,213
fu_R29_M2554_S1_1,metacontig,105,221,116
fu_R29_M2125_S1_3,metacontig,63,169,106
mm_R29_M2042_S4_3,metacontig,116,186,70
fu_R29_M4747_S1_4,metacontig,5,124,119
st_R29_M41428_S1_1,metacontig,131,343,212
fu_R29_M749_S1_1,metacontig,422,515,93
st_R29_M213377_S1_2,metacontig,13,34,21
fu_R29_M1408_S1_3,metacontig,422,451,29
ar_R29_M20726_S1_3,metacontig,36,79,43
ar_R29_M30246_S1_2,metacontig,103,135,32
st_R29_M257106_S1_1,metacontig,76,170,94
st_R29_M153304_S1_1,metacontig,37,134,97
ar_R29_M2350_S1_1,metacontig,29,130,101
st_R29_M129311_S1_1,metacontig,182,376,194
st_R29_M236524_S1_10,metacontig,14,59,45
fu_R29_M2824_S1_5,metacontig,25,110,85
NC_034204_17,metacontig,11,79,68
mm_R29_M7048_S2_1,metacontig,19,40,21
st_R29_M359744_S1_1,metacontig,157,224,67
st_R29_M153272_S1_1,metacontig,228,743,515
st_R29_M333440_S1_2,metacontig,510,1002,492
fu_R29_M758_S44_6,metacontig,204,689,485
st_R29_M409759_S1_2,metacontig,159,642,483
ar_R29_M9373_S1_1,metacontig,237,720,483
st_R29_M50878_S1_5,metacontig,301,772,471
ar_R29_M19119_S1_7,metacontig,220,688,468
fu_R29_M2829_S1_1,metacontig,263,731,468
st_R29_M153301_S1_5,metacontig,170,632,462
st_R29_M166614_S1_1,metacontig,130,590,460
st_R29_M196340_S1_5,metacontig,214,674,460
st_R29_M448993_S1_3,metacontig,173,627,454
fu_R29_M2164_S1_8,metacontig,163,611,448
ar_R29_M26963_S1_1,metacontig,274,721,447
st_R29_M245701_S1_3,metacontig,147,584,437
fu_R29_M3480_S1_5,metacontig,208,644,436
st_R29_M30435_S1_3,metacontig,230,666,436
st_R29_M306932_S1_9,metacontig,232,668,436
fu_R29_M758_S7_4,metacontig,157,588,431
fu_R29_M5484_S1_1,metacontig,183,612,429
st_R29_M153803_S1_1,metacontig,114,543,429
fu_R29_M1417_S1_2,metacontig,25,451,426
st_R29_M336418_S1_1,metacontig,240,665,425
st_R29_M271634_S1_1,metacontig,207,632,425
MT216310_1,metacontig,126,550,424
st_R29_M419913_S1_1,metacontig,235,659,424
st_R29_M281380_S1_15,metacontig,179,602,423
fu_R29_M3722_S1_1,metacontig,250,672,422
st_R29_M289529_S1_11,metacontig,209,628,419
fu_R29_M2679_S1_2,metacontig,26,444,418
fu_R29_M3507_S1_1,metacontig,19,436,417
NC_030861_1,metacontig,133,550,417
fu_R29_M4112_S1_2,metacontig,195,611,416
NC_035114_1,metacontig,130,544,414
st_R29_M152446_S1_3,metacontig,113,527,414
st_R29_M30436_S1_1,metacontig,132,545,413
fu_R29_M3857_S1_6,metacontig,154,566,412
st_R29_M153219_S1_1,metacontig,136,546,410
st_R29_M140963_S1_4,metacontig,167,577,410
st_R29_M166635_S1_2,metacontig,51,460,409
AP014913_3,metacontig,284,693,409
st_R29_M111254_S1_12,metacontig,70,479,409
MN295970_1,metacontig,122,528,406
st_R29_M354939_S1_1,metacontig,76,482,406
st_R29_M35847_S1_1,metacontig,152,556,404
st_R29_M153837_S1_7,metacontig,216,619,403
st_R29_M238909_S1_82,metacontig,216,619,403
fu_R29_M9_S3_3,metacontig,278,680,402
st_R29_M48004_S1_5,metacontig,207,609,402
st_R29_M129831_S1_3,metacontig,171,572,401
st_R29_M423108_S1_3,metacontig,311,712,401
MK279485_1,metacontig,142,542,400
fu_R29_M4485_S1_7,metacontig,357,756,399
fu_R29_M1679_S1_1,metacontig,127,525,398
st_R29_M149521_S1_25,metacontig,170,568,398
st_R29_M313979_S1_12,metacontig,226,624,398
fu_R29_M5447_S1_1,metacontig,124,521,397
MT676452_1,metacontig,132,528,396
fu_R29_M284_S1_1,metacontig,131,527,396
KT365895_1,metacontig,130,525,395
fu_R29_M4768_S1_1,metacontig,163,556,393
fu_R29_M4985_S1_3,metacontig,131,524,393
fu_R29_M2398_S1_5,metacontig,169,562,393
st_R29_M140854_S1_3,metacontig,163,555,392
fu_R29_M1397_S1_2,metacontig,235,626,391
st_R29_M237635_S1_2,metacontig,188,577,389
st_R29_M116053_S1_3,metacontig,187,576,389
fu_R29_M2717_S1_2,metacontig,146,532,386
st_R29_M7360_S1_1,metacontig,174,560,386
st_R29_M323764_S1_1,metacontig,147,532,385
st_R29_M250047_S1_1,metacontig,277,662,385
st_R29_M281381_S1_4,metacontig,200,585,385
st_R29_M407511_S1_3,metacontig,197,582,385
fu_R29_M2381_S1_1,metacontig,45,429,384
ro_R29_M182_S1_2,metacontig,146,530,384
NC_030862_1,metacontig,188,572,384
fu_R29_M9_S1_1,metacontig,131,514,383
fu_R29_M221_S1_6,metacontig,124,507,383
fu_R29_M5546_S1_4,metacontig,215,597,382
MH823902_1,metacontig,141,522,381
fu_R29_M4893_S1_2,metacontig,183,564,381
MK279482_1,metacontig,118,497,379
st_R29_M281382_S1_1,metacontig,184,563,379
st_R29_M92008_S1_5,metacontig,202,580,378
sa_R29_M2735_S1_1,metacontig,204,582,378
st_R29_M308468_S1_1,metacontig,29,406,377
st_R29_M281466_S1_4,metacontig,169,546,377
st_R29_M41796_S1_1,metacontig,126,502,376
st_R29_M424642_S1_2,metacontig,174,550,376
st_R29_M7368_S1_4,metacontig,183,559,376
fi_R29_M1394_S1_3,metacontig,221,597,376
fu_R29_M1510_S1_3,metacontig,361,737,376
st_R29_M237748_S2_2,metacontig,34,409,375
LC425114_1,metacontig,237,612,375
st_R29_M190644_S1_2,metacontig,228,603,375
st_R29_M245737_S1_1,metacontig,179,554,375
ar_R29_M28655_S1_1,metacontig,313,688,375
fu_R29_M4378_S1_7,metacontig,164,538,374
MT811161_1,metacontig,222,596,374
st_R29_M281315_S1_1,metacontig,194,567,373
fu_R29_M3077_S1_2,metacontig,184,557,373
st_R29_M318529_S1_2,metacontig,72,445,373
st_R29_M122748_S1_2,metacontig,199,571,372
st_R29_M281331_S1_3,metacontig,252,623,371
fu_R29_M1458_S1_1,metacontig,183,553,370
st_R29_M323763_S1_1,metacontig,170,540,370
LC497424_1,metacontig,146,514,368
st_R29_M122743_S1_1,metacontig,220,588,368
fu_R29_M5669_S1_4,metacontig,58,426,368
st_R29_M58197_S1_1,metacontig,150,518,368
fu_R29_M5501_S1_4,metacontig,231,599,368
st_R29_M41767_S1_3,metacontig,169,537,368
fu_R29_M11_S1_1,metacontig,168,534,366
fu_R29_M3917_S1_1,metacontig,209,574,365
st_R29_M360168_S1_1,metacontig,191,556,365
MH823901_1,metacontig,210,575,365
st_R29_M366567_S1_5,metacontig,210,575,365
ro_R29_M295_S1_1,metacontig,157,522,365
fu_R29_M4552_S1_2,metacontig,124,488,364
st_R29_M354931_S1_1,metacontig,180,544,364
fu_R29_M1134_S1_3,metacontig,150,514,364
ro_R29_M124_S1_4,metacontig,173,537,364
fu_R29_M2232_S1_7,metacontig,174,537,363
st_R29_M129844_S1_1,metacontig,164,526,362
NC_004049_1,metacontig,202,563,361
st_R29_M37816_S1_1,metacontig,138,499,361
fu_R29_M758_S5_9,metacontig,181,542,361
st_R29_M398613_S1_1,metacontig,194,555,361
ch_R29_M152_S1_1,metacontig,140,500,360
MK033478_1,metacontig,175,535,360
mm_R29_M772_S1_2,metacontig,292,652,360
fu_R29_M1985_S1_1,metacontig,226,585,359
st_R29_M424647_S1_5,metacontig,156,515,359
fu_R29_M2880_S1_3,metacontig,170,529,359
fu_R29_M3745_S1_4,metacontig,151,510,359
st_R29_M368358_S1_1,metacontig,23,382,359
NC_026510_1,metacontig,137,495,358
NC_040434_1,metacontig,155,513,358
NC_006264_1,metacontig,132,489,357
fu_R29_M3511_S1_2,metacontig,219,575,356
st_R29_M200413_S1_1,metacontig,215,570,355
fu_R29_M3529_S1_7,metacontig,175,530,355
st_R29_M41467_S1_1,metacontig,7,360,353
fu_R29_M4956_S1_3,metacontig,249,602,353
st_R29_M129320_S1_1,metacontig,102,454,352
st_R29_M141004_S1_1,metacontig,260,610,350
fu_R29_M1875_S1_4,metacontig,109,459,350
fu_R29_M3644_S1_1,metacontig,165,514,349
st_R29_M171158_S1_8,metacontig,137,486,349
st_R29_M122726_S1_4,metacontig,233,582,349
st_R29_M30733_S1_3,metacontig,272,620,348
st_R29_M355469_S1_2,metacontig,102,449,347
st_R29_M448988_S1_6,metacontig,426,773,347
fu_R29_M4052_S1_2,metacontig,182,527,345
st_R29_M424646_S1_1,metacontig,111,456,345
fu_R29_M3554_S1_2,metacontig,198,542,344
st_R29_M423470_S1_2,metacontig,84,428,344
fu_R29_M1434_S1_7,metacontig,202,546,344
st_R29_M140625_S1_2,metacontig,151,495,344
fu_R29_M1976_S1_3,metacontig,253,595,342
fu_R29_M3912_S1_2,metacontig,341,683,342
st_R29_M162265_S1_21,metacontig,358,700,342
st_R29_M153094_S1_1,metacontig,120,462,342
ar_R29_M7013_S1_1,metacontig,183,524,341
fu_R29_M4487_S1_2,metacontig,262,603,341
st_R29_M409755_S1_1,metacontig,160,500,340
fu_R29_M2333_S1_1,metacontig,128,467,339
fu_R29_M1692_S1_1,metacontig,417,755,338
st_R29_M41456_S1_2,metacontig,45,381,336
st_R29_M47388_S1_1,metacontig,120,456,336
st_R29_M379790_S1_3,metacontig,152,488,336
st_R29_M110315_S1_2,metacontig,117,453,336
KT365896_1,metacontig,223,558,335
fu_R29_M9_S4_4,metacontig,173,508,335
ma_R29_M4971_S1_2,metacontig,418,753,335
st_R29_M271632_S1_1,metacontig,304,638,334
st_R29_M257577_S1_3,metacontig,247,581,334
st_R29_M61838_S1_1,metacontig,28,362,334
st_R29_M116040_S1_2,metacontig,156,490,334
st_R29_M109640_S1_1,metacontig,79,413,334
fu_R29_M2191_S1_3,metacontig,264,598,334
st_R29_M47578_S1_4,metacontig,191,524,333
NC_004054_1,metacontig,157,488,331
fu_R29_M2910_S1_1,metacontig,264,595,331
fu_R29_M6089_S1_1,metacontig,265,594,329
NC_040819_1,metacontig,152,480,328
st_R29_M220817_S1_1,metacontig,187,515,328
fu_R29_M2177_S1_2,metacontig,313,641,328
MK279484_2,metacontig,179,506,327
fu_R29_M4053_S1_2,metacontig,12,339,327
st_R29_M41505_S1_1,metacontig,106,432,326
MK279486_1,metacontig,196,520,324
fu_R29_M2371_S1_1,metacontig,235,559,324
fu_R29_M1497_S1_2,metacontig,172,495,323
st_R29_M89570_S1_1,metacontig,51,373,322
st_R29_M354844_S1_1,metacontig,205,526,321
fu_R29_M3587_S1_1,metacontig,408,729,321
st_R29_M37814_S1_4,metacontig,193,513,320
st_R29_M38999_S1_1,metacontig,69,389,320
st_R29_M41804_S1_3,metacontig,7,327,320
fu_R29_M907_S70_9,metacontig,142,460,318
fu_R29_M907_S18_13,metacontig,142,460,318
fu_R29_M907_S36_17,metacontig,142,460,318
st_R29_M30439_S1_3,metacontig,169,486,317
st_R29_M401648_S1_1,metacontig,184,501,317
st_R29_M271633_S1_2,metacontig,161,477,316
fu_R29_M1382_S1_3,metacontig,101,417,316
sa_R29_M1718_S1_4,metacontig,348,664,316
st_R29_M359843_S1_1,metacontig,14,329,315
st_R29_M141052_S1_9,metacontig,196,510,314
fu_R29_M5057_S1_2,metacontig,18,331,313
st_R29_M269705_S1_4,metacontig,301,613,312
fu_R29_M3306_S1_4,metacontig,221,530,309
st_R29_M423088_S1_2,metacontig,148,454,306
st_R29_M318518_S1_7,metacontig,90,395,305
sp_R29_M453_S1_4,metacontig,182,486,304
st_R29_M140858_S1_5,metacontig,330,631,301
st_R29_M222510_S1_2,metacontig,1,302,301
st_R29_M409776_S1_1,metacontig,168,468,300
st_R29_M425378_S1_3,metacontig,58,353,295
st_R29_M449022_S1_3,metacontig,243,538,295
ar_R29_M24772_S1_1,metacontig,269,563,294
st_R29_M289633_S1_3,metacontig,1,294,293
st_R29_M245039_S1_7,metacontig,2,295,293
st_R29_M73637_S1_2,metacontig,172,463,291
st_R29_M237767_S1_1,metacontig,37,327,290
st_R29_M101890_S1_2,metacontig,2,292,290
st_R29_M300637_S1_3,metacontig,1,290,289
fu_R29_M2038_S1_8,metacontig,351,639,288
st_R29_M140832_S1_2,metacontig,266,552,286
st_R29_M310613_S1_5,metacontig,161,440,279
st_R29_M237748_S1_2,metacontig,11,289,278
st_R29_M229569_S1_1,metacontig,163,440,277
mm_R29_M6777_S1_1,metacontig,289,566,277
NC_015629_1,metacontig,267,543,276
st_R29_M311942_S2_3,metacontig,192,466,274
sa_R29_M373_S1_8,metacontig,483,752,269
st_R29_M269706_S1_3,metacontig,53,316,263
mm_R29_M5832_S1_1,metacontig,307,567,260
st_R29_M177857_S1_1,metacontig,28,283,255
st_R29_M238432_S1_3,metacontig,149,402,253
st_R29_M177849_S1_2,metacontig,28,280,252
st_R29_M177849_S2_5,metacontig,28,280,252
st_R29_M177855_S1_1,metacontig,28,280,252
fu_R29_M771_S1_6,metacontig,240,491,251
st_R29_M133499_S1_2,metacontig,240,489,249
ar_R29_M4975_S1_1,metacontig,274,523,249
ch_R29_M308_S1_1,metacontig,256,501,245
st_R29_M238467_S1_1,metacontig,127,372,245
fu_R29_M210_S1_1,metacontig,3,247,244
st_R29_M33234_S1_1,metacontig,238,481,243
st_R29_M260251_S1_9,metacontig,196,438,242
st_R29_M48033_S1_1,metacontig,10,251,241
st_R29_M409782_S1_1,metacontig,99,339,240
st_R29_M141054_S1_3,metacontig,40,277,237
st_R29_M140873_S1_1,metacontig,3,240,237
st_R29_M101882_S1_12,metacontig,22,257,235
st_R29_M288725_S1_1,metacontig,4,236,232
fu_R29_M758_S67_6,metacontig,65,296,231
st_R29_M371402_S1_2,metacontig,178,408,230
st_R29_M173610_S1_1,metacontig,52,280,228
st_R29_M257733_S1_1,metacontig,108,336,228
st_R29_M357182_S1_1,metacontig,2,223,221
st_R29_M127433_S18_5,metacontig,233,452,219
fu_R29_M758_S54_11,metacontig,23,241,218
sa_R29_M1694_S1_1,metacontig,22,238,216
fu_R29_M3735_S1_2,metacontig,370,585,215
st_R29_M38037_S1_1,metacontig,271,486,215
st_R29_M401662_S1_2,metacontig,16,229,213
st_R29_M133567_S1_1,metacontig,427,630,203
fu_R29_M1076_S2_1,metacontig,47,250,203
sa_R29_M1860_S1_1,metacontig,5,207,202
st_R29_M173606_S1_11,metacontig,31,232,201
st_R29_M140837_S1_10,metacontig,75,274,199
st_R29_M185415_S1_2,metacontig,133,330,197
st_R29_M185415_S2_2,metacontig,133,330,197
st_R29_M119835_S1_1,metacontig,13,209,196
st_R29_M102585_S1_5,metacontig,1,196,195
st_R29_M153217_S1_6,metacontig,48,241,193
st_R29_M123034_S1_1,metacontig,2,193,191
st_R29_M14816_S1_2,metacontig,14,204,190
st_R29_M35797_S1_4,metacontig,36,224,188
st_R29_M257104_S1_2,metacontig,60,244,184
st_R29_M269728_S1_3,metacontig,2,173,171
st_R29_M89571_S1_1,metacontig,217,387,170
st_R29_M397399_S1_1,metacontig,37,207,170
st_R29_M185388_S1_16,metacontig,95,264,169
st_R29_M265618_S1_3,metacontig,95,264,169
st_R29_M165265_S1_1,metacontig,74,240,166
st_R29_M41444_S1_7,metacontig,63,226,163
st_R29_M73662_S1_1,metacontig,1,162,161
st_R29_M127433_S3_3,metacontig,14,174,160
st_R29_M221563_S1_22,metacontig,3,162,159
st_R29_M221329_S1_2,metacontig,6,164,158
st_R29_M61853_S1_2,metacontig,127,282,155
st_R29_M79348_S1_2,metacontig,231,381,150
fu_R29_M758_S59_2,metacontig,177,322,145
st_R29_M133486_S1_4,metacontig,5,146,141
st_R29_M373798_S1_2,metacontig,1,141,140
st_R29_M151553_S1_9,metacontig,26,165,139
ma_R29_M6237_S1_1,metacontig,40,176,136
ro_R29_M283_S1_3,metacontig,429,565,136
st_R29_M181203_S1_1,metacontig,5,140,135
st_R29_M351720_S1_5,metacontig,53,186,133
st_R29_M294635_S1_1,metacontig,30,162,132
fu_R29_M5937_S31_1,metacontig,8,139,131
st_R29_M122727_S1_2,metacontig,66,193,127
st_R29_M263178_S1_1,metacontig,44,166,122
fu_R29_M758_S31_1,metacontig,31,152,121
st_R29_M286886_S1_2,metacontig,2,123,121
fu_R29_M758_S121_1,metacontig,2,118,116
st_R29_M164784_S1_1,metacontig,47,162,115
st_R29_M166958_S1_1,metacontig,16,129,113
ma_R29_M6785_S1_1,metacontig,4,117,113
st_R29_M110343_S1_1,metacontig,11,123,112
fu_R29_M758_S128_1,metacontig,31,143,112
fi_R29_M1283_S1_6,metacontig,3,115,112
st_R29_M30443_S1_1,metacontig,3,114,111
fu_R29_M758_S111_1,metacontig,11,122,111
st_R29_M209949_S1_5,metacontig,16,127,111
st_R29_M110296_S1_2,metacontig,24,135,111
st_R29_M54913_S1_1,metacontig,6,115,109
st_R29_M35794_S1_4,metacontig,40,149,109
st_R29_M365944_S1_2,metacontig,8,115,107
fu_R29_M758_S73_1,metacontig,22,129,107
ma_R29_M2100_S1_2,metacontig,7,113,106
st_R29_M37695_S2_3,metacontig,65,165,100
st_R29_M401664_S1_2,metacontig,2,101,99
fu_R29_M5955_S1_3,metacontig,2,101,99
st_R29_M316761_S1_1,metacontig,18,117,99
st_R29_M373803_S1_2,metacontig,65,164,99
st_R29_M437508_S1_1,metacontig,5,104,99
st_R29_M238430_S1_4,metacontig,14,113,99
ex_R29_M15_S3_1,metacontig,37,136,99
fu_R29_M758_S89_3,metacontig,20,118,98
fu_R29_M2979_S1_2,metacontig,6,103,97
st_R29_M301366_S1_1,metacontig,5,102,97
st_R29_M52963_S1_2,metacontig,49,145,96
st_R29_M436975_S1_6,metacontig,4,99,95
st_R29_M336276_S1_1,metacontig,14,109,95
fu_R29_M2291_S1_3,metacontig,43,138,95
st_R29_M197490_S1_11,metacontig,4,98,94
fu_R29_M907_S29_1,metacontig,1,94,93
st_R29_M373912_S1_7,metacontig,88,180,92
st_R29_M2241_S1_3,metacontig,4,96,92
st_R29_M51100_S1_5,metacontig,4,96,92
st_R29_M143058_S1_3,metacontig,4,96,92
st_R29_M143304_S1_5,metacontig,4,96,92
st_R29_M143305_S1_54,metacontig,4,96,92
st_R29_M143305_S4_15,metacontig,4,96,92
st_R29_M278047_S1_3,metacontig,4,96,92
st_R29_M340255_S1_8,metacontig,4,96,92
st_R29_M384543_S1_13,metacontig,4,96,92
st_R29_M384551_S1_17,metacontig,4,96,92
st_R29_M395019_S1_3,metacontig,4,96,92
st_R29_M425353_S1_8,metacontig,4,96,92
st_R29_M425353_S2_19,metacontig,4,96,92
st_R29_M76408_S1_11,metacontig,4,96,92
st_R29_M413611_S1_1,metacontig,4,96,92
st_R29_M331361_S1_2,metacontig,81,173,92
st_R29_M191061_S1_1,metacontig,20,111,91
fu_R29_M758_S96_2,metacontig,11,101,90
st_R29_M309529_S1_4,metacontig,2,90,88
st_R29_M313961_S1_5,metacontig,2,89,87
st_R29_M208657_S1_7,metacontig,5,92,87
st_R29_M269751_S1_5,metacontig,45,132,87
st_R29_M153831_S2_8,metacontig,69,155,86
fu_R29_M4811_S1_1,metacontig,14,97,83
st_R29_M244038_S1_2,metacontig,9,91,82
st_R29_M136192_S11_33,metacontig,1,81,80
st_R29_M136192_S14_11,metacontig,1,81,80
st_R29_M136192_S15_8,metacontig,1,81,80
st_R29_M136192_S1_36,metacontig,1,81,80
st_R29_M136192_S2_31,metacontig,1,81,80
st_R29_M136192_S3_50,metacontig,1,81,80
st_R29_M136192_S4_19,metacontig,1,81,80
st_R29_M136192_S5_47,metacontig,1,81,80
st_R29_M136192_S6_14,metacontig,1,81,80
st_R29_M136192_S7_27,metacontig,1,81,80
st_R29_M136192_S9_10,metacontig,1,81,80
st_R29_M164782_S1_2,metacontig,1,81,80
st_R29_M164788_S1_6,metacontig,1,81,80
st_R29_M254647_S1_10,metacontig,1,81,80
st_R29_M314243_S1_1,metacontig,1,81,80
st_R29_M442508_S1_1,metacontig,17,96,79
st_R29_M84000_S1_33,metacontig,14,92,78
st_R29_M183467_S1_11,metacontig,9,86,77
st_R29_M213348_S1_3,metacontig,9,86,77
st_R29_M264280_S1_2,metacontig,9,86,77
st_R29_M318536_S1_3,metacontig,9,86,77
st_R29_M27096_S1_3,metacontig,4,80,76
st_R29_M257139_S1_2,metacontig,7,83,76
st_R29_M183461_S1_2,metacontig,9,83,74
st_R29_M324579_S1_1,metacontig,40,113,73
st_R29_M384549_S1_8,metacontig,4,77,73
st_R29_M111217_S1_5,metacontig,44,117,73
fu_R29_M758_S118_1,metacontig,11,84,73
st_R29_M127433_S13_2,metacontig,3,73,70
fu_R29_M758_S94_2,metacontig,132,198,66
fi_R29_M1246_S1_3,metacontig,17,81,64
st_R29_M110317_S1_1,metacontig,51,113,62
st_R29_M183468_S1_1,metacontig,51,113,62
st_R29_M183468_S2_8,metacontig,51,113,62
st_R29_M216658_S1_10,metacontig,107,169,62
st_R29_M164779_S1_3,metacontig,11,71,60
st_R29_M49796_S1_3,metacontig,35,94,59
ma_R29_M371_S1_2,metacontig,53,111,58
st_R29_M170416_S1_2,metacontig,51,109,58
st_R29_M381340_S1_7,metacontig,35,93,58
fu_R29_M758_S108_1,metacontig,12,69,57
st_R29_M323597_S1_19,metacontig,2,59,57
ar_R29_M19244_S1_8,metacontig,4,60,56
st_R29_M39780_S1_2,metacontig,52,108,56
st_R29_M67469_S1_2,metacontig,48,103,55
st_R29_M67474_S1_13,metacontig,48,103,55
fu_R29_M4020_S3_4,metacontig,36,89,53
st_R29_M99083_S1_4,metacontig,18,71,53
st_R29_M99083_S2_8,metacontig,18,71,53
st_R29_M401600_S1_1,metacontig,50,102,52
mm_R29_M7573_S2_1,metacontig,27,76,49
st_R29_M314245_S1_1,metacontig,42,89,47
st_R29_M91722_S1_1,metacontig,31,77,46
st_R29_M318520_S1_11,metacontig,87,132,45
st_R29_M276139_S1_15,metacontig,10,54,44
fi_R29_M631_S1_14,metacontig,20,63,43
st_R29_M75142_S1_2,metacontig,13,56,43
st_R29_M34093_S1_3,metacontig,82,124,42
st_R29_M143885_S1_1,metacontig,50,91,41
fu_R29_M758_S127_2,metacontig,45,86,41
st_R29_M171825_S1_5,metacontig,8,48,40
ar_R29_M17826_S1_3,metacontig,28,65,37
st_R29_M229033_S1_9,metacontig,123,159,36
st_R29_M229041_S1_8,metacontig,123,159,36
st_R29_M176247_S1_11,metacontig,23,57,34
st_R29_M176253_S3_14,metacontig,23,57,34
fi_R29_M104_S1_7,metacontig,9,34,25
ar_R29_M41889_S1_1,metacontig,1181,1650,469
ar_R29_M17421_S1_13,metacontig,124,591,467
mm_R29_M4719_S1_1,metacontig,435,878,443
mm_R29_M779_S1_1,metacontig,1292,1736,444
mm_R29_M6660_S1_1,metacontig,649,1102,453
st_R29_M310960_S1_1,metacontig,181,646,465
ar_R29_M3199_S1_1,metacontig,36,489,453
mm_R29_M1400_S1_15,metacontig,1391,1839,448
ar_R29_M13426_S1_2,metacontig,1171,1620,449
mm_R29_M2853_S1_1,metacontig,505,958,453
ar_R29_M38853_S1_1,metacontig,675,1130,455
ar_R29_M7069_S390_3,metacontig,1293,1739,446
mm_R29_M1642_S1_4,metacontig,300,753,453
ar_R29_M11506_S1_2,metacontig,133,608,475
NC_026921_5,metacontig,1890,2319,429
ar_R29_M11434_S1_6,metacontig,1405,1856,451
mm_R29_M277_S1_2,metacontig,367,822,455
mm_R29_M2243_S1_1,metacontig,160,619,459
ar_R29_M33234_S1_1,metacontig,3,447,444
ar_R29_M39700_S1_4,metacontig,546,1023,477
ar_R29_M22725_S1_1,metacontig,1366,1882,516
mm_R29_M3144_S1_11,metacontig,208,672,464
al_R29_M297_S2_1,metacontig,80,543,463
ar_R29_M6147_S1_5,metacontig,797,1252,455
mm_R29_M5654_S3_7,metacontig,214,670,456
ar_R29_M19019_S1_2,metacontig,428,893,465
st_R29_M310926_S1_1,metacontig,447,903,456
st_R29_M259967_S1_1,metacontig,187,632,445
ar_R29_M30567_S1_2,metacontig,466,934,468
ar_R29_M1305_S1_1,metacontig,829,1295,466
ar_R29_M13577_S1_6,metacontig,2428,2903,475
ar_R29_M17332_S1_2,metacontig,2300,2768,468
ar_R29_M43567_S1_1,metacontig,1131,1590,459
mm_R29_M7450_S1_1,metacontig,3,428,425
mm_R29_M7203_S1_6,metacontig,167,615,448
ar_R29_M39498_S1_6,metacontig,1514,1970,456
ar_R29_M800_S1_15,metacontig,1375,1830,455
mm_R29_M5654_S2_18,metacontig,1371,1827,456
ar_R29_M27818_S1_1,metacontig,564,1014,450
ar_R29_M34660_S1_3,metacontig,1221,1681,460
ar_R29_M6194_S1_3,metacontig,1396,1849,453
ar_R29_M30927_S2_3,metacontig,952,1413,461
ar_R29_M7069_S95_1,metacontig,1871,2335,464
ar_R29_M3844_S2_3,metacontig,691,1169,478
ar_R29_M3844_S1_4,metacontig,964,1443,479
mm_R29_M2739_S1_1,metacontig,1009,1471,462
ar_R29_M6585_S1_1,metacontig,908,1364,456
ar_R29_M17545_S1_1,metacontig,1043,1495,452
ar_R29_M18565_S1_4,metacontig,697,1173,476
sp_R29_M577_S1_2,metacontig,448,900,452
mm_R29_M2739_S2_1,metacontig,19,448,429
ar_R29_M30822_S1_3,metacontig,187,636,449
mm_R29_M1375_S1_4,metacontig,1066,1510,444
fi_R29_M184_S1_9,metacontig,1159,1605,446
sa_R29_M2425_S1_1,metacontig,120,583,463
ar_R29_M7069_S330_8,metacontig,1486,1937,451
fi_R29_M1752_S1_2,metacontig,143,569,426
ar_R29_M41240_S1_1,metacontig,48,503,455
ch_R29_M33_S1_13,metacontig,1404,1856,452
ar_R29_M32518_S1_1,metacontig,79,560,481
mm_R29_M1722_S1_13,metacontig,1765,2235,470
st_R29_M119903_S1_3,metacontig,1406,1852,446
AY634314_1,metacontig,935,1384,449
ar_R29_M23677_S1_1,metacontig,140,597,457
ar_R29_M11663_S3_1,metacontig,302,756,454
ar_R29_M31167_S1_2,metacontig,376,842,466
ar_R29_M7069_S1249_1,metacontig,51,506,455
st_R29_M414898_S1_1,metacontig,579,1021,442
ar_R29_M42024_S1_1,metacontig,254,715,461
ar_R29_M13149_S1_2,metacontig,1045,1499,454
ar_R29_M26375_S2_2,metacontig,661,1121,460
ar_R29_M7069_S1223_2,metacontig,321,794,473
mm_R29_M695_S1_11,metacontig,1436,1888,452
mm_R29_M5707_S1_2,metacontig,1259,1711,452
ar_R29_M9600_S1_1,metacontig,307,763,456
ar_R29_M8192_S4_1,metacontig,442,876,434
sa_R29_M325_S1_10,metacontig,1373,1818,445
ar_R29_M483_S1_5,metacontig,1250,1676,426
ar_R29_M33277_S1_1,metacontig,288,742,454
ar_R29_M7069_S1007_4,metacontig,488,961,473
ar_R29_M7691_S1_2,metacontig,131,584,453
st_R29_M208753_S1_1,metacontig,104,583,479
ar_R29_M7069_S1292_1,metacontig,147,602,455
ar_R29_M28295_S1_4,metacontig,1371,1822,451
mm_R29_M5352_S1_2,metacontig,60,524,464
st_R29_M88583_S1_2,metacontig,177,615,438
st_R29_M347718_S1_1,metacontig,111,574,463
ar_R29_M5542_S1_1,metacontig,376,830,454
ar_R29_M34730_S1_2,metacontig,191,646,455
ar_R29_M11663_S4_2,metacontig,141,595,454
ar_R29_M16127_S1_1,metacontig,148,603,455
ar_R29_M7069_S404_2,metacontig,970,1443,473
ar_R29_M7069_S96_2,metacontig,1880,2333,453
ar_R29_M5586_S1_9,metacontig,1667,2108,441
ar_R29_M7069_S1283_1,metacontig,196,665,469
st_R29_M138293_S1_2,metacontig,1085,1531,446
ar_R29_M7069_S436_6,metacontig,2385,2841,456
st_R29_M66288_S1_2,metacontig,1326,1777,451
ar_R29_M24745_S1_2,metacontig,719,1173,454
ar_R29_M23605_S1_3,metacontig,1078,1531,453
ar_R29_M29463_S1_1,metacontig,666,1132,466
ar_R29_M30317_S1_2,metacontig,2672,3137,465
sa_R29_M2328_S1_1,metacontig,220,693,473
st_R29_M257210_S1_6,metacontig,971,1419,448
ar_R29_M8192_S1_2,metacontig,2540,2974,434
st_R29_M119819_S1_3,metacontig,1517,2010,493
st_R29_M253514_S1_1,metacontig,106,579,473
ar_R29_M41814_S1_1,metacontig,73,531,458
ar_R29_M38981_S1_1,metacontig,1519,1984,465
ar_R29_M12281_S1_1,metacontig,383,830,447
KP974706_1,metacontig,1297,1768,471
ar_R29_M7069_S490_7,metacontig,1338,1804,466
ar_R29_M16694_S1_2,metacontig,1638,2094,456
mm_R29_M964_S1_1,metacontig,277,732,455
ar_R29_M37345_S1_1,metacontig,199,653,454
st_R29_M226852_S1_1,metacontig,2,425,423
ar_R29_M13983_S1_1,metacontig,75,528,453
ar_R29_M11023_S1_3,metacontig,360,814,454
ar_R29_M26375_S1_2,metacontig,565,1018,453
ar_R29_M14809_S1_2,metacontig,60,530,470
ar_R29_M33617_S1_4,metacontig,1775,2257,482
ar_R29_M11663_S1_2,metacontig,1042,1497,455
fi_R29_M1082_S1_4,metacontig,735,1207,472
ar_R29_M27162_S1_7,metacontig,1170,1658,488
st_R29_M314180_S1_3,metacontig,84,540,456
ar_R29_M7069_S1000_1,metacontig,427,899,472
fi_R29_M848_S1_4,metacontig,292,775,483
KM270560_1,metacontig,1293,1765,472
ar_R29_M8586_S2_2,metacontig,230,694,464
ar_R29_M32867_S1_4,metacontig,947,1400,453
ar_R29_M42598_S1_5,metacontig,1540,1995,455
ar_R29_M17590_S1_7,metacontig,2401,2858,457
ar_R29_M7069_S457_2,metacontig,2318,2785,467
mm_R29_M6821_S1_1,metacontig,121,586,465
st_R29_M171143_S1_5,metacontig,137,576,439
ar_R29_M8974_S1_8,metacontig,957,1396,439
ar_R29_M4723_S1_8,metacontig,1361,1797,436
ar_R29_M15316_S1_3,metacontig,450,890,440
st_R29_M226124_S1_2,metacontig,161,639,478
ar_R29_M12974_S1_2,metacontig,5,447,442
ar_R29_M37954_S1_2,metacontig,58,508,450
ar_R29_M7069_S489_6,metacontig,1297,1769,472
ar_R29_M37241_S2_1,metacontig,292,759,467
ar_R29_M42024_S2_1,metacontig,4,450,446
mm_R29_M2237_S1_3,metacontig,1362,1857,495
ar_R29_M9032_S1_2,metacontig,1189,1641,452
ar_R29_M32305_S2_1,metacontig,148,623,475
st_R29_M373337_S1_2,metacontig,1377,1812,435
ar_R29_M6857_S1_3,metacontig,765,1217,452
st_R29_M237914_S1_1,metacontig,809,1276,467
ar_R29_M7510_S1_3,metacontig,982,1438,456
mm_R29_M1694_S1_3,metacontig,353,804,451
ar_R29_M10701_S1_4,metacontig,1292,1767,475
ar_R29_M12687_S1_5,metacontig,2344,2798,454
ar_R29_M1471_S1_2,metacontig,363,804,441
mm_R29_M5712_S1_1,metacontig,576,1017,441
ar_R29_M7069_S1088_3,metacontig,489,959,470
ar_R29_M7069_S1099_1,metacontig,541,1011,470
mm_R29_M1738_S1_2,metacontig,313,762,449
ar_R29_M7069_S586_3,metacontig,2178,2646,468
st_R29_M441720_S1_2,metacontig,58,506,448
ar_R29_M31100_S1_1,metacontig,784,1239,455
ar_R29_M32940_S2_1,metacontig,498,950,452
ar_R29_M5925_S1_3,metacontig,57,497,440
ar_R29_M31003_S1_3,metacontig,1080,1535,455
ar_R29_M21285_S1_4,metacontig,2084,2554,470
st_R29_M389196_S1_3,metacontig,1574,2037,463
ar_R29_M4620_S1_1,metacontig,55,491,436
ar_R29_M33062_S1_1,metacontig,492,955,463
st_R29_M375366_S1_6,metacontig,203,643,440
st_R29_M375330_S1_2,metacontig,55,497,442
st_R29_M310925_S1_1,metacontig,899,1373,474
MK645243_3,metacontig,322,797,475
st_R29_M43289_S1_10,metacontig,1370,1821,451
st_R29_M295993_S1_1,metacontig,150,598,448
st_R29_M26869_S1_2,metacontig,305,795,490
MH320557_1,metacontig,1335,1824,489
st_R29_M323962_S1_20,metacontig,1341,1784,443
ar_R29_M7069_S493_7,metacontig,1318,1793,475
st_R29_M394815_S1_1,metacontig,90,536,446
ar_R29_M37096_S1_1,metacontig,1868,2335,467
st_R29_M190639_S1_1,metacontig,187,660,473
ar_R29_M7973_S1_1,metacontig,1236,1673,437
ar_R29_M11663_S2_4,metacontig,852,1308,456
fi_R29_M1294_S1_4,metacontig,1693,2181,488
st_R29_M137876_S1_3,metacontig,49,492,443
ar_R29_M28870_S1_1,metacontig,996,1445,449
ar_R29_M7069_S428_1,metacontig,2359,2829,470
st_R29_M307216_S2_1,metacontig,257,698,441
sa_R29_M2942_S1_9,metacontig,1606,2053,447
mm_R29_M2527_S1_3,metacontig,114,567,453
st_R29_M391969_S1_1,metacontig,186,636,450
ar_R29_M479_S1_4,metacontig,1272,1772,500
ar_R29_M8917_S1_3,metacontig,381,843,462
ar_R29_M37241_S1_2,metacontig,2287,2754,467
ar_R29_M4637_S1_10,metacontig,2276,2746,470
st_R29_M375363_S1_1,metacontig,303,745,442
ar_R29_M35002_S1_6,metacontig,58,509,451
st_R29_M277195_S1_1,metacontig,54,497,443
st_R29_M67102_S1_9,metacontig,334,777,443
ar_R29_M32940_S1_1,metacontig,2859,3310,451
ar_R29_M8586_S1_4,metacontig,2149,2613,464
st_R29_M375354_S1_1,metacontig,198,641,443
MN231041_2,metacontig,51,505,454
st_R29_M265627_S1_2,metacontig,1174,1648,474
mm_R29_M92_S1_1,metacontig,67,569,502
mm_R29_M3524_S1_1,metacontig,110,604,494
ar_R29_M7069_S409_1,metacontig,2341,2811,470
st_R29_M353292_S1_1,metacontig,999,1449,450
ar_R29_M2498_S140_1,metacontig,683,1128,445
st_R29_M80961_S1_1,metacontig,1094,1566,472
st_R29_M441716_S1_2,metacontig,1162,1610,448
ar_R29_M22304_S1_2,metacontig,1332,1801,469
st_R29_M182489_S1_3,metacontig,130,615,485
st_R29_M122941_S1_2,metacontig,204,652,448
st_R29_M67117_S1_1,metacontig,188,631,443
ar_R29_M32305_S1_1,metacontig,1632,2109,477
ar_R29_M27811_S2_2,metacontig,97,549,452
mm_R29_M1269_S2_1,metacontig,654,1131,477
ar_R29_M23354_S1_1,metacontig,1463,1933,470
ar_R29_M10220_S1_3,metacontig,424,878,454
st_R29_M375364_S1_1,metacontig,228,666,438
ar_R29_M52_S1_1,metacontig,1283,1748,465
st_R29_M375339_S1_4,metacontig,40,482,442
st_R29_M125247_S1_2,metacontig,444,887,443
st_R29_M318311_S1_1,metacontig,526,1020,494
st_R29_M125236_S1_3,metacontig,522,964,442
st_R29_M71919_S1_1,metacontig,6,446,440
ar_R29_M7126_S1_2,metacontig,1248,1672,424
st_R29_M102186_S1_2,metacontig,542,1015,473
ar_R29_M34070_S1_1,metacontig,1443,1920,477
st_R29_M297017_S1_1,metacontig,990,1433,443
st_R29_M137874_S1_3,metacontig,78,521,443
st_R29_M339864_S1_4,metacontig,1314,1784,470
st_R29_M77599_S1_1,metacontig,177,623,446
ma_R29_M3911_S1_1,metacontig,531,982,451
ar_R29_M42690_S1_1,metacontig,2,460,458
ar_R29_M28891_S1_1,metacontig,932,1381,449
mm_R29_M7744_S1_2,metacontig,1573,2029,456
ar_R29_M20743_S1_1,metacontig,273,716,443
fu_R29_M708_S1_1,metacontig,265,746,481
st_R29_M244010_S1_1,metacontig,1267,1712,445
st_R29_M236517_S1_1,metacontig,1146,1624,478
ar_R29_M42105_S1_1,metacontig,1263,1713,450
ar_R29_M29171_S1_8,metacontig,2171,2633,462
st_R29_M277193_S1_1,metacontig,1242,1685,443
ar_R29_M20924_S1_2,metacontig,658,1138,480
mm_R29_M1529_S1_1,metacontig,876,1353,477
sa_R29_M2887_S1_2,metacontig,2278,2733,455
MT096516_1,metacontig,1483,1935,452
st_R29_M373344_S1_1,metacontig,78,544,466
ar_R29_M9424_S1_1,metacontig,456,958,502
st_R29_M348782_S1_8,metacontig,1227,1668,441
st_R29_M125246_S1_7,metacontig,1253,1696,443
mm_R29_M1269_S1_1,metacontig,1525,2002,477
st_R29_M291354_S1_1,metacontig,1204,1645,441
st_R29_M348745_S1_1,metacontig,187,630,443
st_R29_M375334_S1_1,metacontig,266,709,443
KY243933_1,metacontig,1438,1883,445
st_R29_M125231_S1_8,metacontig,1274,1717,443
st_R29_M297051_S1_5,metacontig,812,1255,443
ar_R29_M7069_S1045_6,metacontig,158,594,436
ar_R29_M36179_S1_9,metacontig,913,1384,471
mm_R29_M633_S1_6,metacontig,1284,1735,451
st_R29_M297036_S1_6,metacontig,285,728,443
ar_R29_M7069_S374_5,metacontig,1454,1934,480
st_R29_M137867_S1_1,metacontig,1282,1725,443
ar_R29_M7069_S238_14,metacontig,743,1188,445
st_R29_M75444_S1_2,metacontig,8,417,409
st_R29_M284429_S1_1,metacontig,293,736,443
st_R29_M348784_S1_5,metacontig,209,651,442
st_R29_M233709_S1_2,metacontig,46,498,452
st_R29_M205057_S1_1,metacontig,1186,1629,443
ar_R29_M36642_S1_1,metacontig,315,776,461
st_R29_M205052_S1_1,metacontig,1272,1715,443
st_R29_M375335_S1_1,metacontig,1256,1699,443
ar_R29_M7069_S1058_5,metacontig,445,881,436
ar_R29_M36056_S1_4,metacontig,787,1262,475
al_R29_M888_S1_3,metacontig,109,563,454
ar_R29_M7069_S1001_7,metacontig,628,1064,436
ar_R29_M321_S1_5,metacontig,1509,1958,449
ar_R29_M34296_S1_2,metacontig,725,1190,465
st_R29_M318322_S1_1,metacontig,1053,1528,475
st_R29_M13136_S6_3,metacontig,445,927,482
st_R29_M51293_S1_10,metacontig,633,1071,438
st_R29_M291356_S1_12,metacontig,1218,1661,443
st_R29_M235384_S1_5,metacontig,2754,3247,493
ar_R29_M36565_S1_1,metacontig,1354,1833,479
st_R29_M71911_S1_2,metacontig,1237,1680,443
mm_R29_M5229_S1_2,metacontig,1531,1988,457
st_R29_M88329_S1_1,metacontig,1202,1645,443
ar_R29_M27811_S1_1,metacontig,477,929,452
st_R29_M71905_S1_1,metacontig,1275,1718,443
st_R29_M370341_S1_2,metacontig,1347,1788,441
fu_R29_M3500_S1_1,metacontig,126,608,482
st_R29_M359728_S1_1,metacontig,67,534,467
st_R29_M233705_S1_1,metacontig,15,465,450
fu_R29_M3079_S1_2,metacontig,23,455,432
st_R29_M125248_S1_1,metacontig,1252,1695,443
st_R29_M370215_S1_8,metacontig,1252,1695,443
ar_R29_M13184_S2_3,metacontig,145,636,491
st_R29_M85538_S1_1,metacontig,1230,1668,438
mm_R29_M3865_S1_3,metacontig,1295,1743,448
st_R29_M343203_S1_1,metacontig,247,689,442
st_R29_M375350_S1_1,metacontig,1248,1686,438
st_R29_M71895_S1_1,metacontig,40,485,445
ar_R29_M31799_S1_1,metacontig,471,928,457
st_R29_M125234_S1_8,metacontig,1272,1715,443
ar_R29_M15732_S1_1,metacontig,9,430,421
st_R29_M343175_S1_2,metacontig,1206,1647,441
st_R29_M71886_S1_10,metacontig,1247,1685,438
st_R29_M297039_S1_1,metacontig,1224,1667,443
st_R29_M343206_S1_1,metacontig,1289,1730,441
ar_R29_M13184_S1_13,metacontig,1105,1594,489
st_R29_M348766_S1_4,metacontig,814,1257,443
st_R29_M307209_S1_7,metacontig,1274,1717,443
st_R29_M125235_S1_1,metacontig,1221,1664,443
st_R29_M307207_S1_4,metacontig,211,649,438
ar_R29_M7069_S776_9,metacontig,1356,1792,436
ar_R29_M7069_S612_2,metacontig,1925,2361,436
st_R29_M170046_S1_1,metacontig,1507,1947,440
st_R29_M176672_S1_9,metacontig,1225,1664,439
ar_R29_M8632_S1_5,metacontig,43,493,450
st_R29_M80282_S1_1,metacontig,14,444,430
st_R29_M137879_S1_1,metacontig,1221,1664,443
st_R29_M318324_S1_7,metacontig,2762,3256,494
st_R29_M200535_S1_9,metacontig,1277,1716,439
st_R29_M40085_S1_1,metacontig,1283,1726,443
ar_R29_M30363_S1_4,metacontig,250,724,474
st_R29_M200536_S1_1,metacontig,1244,1687,443
ar_R29_M39938_S1_5,metacontig,1117,1604,487
st_R29_M343202_S1_1,metacontig,515,951,436
st_R29_M197458_S1_2,metacontig,1285,1728,443
st_R29_M137880_S1_1,metacontig,1193,1636,443
ar_R29_M7069_S539_4,metacontig,2119,2589,470
ma_R29_M3662_S1_3,metacontig,383,884,501
ar_R29_M711_S1_1,metacontig,873,1358,485
ar_R29_M7069_S502_4,metacontig,1433,1915,482
st_R29_M311734_S1_1,metacontig,71,504,433
st_R29_M417056_S1_2,metacontig,79,548,469
mm_R29_M285_S1_3,metacontig,1519,2025,506
st_R29_M343181_S1_5,metacontig,116,559,443
MN738553_1,metacontig,1432,1914,482
mm_R29_M15_S1_2,metacontig,254,770,516
ar_R29_M1859_S1_1,metacontig,94,574,480
NC_023021_1,metacontig,1483,1925,442
st_R29_M407751_S1_2,metacontig,8,457,449
st_R29_M125226_S1_1,metacontig,1276,1719,443
st_R29_M88336_S1_4,metacontig,130,571,441
st_R29_M343205_S1_3,metacontig,1262,1705,443
ar_R29_M7069_S408_5,metacontig,1432,1914,482
st_R29_M289302_S1_1,metacontig,14,494,480
st_R29_M375361_S1_7,metacontig,849,1285,436
ar_R29_M41755_S1_1,metacontig,754,1213,459
ar_R29_M7069_S25_12,metacontig,1382,1862,480
st_R29_M40084_S1_3,metacontig,282,724,442
mm_R29_M2526_S1_1,metacontig,44,504,460
st_R29_M350129_S1_13,metacontig,1071,1545,474
mm_R29_M5236_S1_2,metacontig,562,1017,455
ar_R29_M28601_S1_1,metacontig,406,870,464
mm_R29_M2900_S1_10,metacontig,1751,2217,466
ar_R29_M11644_S1_2,metacontig,391,856,465
st_R29_M152556_S1_6,metacontig,238,705,467
mm_R29_M1932_S1_5,metacontig,11,400,389
mm_R29_M7088_S1_5,metacontig,348,795,447
st_R29_M197460_S1_1,metacontig,1245,1683,438
sa_R29_M2659_S1_4,metacontig,1103,1551,448
st_R29_M88319_S1_1,metacontig,448,891,443
ar_R29_M28439_S1_6,metacontig,358,861,503
st_R29_M125224_S1_9,metacontig,1243,1683,440
st_R29_M366405_S1_16,metacontig,1304,1736,432
st_R29_M125230_S1_16,metacontig,1202,1645,443
mm_R29_M525_S1_8,metacontig,61,515,454
ar_R29_M7069_S416_1,metacontig,1458,1935,477
st_R29_M343179_S1_6,metacontig,338,781,443
st_R29_M429690_S1_4,metacontig,1046,1528,482
st_R29_M85541_S1_1,metacontig,114,558,444
st_R29_M67112_S1_10,metacontig,841,1284,443
st_R29_M297041_S1_6,metacontig,1317,1760,443
ar_R29_M3137_S2_7,metacontig,984,1456,472
st_R29_M318325_S1_2,metacontig,1835,2334,499
st_R29_M381352_S1_5,metacontig,1742,2214,472
st_R29_M137878_S1_3,metacontig,1263,1704,441
ar_R29_M7069_S1348_1,metacontig,3,406,403
st_R29_M125225_S1_1,metacontig,1248,1691,443
ar_R29_M6869_S2_1,metacontig,1479,1923,444
st_R29_M375351_S1_1,metacontig,1230,1672,442
ar_R29_M7069_S1137_2,metacontig,54,490,436
st_R29_M307225_S1_1,metacontig,1280,1723,443
st_R29_M40090_S1_6,metacontig,347,790,443
ar_R29_M7069_S1_15,metacontig,1280,1762,482
ar_R29_M7069_S774_1,metacontig,545,1058,513
st_R29_M118842_S1_5,metacontig,1148,1583,435
ar_R29_M26333_S1_2,metacontig,51,505,454
ar_R29_M18817_S1_1,metacontig,390,861,471
st_R29_M343200_S1_5,metacontig,1243,1686,443
MN510868_1,metacontig,1445,1898,453
st_R29_M119893_S1_1,metacontig,443,905,462
ar_R29_M8632_S2_2,metacontig,1291,1740,449
st_R29_M220712_S1_1,metacontig,84,545,461
st_R29_M297024_S1_1,metacontig,521,962,441
st_R29_M244026_S1_6,metacontig,1296,1740,444
st_R29_M200540_S1_1,metacontig,1276,1719,443
st_R29_M137877_S1_10,metacontig,980,1421,441
st_R29_M297034_S1_1,metacontig,456,899,443
st_R29_M370216_S1_13,metacontig,1213,1652,439
st_R29_M260308_S1_5,metacontig,1455,1920,465
st_R29_M284430_S1_1,metacontig,5,440,435
st_R29_M244017_S1_8,metacontig,1285,1723,438
ar_R29_M7069_S430_2,metacontig,1456,1936,480
ar_R29_M3194_S1_5,metacontig,1481,1923,442
st_R29_M417065_S1_3,metacontig,1618,2087,469
st_R29_M230520_S1_10,metacontig,1349,1790,441
al_R29_M17_S1_2,metacontig,1317,1778,461
st_R29_M297038_S1_1,metacontig,1241,1684,443
st_R29_M233709_S2_2,metacontig,46,498,452
st_R29_M307194_S1_1,metacontig,253,696,443
st_R29_M297018_S1_5,metacontig,295,738,443
ar_R29_M1898_S1_5,metacontig,2206,2658,452
st_R29_M112321_S1_5,metacontig,766,1217,451
st_R29_M244009_S1_7,metacontig,1089,1532,443
st_R29_M348764_S1_9,metacontig,1231,1669,438
sp_R29_M869_S1_2,metacontig,1277,1715,438
st_R29_M71909_S1_1,metacontig,1248,1691,443
st_R29_M96704_S1_4,metacontig,41,518,477
ar_R29_M16040_S1_3,metacontig,305,759,454
st_R29_M85536_S1_6,metacontig,498,936,438
ar_R29_M16741_S1_5,metacontig,1334,1779,445
st_R29_M1098_S1_8,metacontig,353,784,431
st_R29_M197451_S1_10,metacontig,1229,1667,438
mm_R29_M1354_S1_8,metacontig,992,1445,453
st_R29_M244016_S1_10,metacontig,1283,1725,442
mm_R29_M6912_S3_4,metacontig,1062,1528,466
st_R29_M314966_S1_1,metacontig,1294,1765,471
mm_R29_M5753_S1_9,metacontig,1286,1773,487
st_R29_M197451_S2_1,metacontig,1246,1688,442
st_R29_M315005_S1_2,metacontig,1236,1714,478
sa_R29_M1094_S1_2,metacontig,1322,1773,451
mm_R29_M6936_S1_5,metacontig,1536,1991,455
st_R29_M307222_S2_1,metacontig,249,693,444
mm_R29_M6518_S1_13,metacontig,634,1089,455
ar_R29_M2283_S3_2,metacontig,228,691,463
st_R29_M85544_S1_5,metacontig,211,649,438
st_R29_M343188_S1_1,metacontig,1274,1716,442
st_R29_M244008_S1_12,metacontig,1269,1711,442
st_R29_M297054_S1_4,metacontig,208,646,438
ri_R29_M88_S1_1,metacontig,349,824,475
ar_R29_M32091_S1_4,metacontig,36,489,453
mm_R29_M6147_S2_1,metacontig,155,613,458
st_R29_M297016_S1_1,metacontig,1249,1688,439
ar_R29_M39299_S1_1,metacontig,714,1208,494
st_R29_M170341_S1_1,metacontig,223,652,429
st_R29_M212650_S1_1,metacontig,219,699,480
ar_R29_M19611_S1_4,metacontig,2452,2953,501
ar_R29_M33680_S1_3,metacontig,446,927,481
st_R29_M259002_S1_7,metacontig,694,1163,469
ar_R29_M13260_S1_1,metacontig,537,1003,466
st_R29_M88318_S1_1,metacontig,1204,1640,436
st_R29_M89252_S1_1,metacontig,887,1368,481
NC_003005_2,metacontig,1645,2085,440
st_R29_M297033_S1_13,metacontig,1257,1700,443
sp_R29_M151_S1_1,metacontig,1223,1659,436
st_R29_M137885_S3_1,metacontig,288,731,443
st_R29_M348740_S1_9,metacontig,1271,1709,438
st_R29_M200548_S1_6,metacontig,1269,1706,437
fu_R29_M1137_S1_2,metacontig,530,998,468
st_R29_M343189_S1_3,metacontig,224,667,443
ar_R29_M41271_S1_1,metacontig,580,1013,433
st_R29_M297047_S1_2,metacontig,1076,1514,438
mm_R29_M6994_S5_1,metacontig,36,489,453
ar_R29_M19611_S2_3,metacontig,197,698,501
sp_R29_M529_S1_1,metacontig,969,1410,441
st_R29_M67116_S1_1,metacontig,1195,1642,447
AF150629_1,metacontig,1444,1897,453
st_R29_M297037_S1_11,metacontig,1218,1661,443
mm_R29_M4073_S1_12,metacontig,4,418,414
ar_R29_M1590_S1_1,metacontig,1231,1673,442
NC_001632_3,metacontig,2976,3455,479
mm_R29_M6147_S1_1,metacontig,510,973,463
ar_R29_M38456_S1_3,metacontig,1365,1842,477
mm_R29_M1570_S1_1,metacontig,1160,1612,452
ar_R29_M8632_S7_2,metacontig,1191,1640,449
mm_R29_M4284_S1_2,metacontig,152,608,456
sa_R29_M1519_S1_4,metacontig,714,1166,452
st_R29_M343166_S1_1,metacontig,1234,1672,438
ar_R29_M1515_S1_2,metacontig,474,954,480
ar_R29_M3768_S1_1,metacontig,1,413,412
st_R29_M28966_S1_4,metacontig,125,545,420
st_R29_M85543_S1_1,metacontig,569,1012,443
ar_R29_M14285_S1_1,metacontig,1340,1823,483
mm_R29_M2260_S1_1,metacontig,1437,1949,512
st_R29_M297050_S1_10,metacontig,1268,1717,449
st_R29_M358140_S1_2,metacontig,1348,1824,476
ma_R29_M6579_S1_7,metacontig,1114,1562,448
mm_R29_M1075_S1_2,metacontig,322,770,448
st_R29_M85547_S1_2,metacontig,6,440,434
st_R29_M40083_S1_1,metacontig,1175,1618,443
ar_R29_M22765_S1_2,metacontig,207,647,440
mm_R29_M5853_S1_1,metacontig,1211,1669,458
ar_R29_M37997_S1_4,metacontig,839,1294,455
st_R29_M348801_S1_1,metacontig,1243,1687,444
mm_R29_M593_S1_1,metacontig,1366,1768,402
st_R29_M348776_S1_12,metacontig,312,750,438
MH459180_1,metacontig,1147,1603,456
mm_R29_M5766_S1_3,metacontig,1561,2020,459
ar_R29_M19147_S1_1,metacontig,11,435,424
st_R29_M348751_S1_8,metacontig,1236,1678,442
st_R29_M125240_S1_10,metacontig,1230,1668,438
st_R29_M348739_S1_1,metacontig,213,655,442
ar_R29_M35716_S1_7,metacontig,694,1143,449
NC_014793_3,metacontig,1726,2166,440
ar_R29_M40019_S1_1,metacontig,800,1241,441
st_R29_M297042_S1_1,metacontig,1271,1714,443
st_R29_M140944_S1_4,metacontig,1253,1733,480
ar_R29_M8404_S1_1,metacontig,506,978,472
sa_R29_M439_S1_1,metacontig,473,932,459
st_R29_M137875_S1_3,metacontig,14,439,425
st_R29_M112277_S1_2,metacontig,4,502,498
st_R29_M71943_S1_12,metacontig,1274,1718,444
ar_R29_M7069_S1176_1,metacontig,412,871,459
st_R29_M116461_S1_2,metacontig,115,567,452
st_R29_M67125_S1_2,metacontig,8,443,435
st_R29_M343183_S1_2,metacontig,1218,1661,443
st_R29_M51375_S1_1,metacontig,3282,3772,490
st_R29_M201096_S1_1,metacontig,1193,1686,493
ar_R29_M18403_S1_1,metacontig,11,414,403
NC_029052_1,metacontig,1340,1823,483
ar_R29_M37231_S1_2,metacontig,928,1380,452
ar_R29_M29779_S1_2,metacontig,251,704,453
ar_R29_M31555_S1_1,metacontig,83,562,479
ar_R29_M43110_S1_8,metacontig,829,1298,469
ar_R29_M22635_S2_2,metacontig,919,1368,449
st_R29_M417073_S2_11,metacontig,992,1424,432
st_R29_M323961_S1_1,metacontig,910,1376,466
st_R29_M197452_S1_7,metacontig,1168,1604,436
ar_R29_M35626_S1_2,metacontig,612,1067,455
ar_R29_M4811_S1_2,metacontig,72,507,435
mm_R29_M7112_S1_2,metacontig,516,973,457
KF751885_1,metacontig,2567,3029,462
st_R29_M348767_S1_4,metacontig,294,724,430
st_R29_M277152_S1_1,metacontig,904,1353,449
ar_R29_M7069_S413_6,metacontig,43,476,433
st_R29_M125233_S1_1,metacontig,1249,1692,443
ma_R29_M163_S18_1,metacontig,1412,1865,453
ar_R29_M7069_S576_4,metacontig,1099,1549,450
mm_R29_M3034_S1_1,metacontig,237,724,487
st_R29_M343180_S1_10,metacontig,1274,1714,440
ar_R29_M25141_S1_1,metacontig,1208,1660,452
st_R29_M417073_S1_4,metacontig,1361,1793,432
st_R29_M307199_S1_1,metacontig,1240,1683,443
MH536109_2,metacontig,1403,1849,446
ar_R29_M1911_S1_2,metacontig,43,503,460
st_R29_M126378_S1_2,metacontig,1063,1505,442
st_R29_M393576_S1_3,metacontig,954,1398,444
mm_R29_M1033_S1_4,metacontig,74,581,507
ar_R29_M35964_S3_5,metacontig,242,696,454
st_R29_M348752_S1_1,metacontig,1205,1643,438
st_R29_M343209_S1_8,metacontig,1262,1705,443
MT079818_2,metacontig,52,507,455
ar_R29_M16513_S1_7,metacontig,1601,2041,440
st_R29_M308388_S1_1,metacontig,589,1023,434
st_R29_M71910_S1_1,metacontig,519,958,439
st_R29_M441027_S1_1,metacontig,434,938,504
ar_R29_M25987_S1_2,metacontig,709,1163,454
ar_R29_M7069_S384_4,metacontig,1450,1934,484
st_R29_M83244_S1_3,metacontig,391,877,486
st_R29_M195914_S1_4,metacontig,179,614,435
ar_R29_M29912_S1_1,metacontig,1892,2401,509
fi_R29_M789_S1_2,metacontig,1327,1781,454
ar_R29_M7574_S4_3,metacontig,1285,1768,483
ar_R29_M40570_S1_2,metacontig,2472,2917,445
ar_R29_M21815_S1_1,metacontig,297,751,454
st_R29_M97368_S1_8,metacontig,1312,1792,480
ar_R29_M34239_S2_1,metacontig,12,500,488
mm_R29_M3438_S1_1,metacontig,1215,1663,448
st_R29_M384556_S1_5,metacontig,278,744,466
st_R29_M142160_S1_2,metacontig,672,1110,438
ar_R29_M42154_S2_1,metacontig,265,728,463
ar_R29_M7574_S9_7,metacontig,394,878,484
ar_R29_M8551_S1_1,metacontig,3,423,420
st_R29_M89238_S2_3,metacontig,1227,1691,464
MN917675_2,metacontig,1134,1602,468
ar_R29_M7069_S954_3,metacontig,57,493,436
mm_R29_M3750_S1_1,metacontig,460,929,469
ar_R29_M34239_S1_1,metacontig,1809,2317,508
st_R29_M71906_S1_2,metacontig,2,435,433
st_R29_M313657_S1_14,metacontig,928,1391,463
mm_R29_M6994_S1_1,metacontig,926,1380,454
mm_R29_M3725_S1_1,metacontig,1,375,374
mm_R29_M4510_S1_21,metacontig,1187,1649,462
ar_R29_M35964_S1_20,metacontig,1393,1847,454
mm_R29_M7383_S1_1,metacontig,1020,1489,469
ar_R29_M15578_S1_6,metacontig,410,858,448
MF593921_1,metacontig,1398,1857,459
am_R29_M78_S1_5,metacontig,1159,1611,452
st_R29_M142160_S2_2,metacontig,646,1084,438
st_R29_M387943_S1_17,metacontig,1316,1767,451
ar_R29_M24992_S1_1,metacontig,1478,1989,511
ar_R29_M14614_S1_1,metacontig,3,394,391
ar_R29_M21845_S1_2,metacontig,719,1182,463
st_R29_M102524_S1_1,metacontig,4,409,405
st_R29_M61907_S1_1,metacontig,1257,1699,442
ar_R29_M14285_S3_1,metacontig,266,722,456
ar_R29_M34362_S1_3,metacontig,835,1296,461
st_R29_M60844_S1_2,metacontig,1382,1846,464
st_R29_M176288_S1_2,metacontig,718,1207,489
st_R29_M171978_S1_7,metacontig,276,720,444
mm_R29_M6589_S1_13,metacontig,1266,1728,462
st_R29_M375352_S1_9,metacontig,1285,1728,443
ma_R29_M1221_S1_5,metacontig,104,598,494
ar_R29_M5912_S1_1,metacontig,547,994,447
ar_R29_M6520_S1_1,metacontig,465,928,463
st_R29_M177845_S1_2,metacontig,1170,1675,505
st_R29_M296014_S1_3,metacontig,1253,1736,483
st_R29_M400505_S2_1,metacontig,215,678,463
st_R29_M25006_S1_2,metacontig,427,880,453
st_R29_M23114_S1_2,metacontig,3,410,407
ar_R29_M27614_S1_1,metacontig,71,527,456
st_R29_M319335_S1_9,metacontig,1476,1937,461
ar_R29_M17036_S1_1,metacontig,534,995,461
st_R29_M295981_S1_1,metacontig,1492,1938,446
st_R29_M113762_S1_2,metacontig,988,1450,462
st_R29_M177835_S1_1,metacontig,893,1379,486
st_R29_M101779_S1_2,metacontig,246,724,478
ar_R29_M2498_S155_1,metacontig,215,675,460
st_R29_M35083_S1_3,metacontig,64,547,483
st_R29_M256563_S1_3,metacontig,795,1230,435
st_R29_M297049_S1_9,metacontig,1263,1705,442
ar_R29_M35172_S1_2,metacontig,2326,2795,469
st_R29_M60842_S1_7,metacontig,564,1032,468
st_R29_M296002_S1_3,metacontig,1190,1674,484
st_R29_M252912_S1_1,metacontig,132,573,441
ma_R29_M5482_S1_2,metacontig,1785,2219,434
mm_R29_M978_S4_2,metacontig,183,637,454
st_R29_M319335_S3_20,metacontig,1518,1979,461
st_R29_M234954_S1_5,metacontig,482,914,432
ar_R29_M2498_S132_1,metacontig,78,538,460
mm_R29_M6097_S1_1,metacontig,376,851,475
st_R29_M112505_S1_1,metacontig,1378,1831,453
ma_R29_M365_S1_1,metacontig,1320,1786,466
st_R29_M306883_S1_1,metacontig,126,570,444
st_R29_M343170_S1_11,metacontig,1206,1649,443
ar_R29_M5724_S1_8,metacontig,1327,1761,434
st_R29_M92004_S1_3,metacontig,1675,2148,473
st_R29_M311115_S1_12,metacontig,1450,1916,466
ar_R29_M37415_S1_6,metacontig,2199,2667,468
ar_R29_M8319_S1_1,metacontig,331,783,452
ar_R29_M24894_S1_1,metacontig,6,494,488
ar_R29_M13773_S1_1,metacontig,2,456,454
ar_R29_M7574_S10_3,metacontig,584,1068,484
NC_027818_2,metacontig,1792,2235,443
st_R29_M277197_S1_1,metacontig,26,434,408
ar_R29_M34482_S10_1,metacontig,777,1245,468
mm_R29_M978_S1_2,metacontig,1088,1543,455
st_R29_M441025_S1_1,metacontig,1296,1773,477
ar_R29_M7069_S1078_2,metacontig,158,618,460
st_R29_M315400_S2_1,metacontig,30,514,484
st_R29_M67126_S1_4,metacontig,6,418,412
mm_R29_M3550_S1_5,metacontig,3,455,452
st_R29_M307195_S1_2,metacontig,1218,1656,438
ar_R29_M2498_S142_1,metacontig,699,1166,467
ar_R29_M2498_S150_2,metacontig,7,461,454
fu_R29_M5524_S1_3,metacontig,2252,2711,459
st_R29_M51397_S1_1,metacontig,2,409,407
st_R29_M23076_S30_2,metacontig,276,759,483
NC_040561_3,metacontig,1313,1814,501
KT207897_1,metacontig,1326,1790,464
ar_R29_M7069_S1208_1,metacontig,251,711,460
st_R29_M183753_S1_1,metacontig,8,433,425
st_R29_M33113_S1_1,metacontig,160,555,395
st_R29_M109719_S1_3,metacontig,1388,1843,455
st_R29_M269714_S1_13,metacontig,1491,1930,439
ar_R29_M7069_S921_7,metacontig,40,501,461
ar_R29_M7069_S1203_1,metacontig,437,856,419
ar_R29_M7069_S1240_2,metacontig,307,767,460
ar_R29_M21440_S1_1,metacontig,1356,1832,476
st_R29_M312085_S1_5,metacontig,133,575,442
st_R29_M92305_S1_4,metacontig,597,1042,445
ar_R29_M33617_S5_3,metacontig,302,776,474
MN722415_2,metacontig,1185,1638,453
MN296516_3,metacontig,1278,1761,483
ar_R29_M28731_S1_2,metacontig,536,1000,464
st_R29_M441028_S1_2,metacontig,284,771,487
st_R29_M21156_S1_1,metacontig,3,411,408
st_R29_M400505_S1_5,metacontig,1481,1944,463
ar_R29_M28542_S1_4,metacontig,1604,2044,440
st_R29_M384561_S1_1,metacontig,1024,1487,463
st_R29_M28554_S1_1,metacontig,537,1024,487
ar_R29_M7069_S1145_3,metacontig,435,895,460
st_R29_M188990_S1_8,metacontig,1352,1815,463
ar_R29_M42154_S1_1,metacontig,2137,2600,463
st_R29_M440610_S1_2,metacontig,745,1230,485
ar_R29_M10359_S1_3,metacontig,60,506,446
mm_R29_M5793_S28_13,metacontig,1070,1524,454
st_R29_M119855_S1_4,metacontig,1388,1835,447
ar_R29_M7069_S1017_3,metacontig,515,975,460
ar_R29_M10220_S2_2,metacontig,35,440,405
ar_R29_M7069_S883_4,metacontig,129,597,468
st_R29_M1581_S1_1,metacontig,203,676,473
ar_R29_M38158_S1_1,metacontig,742,1209,467
ar_R29_M23326_S1_8,metacontig,1291,1763,472
ar_R29_M24300_S1_1,metacontig,343,807,464
st_R29_M311558_S1_2,metacontig,582,1058,476
ar_R29_M2498_S145_3,metacontig,568,1028,460
ar_R29_M4469_S1_1,metacontig,522,1010,488
ar_R29_M7069_S298_6,metacontig,1487,1961,474
ar_R29_M2498_S139_4,metacontig,588,1048,460
st_R29_M23076_S27_7,metacontig,655,1138,483
fi_R29_M1149_S1_2,metacontig,192,660,468
st_R29_M170352_S1_2,metacontig,50,508,458
ar_R29_M5447_S1_1,metacontig,35,491,456
ar_R29_M41322_S1_1,metacontig,261,731,470
st_R29_M23076_S5_8,metacontig,1250,1726,476
st_R29_M317484_S1_1,metacontig,1021,1495,474
st_R29_M23076_S16_7,metacontig,1289,1765,476
st_R29_M234847_S1_1,metacontig,1128,1605,477
ar_R29_M7069_S1012_3,metacontig,853,1320,467
st_R29_M441022_S1_4,metacontig,1654,2135,481
ar_R29_M4111_S1_14,metacontig,1005,1468,463
st_R29_M412391_S1_16,metacontig,862,1306,444
DQ991030_1,metacontig,1787,2226,439
ar_R29_M23101_S1_14,metacontig,1926,2414,488
mm_R29_M7344_S1_1,metacontig,174,607,433
st_R29_M353592_S1_3,metacontig,4,435,431
ar_R29_M32730_S1_1,metacontig,13,491,478
ar_R29_M2498_S138_4,metacontig,835,1295,460
NC_018570_1,metacontig,1589,2033,444
ar_R29_M2498_S137_1,metacontig,862,1322,460
st_R29_M177837_S1_1,metacontig,10,475,465
st_R29_M23076_S8_12,metacontig,1250,1726,476
mm_R29_M4241_S1_3,metacontig,302,756,454
st_R29_M277198_S1_1,metacontig,2,414,412
ar_R29_M7069_S551_3,metacontig,932,1392,460
NC_040542_1,metacontig,1907,2402,495
ar_R29_M7069_S269_2,metacontig,2494,2954,460
st_R29_M77604_S1_4,metacontig,758,1248,490
mm_R29_M6299_S1_3,metacontig,114,581,467
st_R29_M83153_S1_2,metacontig,346,813,467
st_R29_M445940_S1_1,metacontig,80,554,474
st_R29_M165697_S1_1,metacontig,586,1046,460
ar_R29_M37887_S1_1,metacontig,794,1360,566
st_R29_M33103_S1_1,metacontig,1341,1793,452
st_R29_M197559_S1_2,metacontig,7,450,443
ar_R29_M8191_S1_1,metacontig,213,687,474
ar_R29_M7069_S1160_5,metacontig,566,978,412
ar_R29_M20273_S1_1,metacontig,1421,1883,462
st_R29_M28544_S1_5,metacontig,1598,2085,487
st_R29_M366407_S1_1,metacontig,70,532,462
st_R29_M54668_S1_6,metacontig,303,782,479
st_R29_M391959_S1_2,metacontig,15,384,369
st_R29_M43288_S1_1,metacontig,1,377,376
st_R29_M88295_S1_1,metacontig,1389,1848,459
ar_R29_M35961_S1_1,metacontig,4,372,368
st_R29_M67130_S1_1,metacontig,2,405,403
st_R29_M76377_S1_1,metacontig,765,1188,423
ar_R29_M7069_S94_2,metacontig,1341,1801,460
ar_R29_M2498_S121_5,metacontig,1344,1804,460
ar_R29_M17413_S1_4,metacontig,1048,1501,453
st_R29_M365906_S1_1,metacontig,1492,1966,474
ar_R29_M1196_S1_1,metacontig,109,568,459
ar_R29_M2498_S115_1,metacontig,1555,2020,465
KJ679438_1,metacontig,2495,2960,465
mm_R29_M4761_S1_7,metacontig,17,530,513
st_R29_M323789_S1_11,metacontig,1330,1793,463
ar_R29_M18286_S1_2,metacontig,1504,1960,456
ar_R29_M21834_S1_2,metacontig,263,781,518
MW115117_1,metacontig,2499,2959,460
st_R29_M358639_S1_3,metacontig,1312,1779,467
st_R29_M219545_S1_1,metacontig,193,665,472
ar_R29_M2498_S26_2,metacontig,2546,3007,461
st_R29_M175765_S1_1,metacontig,206,678,472
KX035096_1,metacontig,1778,2220,442
MN823685_2,metacontig,1211,1728,517
st_R29_M82718_S2_1,metacontig,661,1161,500
ar_R29_M36857_S1_8,metacontig,1658,2134,476
st_R29_M177846_S1_1,metacontig,169,631,462
ar_R29_M34239_S3_1,metacontig,5,476,471
st_R29_M83243_S1_1,metacontig,1263,1740,477
ma_R29_M395_S1_1,metacontig,19,511,492
st_R29_M326217_S1_1,metacontig,52,508,456
ar_R29_M27154_S1_1,metacontig,54,528,474
sa_R29_M401_S1_5,metacontig,262,715,453
ar_R29_M42154_S3_2,metacontig,234,670,436
st_R29_M166781_S2_7,metacontig,1293,1761,468
st_R29_M295951_S1_1,metacontig,181,660,479
mm_R29_M5793_S21_4,metacontig,1461,1903,442
KT229612_1,metacontig,1833,2271,438
ar_R29_M2498_S8_7,metacontig,2537,2997,460
ar_R29_M2498_S13_1,metacontig,2549,3009,460
mm_R29_M3244_S1_5,metacontig,481,974,493
st_R29_M120790_S1_2,metacontig,1274,1738,464
ar_R29_M2498_S24_6,metacontig,2537,2997,460
ar_R29_M10942_S1_2,metacontig,641,1112,471
ar_R29_M20717_S1_3,metacontig,1391,1848,457
st_R29_M415661_S1_1,metacontig,1511,1995,484
ar_R29_M12101_S1_1,metacontig,8,453,445
st_R29_M219545_S2_3,metacontig,264,736,472
st_R29_M118493_S1_3,metacontig,1189,1665,476
st_R29_M83242_S1_2,metacontig,1239,1722,483
ar_R29_M8107_S1_1,metacontig,1216,1711,495
st_R29_M441029_S1_2,metacontig,1770,2281,511
st_R29_M33155_S1_1,metacontig,316,778,462
st_R29_M363967_S2_1,metacontig,55,530,475
ch_R29_M310_S1_3,metacontig,1209,1672,463
fi_R29_M1440_S1_2,metacontig,47,493,446
ar_R29_M27670_S1_2,metacontig,679,1145,466
st_R29_M40726_S1_2,metacontig,1151,1614,463
st_R29_M177848_S1_4,metacontig,1604,2108,504
ar_R29_M33523_S1_1,metacontig,2333,2796,463
ar_R29_M22104_S1_4,metacontig,1293,1763,470
ma_R29_M2814_S1_3,metacontig,1222,1686,464
ar_R29_M7574_S12_1,metacontig,823,1307,484
st_R29_M351946_S1_4,metacontig,4,464,460
ar_R29_M1907_S1_1,metacontig,3,408,405
ar_R29_M7069_S556_1,metacontig,1307,1735,428
mm_R29_M7076_S1_4,metacontig,2263,2722,459
ar_R29_M21881_S1_1,metacontig,9,395,386
st_R29_M238670_S1_1,metacontig,11,403,392
ar_R29_M4644_S1_6,metacontig,1359,1858,499
fi_R29_M648_S1_1,metacontig,2470,2950,480
mm_R29_M4001_S1_6,metacontig,1326,1775,449
ar_R29_M7069_S959_3,metacontig,68,481,413
st_R29_M238987_S1_1,metacontig,8,435,427
st_R29_M137711_S1_3,metacontig,941,1424,483
ar_R29_M33171_S1_2,metacontig,34,443,409
st_R29_M277200_S1_1,metacontig,724,1185,461
mm_R29_M5793_S42_11,metacontig,983,1419,436
st_R29_M171609_S1_9,metacontig,1464,1912,448
ar_R29_M26711_S1_1,metacontig,246,721,475
mm_R29_M4635_S1_1,metacontig,5,456,451
st_R29_M117783_S1_2,metacontig,260,729,469
ar_R29_M5752_S1_2,metacontig,1171,1639,468
st_R29_M322925_S1_1,metacontig,357,833,476
ar_R29_M32603_S1_1,metacontig,39,434,395
st_R29_M307198_S1_2,metacontig,17,418,401
st_R29_M226089_S1_6,metacontig,1522,1986,464
NC_040586_2,metacontig,2935,3418,483
AB258387_2,metacontig,1781,2220,439
st_R29_M375329_S1_5,metacontig,12,413,401
ar_R29_M26618_S1_14,metacontig,1499,1962,463
ar_R29_M27868_S1_3,metacontig,1147,1598,451
st_R29_M183755_S1_1,metacontig,9,432,423
ar_R29_M35836_S1_2,metacontig,100,582,482
ar_R29_M2498_S38_1,metacontig,2533,2994,461
st_R29_M97671_S1_11,metacontig,2180,2643,463
st_R29_M175741_S1_4,metacontig,3304,3776,472
st_R29_M277196_S1_2,metacontig,1341,1802,461
mm_R29_M5793_S60_5,metacontig,408,833,425
ar_R29_M2961_S1_1,metacontig,175,615,440
ar_R29_M6326_S1_6,metacontig,183,648,465
st_R29_M82718_S1_3,metacontig,1428,1928,500
st_R29_M25009_S1_5,metacontig,716,1153,437
st_R29_M119412_S1_3,metacontig,1358,1834,476
ar_R29_M12823_S1_1,metacontig,1346,1813,467
fu_R29_M2213_S1_2,metacontig,647,1108,461
ar_R29_M5701_S1_2,metacontig,4,366,362
ar_R29_M13681_S1_1,metacontig,1374,1833,459
ar_R29_M31178_S1_1,metacontig,2,406,404
st_R29_M130282_S1_1,metacontig,46,532,486
ar_R29_M10317_S1_2,metacontig,23,452,429
st_R29_M171299_S1_7,metacontig,1551,2008,457
st_R29_M5513_S1_2,metacontig,653,1135,482
st_R29_M314617_S1_1,metacontig,1407,1886,479
st_R29_M358638_S1_6,metacontig,1312,1779,467
ar_R29_M30108_S1_1,metacontig,1706,2168,462
st_R29_M45636_S1_2,metacontig,1456,1930,474
st_R29_M105967_S1_1,metacontig,432,866,434
st_R29_M76099_S1_8,metacontig,80,531,451
st_R29_M210505_S1_7,metacontig,1294,1761,467
st_R29_M201304_S1_1,metacontig,41,524,483
st_R29_M370120_S1_9,metacontig,1278,1742,464
st_R29_M210317_S1_1,metacontig,1341,1837,496
st_R29_M40734_S1_2,metacontig,311,760,449
st_R29_M417045_S1_4,metacontig,77,528,451
ar_R29_M7069_S1147_1,metacontig,292,766,474
st_R29_M209280_S1_2,metacontig,1124,1599,475
st_R29_M185419_S1_3,metacontig,628,1106,478
st_R29_M289041_S1_1,metacontig,51,559,508
ar_R29_M2168_S1_5,metacontig,1487,1947,460
mm_R29_M7739_S1_1,metacontig,708,1184,476
ar_R29_M29450_S1_5,metacontig,182,648,466
sp_R29_M517_S1_4,metacontig,24,492,468
sa_R29_M1130_S1_2,metacontig,98,577,479
st_R29_M200530_S1_1,metacontig,7,403,396
ar_R29_M23630_S1_3,metacontig,1628,2068,440
ar_R29_M25063_S1_3,metacontig,298,760,462
st_R29_M137892_S1_2,metacontig,54,456,402
ar_R29_M1087_S17_4,metacontig,356,840,484
st_R29_M380056_S1_1,metacontig,106,579,473
ar_R29_M4963_S1_3,metacontig,44,526,482
st_R29_M17569_S1_1,metacontig,225,694,469
mm_R29_M1953_S2_1,metacontig,69,541,472
st_R29_M314616_S1_1,metacontig,58,542,484
ar_R29_M7529_S1_4,metacontig,858,1318,460
mm_R29_M8062_S1_1,metacontig,77,535,458
ar_R29_M26567_S1_7,metacontig,2563,3028,465
NC_028981_1,metacontig,1786,2226,440
st_R29_M16410_S1_2,metacontig,120,591,471
sp_R29_M829_S1_2,metacontig,1327,1799,472
ma_R29_M6812_S1_1,metacontig,375,850,475
st_R29_M248322_S1_2,metacontig,1201,1671,470
st_R29_M395033_S1_2,metacontig,1312,1778,466
mm_R29_M7975_S1_3,metacontig,143,571,428
EU140838_1,metacontig,1798,2239,441
st_R29_M3816_S1_3,metacontig,1273,1755,482
st_R29_M15934_S3_1,metacontig,850,1320,470
ar_R29_M21284_S1_1,metacontig,715,1193,478
mm_R29_M2923_S4_2,metacontig,183,651,468
st_R29_M66429_S1_2,metacontig,831,1284,453
st_R29_M395036_S1_3,metacontig,1311,1778,467
MH713426_3,metacontig,2960,3435,475
ma_R29_M2008_S1_1,metacontig,4,394,390
st_R29_M393516_S1_2,metacontig,1115,1583,468
st_R29_M119867_S1_2,metacontig,1332,1774,442
ar_R29_M18951_S1_1,metacontig,1165,1608,443
st_R29_M97683_S1_6,metacontig,1166,1620,454
ar_R29_M6804_S1_1,metacontig,250,724,474
st_R29_M307208_S1_1,metacontig,2,408,406
ar_R29_M11922_S1_2,metacontig,736,1200,464
st_R29_M222551_S1_4,metacontig,1346,1818,472
st_R29_M358633_S1_4,metacontig,705,1173,468
st_R29_M311715_S1_3,metacontig,107,561,454
st_R29_M16143_S1_7,metacontig,1275,1758,483
mm_R29_M7428_S1_1,metacontig,1180,1632,452
st_R29_M51613_S1_5,metacontig,525,978,453
ar_R29_M337_S1_5,metacontig,107,548,441
st_R29_M71892_S1_1,metacontig,136,530,394
st_R29_M238323_S1_2,metacontig,693,1174,481
ar_R29_M7069_S157_7,metacontig,2530,2998,468
al_R29_M667_S1_2,metacontig,131,601,470
NC_023628_1,metacontig,2372,2839,467
st_R29_M253513_S1_19,metacontig,1449,1883,434
st_R29_M442490_S3_2,metacontig,854,1302,448
ar_R29_M7069_S962_1,metacontig,18,429,411
st_R29_M273887_S1_2,metacontig,122,600,478
st_R29_M24833_S1_4,metacontig,136,550,414
ar_R29_M7069_S216_2,metacontig,1327,1767,440
mm_R29_M6981_S1_2,metacontig,199,652,453
st_R29_M366296_S1_2,metacontig,30,460,430
ar_R29_M25917_S1_3,metacontig,2971,3475,504
st_R29_M104101_S1_1,metacontig,158,572,414
NC_024497_1,metacontig,2519,2978,459
st_R29_M442476_S1_3,metacontig,1160,1609,449
st_R29_M426401_S1_11,metacontig,1411,1879,468
ar_R29_M7069_S50_7,metacontig,2610,3086,476
ar_R29_M41868_S1_1,metacontig,77,544,467
mm_R29_M7734_S1_3,metacontig,51,512,461
ar_R29_M27773_S1_2,metacontig,891,1370,479
ar_R29_M9814_S1_1,metacontig,1,400,399
ar_R29_M2498_S156_3,metacontig,40,451,411
fi_R29_M1881_S1_2,metacontig,1143,1611,468
ar_R29_M4854_S1_1,metacontig,255,712,457
st_R29_M34701_S1_12,metacontig,1194,1688,494
st_R29_M299285_S1_2,metacontig,2861,3357,496
st_R29_M236058_S1_3,metacontig,1555,2023,468
st_R29_M21655_S1_8,metacontig,209,687,478
mm_R29_M6347_S4_1,metacontig,397,902,505
ar_R29_M15378_S1_1,metacontig,17,520,503
st_R29_M332621_S1_1,metacontig,3,433,430
st_R29_M299156_S1_1,metacontig,1333,1782,449
st_R29_M60833_S1_1,metacontig,1286,1759,473
ar_R29_M15417_S1_2,metacontig,1384,1844,460
st_R29_M266640_S1_4,metacontig,132,622,490
st_R29_M153820_S1_2,metacontig,1024,1470,446
st_R29_M401735_S1_2,metacontig,60,537,477
ar_R29_M10472_S1_5,metacontig,300,733,433
mm_R29_M3332_S1_1,metacontig,1124,1581,457
ar_R29_M9098_S1_6,metacontig,1336,1812,476
st_R29_M259080_S2_5,metacontig,446,889,443
MK777993_1,metacontig,2331,2779,448
st_R29_M74619_S1_1,metacontig,42,456,414
ar_R29_M1087_S31_1,metacontig,206,690,484
fi_R29_M390_S1_1,metacontig,1210,1678,468
ar_R29_M21670_S1_1,metacontig,828,1299,471
st_R29_M442490_S1_3,metacontig,1156,1603,447
ar_R29_M7069_S229_5,metacontig,2129,2603,474
sa_R29_M2437_S1_5,metacontig,1179,1592,413
mm_R29_M5126_S1_1,metacontig,465,942,477
st_R29_M201312_S1_3,metacontig,123,599,476
mm_R29_M6347_S1_1,metacontig,1444,1949,505
al_R29_M371_S1_1,metacontig,1121,1617,496
st_R29_M227373_S1_4,metacontig,93,568,475
ar_R29_M7069_S1094_1,metacontig,543,1017,474
st_R29_M94390_S3_1,metacontig,2455,2891,436
st_R29_M417060_S1_4,metacontig,1414,1865,451
st_R29_M119585_S8_1,metacontig,586,1080,494
st_R29_M106855_S1_4,metacontig,219,653,434
mm_R29_M2159_S1_1,metacontig,807,1254,447
mm_R29_M8188_S1_4,metacontig,683,1178,495
ar_R29_M1087_S15_1,metacontig,2012,2499,487
mm_R29_M8124_S1_10,metacontig,1073,1549,476
AB701696_1,metacontig,2414,2865,451
mm_R29_M62_S1_1,metacontig,1136,1605,469
st_R29_M209285_S1_6,metacontig,704,1162,458
st_R29_M400373_S1_10,metacontig,1359,1826,467
st_R29_M215602_S1_1,metacontig,3075,3554,479
mm_R29_M7687_S1_1,metacontig,275,724,449
st_R29_M100636_S1_6,metacontig,1579,2062,483
st_R29_M49327_S1_1,metacontig,34,498,464
st_R29_M2603_S1_1,metacontig,30,441,411
mm_R29_M5514_S1_2,metacontig,1898,2372,474
MN729612_3,metacontig,1200,1647,447
ar_R29_M39320_S1_3,metacontig,443,914,471
ar_R29_M35721_S1_2,metacontig,1649,2111,462
st_R29_M299176_S1_7,metacontig,1192,1668,476
st_R29_M114256_S1_5,metacontig,1211,1695,484
st_R29_M69750_S1_5,metacontig,514,928,414
st_R29_M34743_S1_3,metacontig,45,453,408
AB701724_1,metacontig,2439,2887,448
st_R29_M79311_S14_6,metacontig,535,949,414
JQ320375_2,metacontig,1540,2011,471
ar_R29_M25537_S1_1,metacontig,22,424,402
ar_R29_M24327_S1_2,metacontig,667,1149,482
st_R29_M79311_S16_2,metacontig,664,1078,414
mm_R29_M1207_S1_5,metacontig,66,522,456
ar_R29_M15518_S1_1,metacontig,1059,1501,442
ar_R29_M1087_S3_5,metacontig,1137,1619,482
st_R29_M81899_S1_5,metacontig,215,651,436
ar_R29_M7069_S694_7,metacontig,1775,2249,474
AY644676_1,metacontig,1774,2225,451
ch_R29_M122_S1_4,metacontig,305,653,348
AB701721_2,metacontig,2439,2888,449
st_R29_M414714_S1_1,metacontig,3,412,409
st_R29_M99050_S1_1,metacontig,37,449,412
mm_R29_M4349_S1_2,metacontig,24,370,346
st_R29_M70847_S1_1,metacontig,1364,1837,473
st_R29_M127647_S1_1,metacontig,20,426,406
MF795135_1,metacontig,1541,2012,471
st_R29_M29060_S4_3,metacontig,12,418,406
mm_R29_M1284_S1_4,metacontig,625,1093,468
mm_R29_M1640_S1_1,metacontig,1492,1967,475
fu_R29_M1786_S1_1,metacontig,1402,1825,423
ar_R29_M6823_S1_2,metacontig,807,1283,476
st_R29_M390078_S1_1,metacontig,179,678,499
st_R29_M110297_S1_5,metacontig,1424,1907,483
ar_R29_M17919_S1_2,metacontig,1246,1786,540
mm_R29_M5305_S1_2,metacontig,1471,1930,459
st_R29_M71893_S1_1,metacontig,8,406,398
MN745088_1,metacontig,1389,1852,463
KX258620_1,metacontig,2427,2866,439
st_R29_M407818_S1_9,metacontig,2264,2739,475
st_R29_M41571_S1_2,metacontig,604,1083,479
st_R29_M129930_S1_15,metacontig,1494,1946,452
st_R29_M311710_S1_17,metacontig,1103,1557,454
al_R29_M896_S1_2,metacontig,132,671,539
st_R29_M29060_S2_1,metacontig,396,847,451
ar_R29_M41361_S1_1,metacontig,11,427,416
st_R29_M113763_S1_1,metacontig,703,1161,458
ar_R29_M11697_S1_3,metacontig,1170,1599,429
NC_018383_3,metacontig,1495,1969,474
mm_R29_M4453_S1_1,metacontig,12,369,357
st_R29_M401975_S1_1,metacontig,178,589,411
st_R29_M252604_S1_3,metacontig,169,621,452
mm_R29_M6069_S1_1,metacontig,694,1159,465
st_R29_M266342_S1_1,metacontig,254,683,429
st_R29_M119917_S1_17,metacontig,1408,1863,455
st_R29_M365905_S1_2,metacontig,212,644,432
st_R29_M181933_S1_1,metacontig,879,1351,472
mm_R29_M273_S1_2,metacontig,720,1247,527
al_R29_M261_S1_3,metacontig,1680,2119,439
st_R29_M259080_S1_1,metacontig,2408,2850,442
st_R29_M393118_S1_2,metacontig,104,575,471
ar_R29_M25623_S1_1,metacontig,592,1041,449
st_R29_M161652_S1_14,metacontig,1343,1777,434
st_R29_M425074_S1_4,metacontig,67,480,413
ar_R29_M13696_S1_1,metacontig,17,473,456
st_R29_M441703_S1_1,metacontig,463,920,457
st_R29_M37772_S1_4,metacontig,1336,1826,490
KJ817182_1,metacontig,1543,2013,470
st_R29_M94390_S15_7,metacontig,1376,1790,414
st_R29_M27978_S1_3,metacontig,1127,1595,468
NC_040820_1,metacontig,1755,2206,451
st_R29_M201311_S1_4,metacontig,1157,1606,449
st_R29_M153271_S1_1,metacontig,94,583,489
st_R29_M79311_S18_1,metacontig,162,598,436
MN735445_1,metacontig,1366,1820,454
st_R29_M69086_S1_2,metacontig,369,832,463
st_R29_M101390_S1_2,metacontig,1714,2199,485
st_R29_M363584_S1_7,metacontig,2954,3439,485
st_R29_M129455_S1_1,metacontig,12,421,409
st_R29_M193306_S1_11,metacontig,1523,2001,478
st_R29_M440969_S2_6,metacontig,1389,1843,454
st_R29_M270179_S1_1,metacontig,488,952,464
NC_025219_1,metacontig,1367,1845,478
st_R29_M42631_S1_2,metacontig,37,444,407
mm_R29_M1338_S1_1,metacontig,94,545,451
st_R29_M309511_S1_3,metacontig,127,554,427
st_R29_M400077_S1_1,metacontig,45,478,433
MN734251_4,metacontig,1168,1631,463
MH476200_1,metacontig,1507,1977,470
st_R29_M348796_S1_3,metacontig,3,393,390
st_R29_M64035_S1_5,metacontig,333,822,489
mm_R29_M1201_S1_9,metacontig,1409,1881,472
AB701735_2,metacontig,2439,2888,449
LC314391_1,metacontig,2384,2817,433
st_R29_M381611_S1_2,metacontig,10,483,473
st_R29_M319315_S2_3,metacontig,136,614,478
st_R29_M138297_S1_5,metacontig,413,877,464
MK777995_1,metacontig,2334,2783,449
st_R29_M17258_S1_1,metacontig,152,595,443
st_R29_M27149_S1_2,metacontig,77,565,488
st_R29_M409367_S1_8,metacontig,1043,1531,488
st_R29_M41900_S1_1,metacontig,129,632,503
st_R29_M414713_S1_1,metacontig,648,1126,478
mm_R29_M7609_S1_7,metacontig,1535,1997,462
st_R29_M323029_S1_3,metacontig,1578,2077,499
st_R29_M1934_S1_3,metacontig,731,1207,476
ar_R29_M7069_S1350_2,metacontig,5,470,465
ar_R29_M21775_S1_2,metacontig,16,484,468
st_R29_M195590_S1_1,metacontig,202,635,433
st_R29_M140952_S1_6,metacontig,556,1006,450
st_R29_M266359_S1_1,metacontig,348,786,438
st_R29_M293919_S1_9,metacontig,1311,1799,488
st_R29_M71688_S1_1,metacontig,326,802,476
AB440239_1,metacontig,2417,2859,442
ar_R29_M39168_S1_1,metacontig,164,630,466
st_R29_M257132_S1_3,metacontig,1007,1479,472
ar_R29_M34831_S1_1,metacontig,18,445,427
MT130394_2,metacontig,2416,2881,465
st_R29_M89475_S1_1,metacontig,26,490,464
MK777988_1,metacontig,2323,2752,429
st_R29_M6366_S1_1,metacontig,198,627,429
AB701701_1,metacontig,2439,2853,414
st_R29_M156624_S1_1,metacontig,1503,1974,471
st_R29_M51542_S1_1,metacontig,10,451,441
st_R29_M380041_S21_1,metacontig,89,580,491
ar_R29_M6784_S1_1,metacontig,1151,1631,480
st_R29_M367914_S1_2,metacontig,30,501,471
st_R29_M367913_S1_2,metacontig,31,502,471
st_R29_M374897_S1_2,metacontig,21,492,471
fi_R29_M481_S1_2,metacontig,597,1066,469
st_R29_M400076_S1_1,metacontig,443,856,413
st_R29_M183757_S1_1,metacontig,15,418,403
JQ395042_3,metacontig,2402,2819,417
MN735447_1,metacontig,2520,2972,452
mm_R29_M5289_S1_1,metacontig,306,778,472
st_R29_M259512_S1_1,metacontig,1174,1643,469
st_R29_M94390_S22_1,metacontig,566,980,414
st_R29_M97849_S1_7,metacontig,772,1254,482
ar_R29_M23384_S1_2,metacontig,1322,1768,446
st_R29_M231760_S1_1,metacontig,257,735,478
sa_R29_M228_S1_3,metacontig,1271,1756,485
st_R29_M446312_S1_1,metacontig,57,469,412
ma_R29_M163_S21_1,metacontig,722,1132,410
st_R29_M397382_S1_1,metacontig,53,524,471
mm_R29_M1516_S1_1,metacontig,35,496,461
st_R29_M211891_S1_5,metacontig,171,661,490
mm_R29_M1083_S1_1,metacontig,32,510,478
st_R29_M272334_S1_2,metacontig,58,529,471
NC_003626_2,metacontig,2911,3394,483
ar_R29_M25280_S1_1,metacontig,872,1342,470
st_R29_M361979_S1_2,metacontig,46,517,471
st_R29_M124658_S1_1,metacontig,65,536,471
ar_R29_M13738_S1_2,metacontig,208,687,479
st_R29_M211675_S1_1,metacontig,67,538,471
st_R29_M37811_S1_4,metacontig,171,656,485
st_R29_M380963_S1_12,metacontig,392,820,428
NC_009530_1,metacontig,2510,2979,469
ma_R29_M2498_S1_4,metacontig,1922,2348,426
st_R29_M277042_S1_4,metacontig,2244,2720,476
NC_013075_3,metacontig,1179,1668,489
st_R29_M350153_S1_2,metacontig,82,553,471
st_R29_M96733_S1_1,metacontig,1437,1876,439
st_R29_M225591_S1_2,metacontig,66,537,471
st_R29_M320671_S1_2,metacontig,150,620,470
ar_R29_M41298_S1_2,metacontig,568,1034,466
st_R29_M252605_S1_18,metacontig,1126,1576,450
st_R29_M100735_S1_4,metacontig,847,1295,448
NC_020105_1,metacontig,2358,2776,418
st_R29_M259910_S1_11,metacontig,82,519,437
st_R29_M182771_S1_1,metacontig,243,740,497
st_R29_M220594_S1_1,metacontig,593,1061,468
MT317172_8,metacontig,1475,1909,434
st_R29_M79311_S17_4,metacontig,22,455,433
ar_R29_M27687_S1_5,metacontig,791,1309,518
st_R29_M115708_S1_3,metacontig,5,413,408
MK161350_7,metacontig,2015,2487,472
st_R29_M312188_S1_3,metacontig,236,693,457
st_R29_M101500_S2_1,metacontig,43,452,409
st_R29_M362009_S1_1,metacontig,126,597,471
mm_R29_M7578_S1_1,metacontig,1442,1889,447
sa_R29_M2833_S1_2,metacontig,1249,1735,486
st_R29_M248439_S1_1,metacontig,112,583,471
st_R29_M94390_S2_3,metacontig,2462,2876,414
st_R29_M320800_S1_1,metacontig,340,837,497
MG181943_2,metacontig,1849,2285,436
JQ234922_1,metacontig,2410,2855,445
st_R29_M52895_S1_2,metacontig,1488,1967,479
st_R29_M121205_S1_11,metacontig,2642,3105,463
st_R29_M335897_S1_2,metacontig,149,620,471
st_R29_M296008_S1_11,metacontig,1242,1733,491
ma_R29_M808_S1_2,metacontig,269,756,487
st_R29_M33126_S1_1,metacontig,135,602,467
st_R29_M137856_S1_1,metacontig,1125,1614,489
AF022937_1,metacontig,1503,1967,464
st_R29_M69216_S1_4,metacontig,481,962,481
st_R29_M165000_S1_1,metacontig,101,587,486
st_R29_M119585_S2_2,metacontig,3324,3815,491
st_R29_M395037_S1_2,metacontig,1330,1797,467
MK241975_1,metacontig,2446,2860,414
st_R29_M156787_S1_6,metacontig,1484,1962,478
st_R29_M314615_S1_6,metacontig,145,629,484
ar_R29_M42095_S1_1,metacontig,420,890,470
AB701707_2,metacontig,2408,2844,436
LC488189_2,metacontig,3142,3635,493
AB701698_1,metacontig,2439,2860,421
st_R29_M380041_S24_1,metacontig,51,542,491
st_R29_M365140_S1_2,metacontig,3297,3769,472
st_R29_M403153_S1_2,metacontig,159,630,471
ar_R29_M43664_S2_1,metacontig,415,877,462
st_R29_M17076_S1_4,metacontig,6,438,432
ar_R29_M15047_S1_1,metacontig,1317,1766,449
st_R29_M353273_S1_2,metacontig,1194,1640,446
AB701717_1,metacontig,2439,2875,436
st_R29_M225616_S1_1,metacontig,207,678,471
st_R29_M55710_S1_4,metacontig,134,562,428
st_R29_M339769_S1_5,metacontig,1105,1566,461
st_R29_M397371_S1_4,metacontig,209,680,471
st_R29_M124664_S1_1,metacontig,223,694,471
mm_R29_M757_S1_1,metacontig,9,427,418
am_R29_M356_S1_7,metacontig,1069,1481,412
st_R29_M339809_S1_2,metacontig,2,477,475
am_R29_M489_S1_1,metacontig,693,1108,415
HQ637383_2,metacontig,2451,2887,436
ma_R29_M6793_S1_8,metacontig,382,809,427
st_R29_M335883_S1_3,metacontig,224,695,471
ar_R29_M21585_S1_2,metacontig,472,918,446
ar_R29_M40329_S1_12,metacontig,1876,2321,445
LC314397_2,metacontig,2403,2825,422
MK533148_1,metacontig,1274,1735,461
st_R29_M332702_S1_3,metacontig,270,741,471
st_R29_M124674_S1_3,metacontig,276,747,471
st_R29_M403150_S1_3,metacontig,279,750,471
ar_R29_M38952_S1_2,metacontig,185,680,495
st_R29_M225609_S1_1,metacontig,289,760,471
mm_R29_M6008_S1_3,metacontig,1713,2209,496
st_R29_M393141_S1_1,metacontig,294,765,471
st_R29_M410320_S1_5,metacontig,209,680,471
st_R29_M410282_S1_2,metacontig,97,517,420
ar_R29_M29876_S1_1,metacontig,85,566,481
st_R29_M117781_S1_9,metacontig,1559,2020,461
st_R29_M226857_S1_1,metacontig,316,787,471
st_R29_M200077_S1_3,metacontig,321,792,471
st_R29_M1933_S1_2,metacontig,1271,1755,484
sa_R29_M2138_S1_2,metacontig,1144,1630,486
AB989635_1,metacontig,2439,2904,465
st_R29_M401731_S1_1,metacontig,167,638,471
st_R29_M124669_S1_1,metacontig,304,775,471
ar_R29_M36192_S1_1,metacontig,30,468,438
ar_R29_M578_S1_1,metacontig,296,785,489
st_R29_M41885_S1_2,metacontig,126,570,444
NC_011541_1,metacontig,2384,2814,430
st_R29_M221722_S1_3,metacontig,236,707,471
st_R29_M177758_S1_4,metacontig,1437,1914,477
ar_R29_M10250_S1_3,metacontig,444,927,483
st_R29_M212748_S1_4,metacontig,594,1061,467
st_R29_M374893_S1_3,metacontig,361,832,471
st_R29_M139686_S1_2,metacontig,572,1042,470
MN722412_3,metacontig,1474,1900,426
st_R29_M367901_S1_1,metacontig,327,798,471
st_R29_M362945_S1_3,metacontig,365,836,471
st_R29_M79311_S11_4,metacontig,1752,2166,414
st_R29_M397375_S1_4,metacontig,371,842,471
am_R29_M402_S1_1,metacontig,83,484,401
st_R29_M65729_S1_1,metacontig,726,1192,466
st_R29_M390579_S1_4,metacontig,380,851,471
st_R29_M8933_S1_1,metacontig,391,862,471
st_R29_M200078_S1_3,metacontig,406,877,471
st_R29_M116194_S1_2,metacontig,1247,1724,477
ar_R29_M7069_S956_2,metacontig,58,518,460
KP115614_2,metacontig,2506,2955,449
st_R29_M57084_S1_8,metacontig,1482,1955,473
st_R29_M129927_S1_5,metacontig,1402,1846,444
st_R29_M390572_S1_2,metacontig,125,593,468
AB701729_2,metacontig,2439,2878,439
ar_R29_M11323_S1_2,metacontig,427,904,477
ar_R29_M12991_S6_2,metacontig,324,798,474
NC_002509_3,metacontig,2451,2865,414
st_R29_M204753_S1_7,metacontig,772,1275,503
st_R29_M276221_S1_8,metacontig,51,540,489
st_R29_M401657_S1_3,metacontig,1441,1926,485
st_R29_M385322_S1_10,metacontig,1517,1962,445
st_R29_M119423_S1_2,metacontig,745,1216,471
mm_R29_M2917_S1_3,metacontig,1071,1498,427
ar_R29_M38409_S1_9,metacontig,582,1049,467
AB362513_1,metacontig,2439,2873,434
st_R29_M316730_S1_1,metacontig,587,1058,471
st_R29_M125475_S1_1,metacontig,335,802,467
st_R29_M361988_S1_1,metacontig,628,1099,471
st_R29_M363983_S1_1,metacontig,167,635,468
MH325329_1,metacontig,3015,3496,481
st_R29_M124676_S1_1,metacontig,630,1101,471
st_R29_M350169_S1_1,metacontig,631,1102,471
NC_008182_2,metacontig,1360,1835,475
st_R29_M226865_S1_3,metacontig,104,575,471
st_R29_M438315_S1_3,metacontig,174,645,471
am_R29_M594_S1_2,metacontig,64,508,444
st_R29_M225604_S1_1,metacontig,629,1100,471
st_R29_M35346_S1_3,metacontig,1507,1940,433
st_R29_M119894_S1_1,metacontig,289,765,476
KY190216_1,metacontig,2425,2890,465
AB701697_1,metacontig,2439,2875,436
st_R29_M30883_S1_1,metacontig,159,634,475
st_R29_M225624_S1_3,metacontig,356,822,466
st_R29_M339807_S1_3,metacontig,1014,1492,478
st_R29_M110831_S1_1,metacontig,210,707,497
st_R29_M211685_S34_2,metacontig,1008,1479,471
NC_003628_2,metacontig,2336,2810,474
ar_R29_M20019_S1_8,metacontig,1216,1662,446
al_R29_M56_S1_4,metacontig,781,1249,468
st_R29_M226879_S1_2,metacontig,269,709,440
st_R29_M211685_S35_7,metacontig,750,1221,471
sp_R29_M241_S1_7,metacontig,982,1474,492
st_R29_M212810_S1_1,metacontig,2,420,418
ar_R29_M7069_S55_1,metacontig,2286,2832,546
st_R29_M212640_S1_2,metacontig,1227,1680,453
st_R29_M60249_S1_13,metacontig,1823,2319,496
al_R29_M916_S1_2,metacontig,126,597,471
st_R29_M211685_S37_10,metacontig,522,992,470
mm_R29_M1806_S1_3,metacontig,6,502,496
AY227024_2,metacontig,2451,2887,436
st_R29_M272313_S1_1,metacontig,373,844,471
st_R29_M16353_S1_2,metacontig,1,398,397
st_R29_M29060_S3_4,metacontig,52,503,451
ar_R29_M21582_S1_1,metacontig,817,1293,476
mm_R29_M6513_S1_4,metacontig,728,1180,452
st_R29_M210506_S1_1,metacontig,23,432,409
st_R29_M79311_S1_13,metacontig,2408,2822,414
st_R29_M366293_S1_1,metacontig,507,951,444
ar_R29_M40879_S1_1,metacontig,1235,1697,462
ar_R29_M23963_S1_3,metacontig,2784,3262,478
st_R29_M6702_S1_3,metacontig,951,1436,485
mm_R29_M6854_S1_10,metacontig,34,499,465
st_R29_M124644_S1_1,metacontig,6,424,418
st_R29_M222584_S1_14,metacontig,1174,1655,481
st_R29_M22940_S1_3,metacontig,576,989,413
st_R29_M136572_S1_5,metacontig,747,1228,481
sa_R29_M2127_S2_2,metacontig,78,510,432
al_R29_M439_S1_1,metacontig,499,931,432
st_R29_M34601_S1_10,metacontig,2533,2950,417
st_R29_M30882_S1_1,metacontig,341,815,474
JX874139_1,metacontig,2381,2848,467
NC_015492_1,metacontig,1479,1931,452
LC314399_1,metacontig,2372,2817,445
ar_R29_M21231_S1_2,metacontig,137,593,456
st_R29_M59576_S1_1,metacontig,254,714,460
ar_R29_M43884_S1_2,metacontig,2346,2809,463
st_R29_M91411_S1_3,metacontig,75,544,469
mm_R29_M5284_S1_1,metacontig,1317,1765,448
st_R29_M408405_S1_11,metacontig,882,1332,450
st_R29_M34604_S1_1,metacontig,2535,2945,410
st_R29_M165606_S1_1,metacontig,2,394,392
ar_R29_M7069_S762_2,metacontig,286,746,460
st_R29_M312372_S1_2,metacontig,1425,1913,488
ar_R29_M7069_S1462_1,metacontig,5,463,458
st_R29_M184801_S1_2,metacontig,1210,1677,467
AY829112_1,metacontig,2977,3453,476
ar_R29_M31446_S1_1,metacontig,175,621,446
mm_R29_M6347_S6_1,metacontig,47,475,428
fi_R29_M1362_S1_4,metacontig,191,650,459
st_R29_M238150_S1_8,metacontig,2533,3036,503
AB701693_1,metacontig,2439,2871,432
st_R29_M239609_S1_1,metacontig,27,435,408
ar_R29_M30415_S1_3,metacontig,731,1205,474
sa_R29_M2393_S1_1,metacontig,1131,1549,418
ar_R29_M43664_S1_10,metacontig,2366,2828,462
st_R29_M129928_S1_3,metacontig,1369,1838,469
ar_R29_M17344_S1_1,metacontig,2,417,415
ar_R29_M14424_S1_3,metacontig,36,522,486
st_R29_M152512_S1_2,metacontig,750,1215,465
ar_R29_M34773_S1_1,metacontig,934,1397,463
st_R29_M332690_S1_3,metacontig,277,748,471
MK468720_3,metacontig,1174,1643,469
st_R29_M61905_S1_2,metacontig,1064,1516,452
ar_R29_M1532_S1_2,metacontig,381,841,460
st_R29_M257134_S1_1,metacontig,390,874,484
st_R29_M195602_S1_4,metacontig,562,990,428
st_R29_M297045_S1_1,metacontig,3,374,371
st_R29_M426860_S1_3,metacontig,417,849,432
st_R29_M343197_S1_1,metacontig,1,391,390
st_R29_M301357_S1_5,metacontig,85,532,447
ar_R29_M2320_S1_1,metacontig,535,1008,473
st_R29_M199847_S1_1,metacontig,1190,1617,427
NC_031339_1,metacontig,2363,2778,415
st_R29_M21889_S1_1,metacontig,606,1079,473
NC_009744_2,metacontig,2330,2781,451
st_R29_M319315_S1_1,metacontig,1376,1853,477
ar_R29_M39851_S1_1,metacontig,397,864,467
ar_R29_M13787_S1_1,metacontig,2158,2628,470
ar_R29_M34070_S3_1,metacontig,29,418,389
st_R29_M63759_S1_2,metacontig,70,531,461
ar_R29_M26956_S1_1,metacontig,1755,2235,480
st_R29_M129445_S1_1,metacontig,497,968,471
st_R29_M259966_S1_3,metacontig,1449,1928,479
ar_R29_M329_S1_3,metacontig,1538,2011,473
st_R29_M34719_S2_7,metacontig,1599,2078,479
st_R29_M266129_S1_3,metacontig,221,672,451
st_R29_M380041_S4_2,metacontig,1242,1733,491
st_R29_M225601_S1_1,metacontig,587,1058,471
st_R29_M351922_S1_1,metacontig,13,486,473
ar_R29_M75_S1_4,metacontig,1344,1794,450
ar_R29_M4666_S1_16,metacontig,2618,3092,474
st_R29_M235401_S1_1,metacontig,214,689,475
ar_R29_M7069_S1111_1,metacontig,418,878,460
LC433738_9,metacontig,78,556,478
st_R29_M311726_S1_2,metacontig,2419,2919,500
ma_R29_M6057_S1_2,metacontig,739,1199,460
st_R29_M438279_S1_1,metacontig,93,562,469
st_R29_M396459_S1_3,metacontig,7,445,438
mm_R29_M833_S1_4,metacontig,1132,1602,470
st_R29_M382815_S1_1,metacontig,107,516,409
mm_R29_M862_S1_1,metacontig,245,685,440
ar_R29_M6766_S1_2,metacontig,421,890,469
st_R29_M248339_S1_1,metacontig,946,1416,470
ar_R29_M40192_S1_2,metacontig,1081,1551,470
st_R29_M117362_S2_2,metacontig,613,1024,411
st_R29_M42099_S1_8,metacontig,23,444,421
st_R29_M290545_S1_3,metacontig,4,444,440
mm_R29_M4442_S2_4,metacontig,76,549,473
st_R29_M306901_S1_6,metacontig,1778,2246,468
ar_R29_M22771_S1_3,metacontig,315,802,487
ar_R29_M7340_S1_2,metacontig,239,701,462
st_R29_M403078_S1_1,metacontig,937,1401,464
ar_R29_M10069_S1_1,metacontig,249,739,490
st_R29_M382813_S1_2,metacontig,26,432,406
fi_R29_M760_S1_1,metacontig,1,391,390
st_R29_M28615_S1_1,metacontig,1424,1884,460
JQ326210_2,metacontig,2379,2807,428
st_R29_M277580_S1_3,metacontig,78,541,463
st_R29_M374159_S1_1,metacontig,69,520,451
fi_R29_M59_S1_1,metacontig,40,504,464
st_R29_M212792_S1_1,metacontig,251,729,478
st_R29_M317497_S1_4,metacontig,4,470,466
mm_R29_M1959_S1_3,metacontig,711,1188,477
NC_020896_2,metacontig,2526,2981,455
fi_R29_M36_S1_1,metacontig,1076,1588,512
mm_R29_M3756_S1_3,metacontig,729,1127,398
MN853672_2,metacontig,2410,2891,481
st_R29_M37677_S1_1,metacontig,12,422,410
st_R29_M257133_S1_1,metacontig,702,1171,469
st_R29_M210168_S1_4,metacontig,98,532,434
st_R29_M92348_S2_4,metacontig,581,1037,456
st_R29_M171951_S1_6,metacontig,774,1271,497
ar_R29_M5256_S1_1,metacontig,255,696,441
ar_R29_M38586_S1_5,metacontig,480,936,456
st_R29_M34334_S1_2,metacontig,1444,1914,470
st_R29_M234956_S1_1,metacontig,10,378,368
ar_R29_M30085_S1_1,metacontig,2454,2936,482
st_R29_M98915_S1_1,metacontig,1179,1629,450
st_R29_M22337_S1_10,metacontig,576,1034,458
st_R29_M327021_S1_1,metacontig,1194,1656,462
KF280585_1,metacontig,1325,1785,460
st_R29_M276871_S1_1,metacontig,1038,1476,438
sa_R29_M2705_S1_2,metacontig,24,491,467
st_R29_M137814_S1_16,metacontig,1975,2455,480
ar_R29_M21655_S1_1,metacontig,86,548,462
st_R29_M272281_S1_1,metacontig,133,596,463
KJ936093_3,metacontig,2451,2886,435
st_R29_M137891_S1_1,metacontig,4,379,375
st_R29_M161644_S1_2,metacontig,1133,1570,437
ar_R29_M40558_S1_1,metacontig,536,1005,469
KP866792_1,metacontig,2571,3053,482
st_R29_M380041_S3_2,metacontig,1242,1734,492
mm_R29_M4442_S1_4,metacontig,1611,2084,473
mm_R29_M6138_S1_3,metacontig,702,1163,461
mm_R29_M2763_S1_5,metacontig,1233,1682,449
st_R29_M307224_S1_1,metacontig,78,450,372
st_R29_M317820_S1_1,metacontig,712,1191,479
ar_R29_M14484_S1_1,metacontig,485,928,443
ar_R29_M1543_S1_1,metacontig,2548,3004,456
st_R29_M321084_S1_2,metacontig,1104,1552,448
st_R29_M137742_S1_1,metacontig,308,809,501
st_R29_M354796_S1_1,metacontig,39,497,458
st_R29_M126981_S1_1,metacontig,5,382,377
ar_R29_M26830_S1_3,metacontig,2604,3080,476
ar_R29_M43525_S1_1,metacontig,1501,1983,482
ar_R29_M11224_S1_3,metacontig,2206,2695,489
ar_R29_M26680_S1_3,metacontig,1028,1472,444
st_R29_M413579_S1_1,metacontig,481,928,447
ar_R29_M19659_S1_1,metacontig,1339,1786,447
st_R29_M22174_S1_3,metacontig,78,535,457
st_R29_M45610_S1_2,metacontig,97,509,412
mm_R29_M5549_S1_8,metacontig,210,663,453
KT880668_1,metacontig,1695,2127,432
ar_R29_M32000_S1_1,metacontig,1221,1710,489
mm_R29_M2391_S1_2,metacontig,171,655,484
st_R29_M54648_S1_6,metacontig,1199,1680,481
st_R29_M65634_S1_1,metacontig,2848,3332,484
st_R29_M16372_S1_1,metacontig,2,401,399
st_R29_M423495_S1_4,metacontig,1475,1975,500
sa_R29_M3008_S1_3,metacontig,1362,1840,478
st_R29_M259906_S1_1,metacontig,160,594,434
MN606295_1,metacontig,1143,1606,463
st_R29_M111542_S1_4,metacontig,1198,1635,437
st_R29_M66049_S23_2,metacontig,501,972,471
st_R29_M34734_S1_1,metacontig,52,458,406
ar_R29_M28876_S1_4,metacontig,750,1245,495
mm_R29_M592_S6_2,metacontig,364,878,514
st_R29_M239606_S1_14,metacontig,2532,2947,415
st_R29_M131651_S1_1,metacontig,826,1233,407
st_R29_M420051_S1_1,metacontig,62,492,430
KY024323_1,metacontig,2080,2621,541
ar_R29_M9964_S1_2,metacontig,458,930,472
NC_017824_1,metacontig,2385,2850,465
KM025054_2,metacontig,2296,2706,410
st_R29_M156790_S1_16,metacontig,1540,1995,455
ar_R29_M28283_S1_1,metacontig,114,586,472
sa_R29_M1847_S1_1,metacontig,1361,1798,437
ar_R29_M8841_S1_1,metacontig,637,1116,479
st_R29_M306825_S1_1,metacontig,14,467,453
st_R29_M9263_S1_1,metacontig,67,502,435
ar_R29_M7069_S777_10,metacontig,40,468,428
ar_R29_M1087_S26_3,metacontig,5,438,433
st_R29_M43031_S1_2,metacontig,1304,1787,483
ar_R29_M34482_S7_4,metacontig,15,425,410
st_R29_M15922_S1_1,metacontig,117,619,502
ar_R29_M15140_S1_1,metacontig,964,1448,484
st_R29_M277182_S4_1,metacontig,1275,1748,473
st_R29_M118232_S1_4,metacontig,567,1053,486
ar_R29_M17452_S1_2,metacontig,1468,1940,472
st_R29_M164738_S1_5,metacontig,277,751,474
st_R29_M401598_S1_7,metacontig,1644,2117,473
st_R29_M420361_S1_1,metacontig,3,427,424
st_R29_M226111_S1_1,metacontig,5,419,414
st_R29_M37558_S1_1,metacontig,107,555,448
ar_R29_M22826_S1_7,metacontig,2568,3038,470
st_R29_M66049_S20_5,metacontig,888,1359,471
st_R29_M119844_S1_2,metacontig,44,458,414
ar_R29_M7727_S1_1,metacontig,1149,1605,456
st_R29_M119921_S1_2,metacontig,989,1442,453
st_R29_M23077_S1_2,metacontig,9,413,404
KP982873_1,metacontig,1785,2207,422
st_R29_M118528_S1_4,metacontig,737,1213,476
ar_R29_M40293_S1_6,metacontig,1488,1959,471
ar_R29_M31864_S1_3,metacontig,2488,2945,457
mm_R29_M7432_S2_1,metacontig,1114,1578,464
st_R29_M6386_S1_2,metacontig,19,427,408
st_R29_M226474_S1_7,metacontig,562,1028,466
st_R29_M164742_S1_1,metacontig,1286,1760,474
st_R29_M317493_S1_1,metacontig,4,468,464
KM025047_2,metacontig,2297,2707,410
st_R29_M115640_S1_1,metacontig,596,1066,470
st_R29_M446313_S1_1,metacontig,28,430,402
st_R29_M17404_S1_1,metacontig,1318,1754,436
st_R29_M277182_S2_1,metacontig,1907,2380,473
st_R29_M234907_S1_1,metacontig,81,492,411
st_R29_M135120_S1_1,metacontig,16,431,415
ar_R29_M43843_S1_3,metacontig,201,610,409
sa_R29_M1612_S1_4,metacontig,312,775,463
st_R29_M291444_S1_1,metacontig,198,651,453
st_R29_M98708_S1_1,metacontig,15,418,403
sa_R29_M1467_S1_1,metacontig,212,638,426
st_R29_M76909_S1_2,metacontig,6,381,375
st_R29_M237479_S1_4,metacontig,98,578,480
st_R29_M238365_S1_1,metacontig,1433,1915,482
NC_005266_5,metacontig,1547,2114,567
ar_R29_M7069_S385_2,metacontig,1387,1891,504
st_R29_M317488_S1_1,metacontig,4,467,463
ar_R29_M25294_S1_1,metacontig,1466,1935,469
st_R29_M317794_S1_2,metacontig,191,643,452
st_R29_M19950_S2_7,metacontig,340,791,451
st_R29_M354835_S1_1,metacontig,1047,1523,476
st_R29_M188957_S1_21,metacontig,1279,1760,481
st_R29_M425072_S1_1,metacontig,128,560,432
ar_R29_M27544_S1_6,metacontig,270,747,477
am_R29_M296_S1_1,metacontig,606,1006,400
sa_R29_M2127_S1_7,metacontig,1706,2138,432
st_R29_M52912_S1_1,metacontig,59,538,479
ar_R29_M14285_S2_5,metacontig,10,425,415
mm_R29_M6531_S1_8,metacontig,1174,1653,479
st_R29_M172195_S1_1,metacontig,531,1053,522
ar_R29_M21513_S1_1,metacontig,3,459,456
st_R29_M417039_S1_1,metacontig,6,394,388
st_R29_M10873_S1_2,metacontig,558,1039,481
ar_R29_M39626_S1_5,metacontig,1807,2255,448
fi_R29_M1746_S1_2,metacontig,1240,1701,461
st_R29_M131613_S1_4,metacontig,108,515,407
am_R29_M498_S1_4,metacontig,1183,1655,472
st_R29_M129049_S1_2,metacontig,1462,1938,476
ar_R29_M34946_S1_1,metacontig,1365,1806,441
st_R29_M225631_S1_2,metacontig,120,591,471
st_R29_M114276_S1_2,metacontig,1083,1518,435
st_R29_M304092_S1_1,metacontig,3,374,371
st_R29_M441302_S1_1,metacontig,83,533,450
st_R29_M7861_S1_2,metacontig,1547,2002,455
st_R29_M131838_S1_1,metacontig,55,514,459
st_R29_M400407_S1_1,metacontig,93,553,460
st_R29_M438301_S1_2,metacontig,1239,1708,469
ar_R29_M24398_S1_4,metacontig,1139,1609,470
JQ911732_1,metacontig,2376,2817,441
st_R29_M310927_S1_1,metacontig,270,732,462
st_R29_M317491_S35_2,metacontig,258,732,474
ar_R29_M8192_S7_1,metacontig,83,412,329
st_R29_M76807_S1_1,metacontig,6,487,481
st_R29_M424755_S1_1,metacontig,692,1165,473
st_R29_M142167_S1_1,metacontig,67,532,465
KJ125474_1,metacontig,2355,2794,439
MT153866_1,metacontig,2324,2756,432
KY761948_2,metacontig,1976,2403,427
st_R29_M237622_S1_6,metacontig,1445,1915,470
mm_R29_M6008_S2_2,metacontig,11,465,454
st_R29_M185861_S1_2,metacontig,637,1105,468
st_R29_M141699_S1_1,metacontig,127,592,465
st_R29_M210240_S1_1,metacontig,144,573,429
ar_R29_M7340_S77_6,metacontig,1225,1687,462
st_R29_M105976_S1_7,metacontig,66,526,460
mm_R29_M5233_S1_8,metacontig,957,1451,494
st_R29_M317491_S36_1,metacontig,181,655,474
ar_R29_M7340_S6_6,metacontig,2622,3084,462
st_R29_M156607_S2_2,metacontig,206,621,415
ar_R29_M37165_S1_1,metacontig,2307,2773,466
st_R29_M125976_S3_1,metacontig,684,1170,486
st_R29_M131993_S1_3,metacontig,277,752,475
st_R29_M121427_S1_2,metacontig,98,528,430
st_R29_M172194_S1_7,metacontig,660,1086,426
mm_R29_M7072_S1_1,metacontig,1187,1638,451
st_R29_M16968_S1_1,metacontig,114,541,427
NC_034217_1,metacontig,2592,3058,466
st_R29_M314362_S1_2,metacontig,1204,1651,447
MN807749_1,metacontig,1753,2178,425
st_R29_M197688_S1_3,metacontig,217,705,488
st_R29_M361996_S1_1,metacontig,48,511,463
st_R29_M209301_S1_16,metacontig,1174,1619,445
ar_R29_M23680_S1_2,metacontig,214,662,448
st_R29_M23059_S1_1,metacontig,1,462,461
mm_R29_M7914_S1_6,metacontig,739,1207,468
st_R29_M77735_S1_1,metacontig,163,643,480
st_R29_M181915_S1_1,metacontig,201,668,467
st_R29_M34603_S2_1,metacontig,1643,2053,410
ar_R29_M24170_S1_2,metacontig,46,523,477
st_R29_M65655_S1_1,metacontig,1058,1536,478
st_R29_M6727_S1_7,metacontig,284,702,418
st_R29_M308398_S1_10,metacontig,1246,1729,483
st_R29_M218060_S1_6,metacontig,1154,1630,476
st_R29_M6726_S1_2,metacontig,1534,1968,434
ar_R29_M39401_S1_3,metacontig,585,1089,504
st_R29_M121454_S1_1,metacontig,21,432,411
st_R29_M201305_S1_1,metacontig,335,807,472
st_R29_M220790_S1_5,metacontig,145,642,497
st_R29_M295788_S1_3,metacontig,705,1139,434
st_R29_M361913_S1_2,metacontig,1043,1481,438
st_R29_M169662_S1_1,metacontig,1448,1912,464
st_R29_M96443_S1_1,metacontig,101,585,484
ar_R29_M43414_S1_2,metacontig,2335,2820,485
st_R29_M52906_S1_2,metacontig,1129,1609,480
st_R29_M34603_S1_3,metacontig,2507,2917,410
st_R29_M169653_S1_2,metacontig,617,1076,459
fi_R29_M571_S1_6,metacontig,1631,2083,452
st_R29_M63181_S1_6,metacontig,1070,1512,442
st_R29_M316749_S1_1,metacontig,126,589,463
ar_R29_M4295_S1_2,metacontig,1744,2211,467
st_R29_M297014_S1_1,metacontig,8,362,354
mm_R29_M2527_S2_3,metacontig,50,413,363
st_R29_M65797_S1_1,metacontig,410,842,432
MN701059_3,metacontig,2970,3447,477
st_R29_M432292_S1_2,metacontig,386,835,449
st_R29_M152322_S1_2,metacontig,368,854,486
st_R29_M55686_S1_1,metacontig,2883,3360,477
ar_R29_M7340_S39_5,metacontig,2625,3087,462
st_R29_M220289_S1_1,metacontig,1533,1991,458
mm_R29_M357_S1_2,metacontig,120,583,463
ar_R29_M5467_S1_1,metacontig,2631,3093,462
ar_R29_M5776_S1_3,metacontig,1417,1880,463
ar_R29_M7069_S1227_1,metacontig,234,698,464
NC_038320_1,metacontig,2362,2834,472
st_R29_M380047_S1_1,metacontig,334,824,490
ar_R29_M8354_S1_1,metacontig,1402,1856,454
st_R29_M367921_S1_1,metacontig,127,589,462
st_R29_M366406_S1_12,metacontig,1450,1871,421
st_R29_M23149_S1_2,metacontig,1540,1995,455
st_R29_M209081_S1_1,metacontig,89,513,424
KM025046_2,metacontig,2309,2719,410
st_R29_M317819_S1_3,metacontig,1393,1871,478
st_R29_M19950_S1_2,metacontig,1288,1739,451
ar_R29_M26077_S1_3,metacontig,1907,2409,502
st_R29_M308383_S1_1,metacontig,15,374,359
st_R29_M431804_S1_4,metacontig,40,513,473
st_R29_M380036_S1_1,metacontig,2,462,460
ar_R29_M7069_S1415_1,metacontig,12,391,379
st_R29_M220732_S1_10,metacontig,1467,1917,450
st_R29_M152558_S1_6,metacontig,1365,1815,450
ar_R29_M7340_S87_1,metacontig,687,1149,462
st_R29_M66049_S27_2,metacontig,144,628,484
sa_R29_M131_S1_6,metacontig,1616,2087,471
sa_R29_M2081_S1_5,metacontig,1335,1762,427
st_R29_M355349_S1_1,metacontig,377,833,456
mm_R29_M6164_S1_3,metacontig,925,1425,500
MG552116_2,metacontig,1193,1652,459
st_R29_M210176_S1_2,metacontig,219,685,466
st_R29_M15004_S1_5,metacontig,1075,1493,418
ar_R29_M43844_S1_7,metacontig,2456,2937,481
ar_R29_M7069_S936_3,metacontig,35,532,497
st_R29_M131632_S1_6,metacontig,916,1323,407
ar_R29_M7069_S1003_1,metacontig,761,1258,497
st_R29_M449448_S1_6,metacontig,691,1171,480
st_R29_M16021_S1_1,metacontig,2,459,457
st_R29_M18837_S1_4,metacontig,764,1211,447
ma_R29_M3681_S2_1,metacontig,104,521,417
st_R29_M88306_S1_2,metacontig,49,502,453
mm_R29_M1391_S1_2,metacontig,593,1063,470
st_R29_M317491_S2_1,metacontig,1116,1590,474
st_R29_M117782_S1_4,metacontig,19,442,423
st_R29_M10286_S1_1,metacontig,1152,1626,474
st_R29_M57090_S1_5,metacontig,134,612,478
mm_R29_M749_S1_1,metacontig,1617,2101,484
am_R29_M60_S1_2,metacontig,25,488,463
mm_R29_M963_S1_5,metacontig,122,599,477
ar_R29_M7069_S303_2,metacontig,2658,3156,498
KM401435_1,metacontig,2349,2793,444
MH170888_2,metacontig,2466,2916,450
fi_R29_M1882_S1_2,metacontig,74,533,459
st_R29_M197731_S1_2,metacontig,387,884,497
ar_R29_M7340_S2_5,metacontig,2111,2571,460
GU474635_2,metacontig,2295,2708,413
st_R29_M238943_S1_1,metacontig,56,516,460
st_R29_M215924_S1_3,metacontig,4,455,451
ar_R29_M37211_S1_11,metacontig,12,393,381
ma_R29_M4883_S1_13,metacontig,908,1356,448
st_R29_M66049_S10_8,metacontig,1633,2103,470
st_R29_M125976_S1_3,metacontig,2140,2606,466
st_R29_M353288_S1_8,metacontig,1256,1728,472
ma_R29_M6920_S3_1,metacontig,21,433,412
mm_R29_M2185_S1_9,metacontig,993,1459,466
st_R29_M96471_S1_5,metacontig,1259,1743,484
st_R29_M51540_S1_1,metacontig,1023,1493,470
st_R29_M61516_S1_1,metacontig,85,517,432
st_R29_M111543_S1_2,metacontig,1198,1633,435
MH898503_2,metacontig,1525,2010,485
MK593173_1,metacontig,1966,2393,427
st_R29_M165026_S1_1,metacontig,280,759,479
fu_R29_M2426_S1_7,metacontig,1074,1553,479
st_R29_M414707_S1_2,metacontig,32,444,412
ma_R29_M6920_S1_5,metacontig,920,1330,410
st_R29_M237355_S1_13,metacontig,1472,1922,450
st_R29_M313661_S2_1,metacontig,60,505,445
ar_R29_M43844_S2_6,metacontig,2456,2937,481
st_R29_M119709_S1_1,metacontig,1213,1656,443
st_R29_M448894_S1_5,metacontig,2,387,385
MN745089_1,metacontig,1413,1903,490
st_R29_M181212_S1_2,metacontig,1568,2052,484
JX070157_2,metacontig,2356,2813,457
st_R29_M201302_S1_5,metacontig,394,845,451
st_R29_M156590_S1_3,metacontig,605,1062,457
sa_R29_M426_S1_2,metacontig,1186,1600,414
JQ794501_2,metacontig,1429,1882,453
ar_R29_M43064_S1_1,metacontig,463,911,448
st_R29_M289663_S7_1,metacontig,373,856,483
NC_014325_3,metacontig,2375,2812,437
st_R29_M111180_S12_1,metacontig,1042,1502,460
st_R29_M111559_S1_1,metacontig,1198,1633,435
sa_R29_M2212_S1_6,metacontig,1200,1708,508
st_R29_M266665_S1_2,metacontig,117,530,413
st_R29_M81568_S1_3,metacontig,1493,1978,485
st_R29_M98448_S1_1,metacontig,146,578,432
st_R29_M289663_S6_5,metacontig,581,1065,484
st_R29_M1078_S1_4,metacontig,1975,2447,472
ar_R29_M7069_S1409_1,metacontig,1,479,478
ar_R29_M21896_S1_1,metacontig,145,610,465
st_R29_M72361_S1_1,metacontig,1269,1738,469
mm_R29_M1684_S1_6,metacontig,866,1309,443
st_R29_M366417_S1_8,metacontig,1976,2467,491
ri_R29_M166_S3_1,metacontig,4,460,456
st_R29_M293516_S1_5,metacontig,901,1369,468
MT176242_2,metacontig,1429,1907,478
st_R29_M293546_S1_1,metacontig,132,624,492
am_R29_M440_S1_1,metacontig,722,1122,400
st_R29_M395249_S1_6,metacontig,110,559,449
st_R29_M212774_S1_4,metacontig,455,942,487
st_R29_M4414_S7_2,metacontig,716,1170,454
LC316819_3,metacontig,1754,2180,426
st_R29_M430590_S1_2,metacontig,161,631,470
mm_R29_M5793_S6_14,metacontig,1058,1526,468
MH898513_1,metacontig,2377,2811,434
fu_R29_M2794_S1_2,metacontig,341,798,457
st_R29_M365783_S1_1,metacontig,1318,1793,475
MF962880_2,metacontig,2456,2904,448
ar_R29_M35901_S1_4,metacontig,179,650,471
MN823692_5,metacontig,1183,1650,467
ar_R29_M16349_S1_1,metacontig,263,725,462
KX156847_1,metacontig,2354,2799,445
st_R29_M131650_S1_7,metacontig,1227,1634,407
ar_R29_M7069_S1190_3,metacontig,336,797,461
st_R29_M20158_S1_5,metacontig,356,814,458
st_R29_M130242_S1_7,metacontig,1217,1660,443
st_R29_M41484_S1_2,metacontig,225,675,450
st_R29_M88354_S1_1,metacontig,52,456,404
st_R29_M329282_S1_6,metacontig,1495,1964,469
st_R29_M446079_S1_3,metacontig,307,755,448
st_R29_M348758_S1_1,metacontig,6,405,399
st_R29_M152323_S1_9,metacontig,2460,2943,483
LC316811_1,metacontig,1755,2181,426
mm_R29_M2523_S1_1,metacontig,283,746,463
MK427056_2,metacontig,2324,2774,450
st_R29_M266096_S1_1,metacontig,1304,1758,454
st_R29_M414929_S1_6,metacontig,1194,1682,488
st_R29_M111578_S2_1,metacontig,200,619,419
ar_R29_M37927_S1_2,metacontig,370,852,482
MN078225_1,metacontig,1491,1969,478
st_R29_M125953_S1_1,metacontig,2,327,325
ma_R29_M4676_S1_1,metacontig,5,406,401
st_R29_M15225_S1_1,metacontig,18,465,447
st_R29_M424855_S1_4,metacontig,104,536,432
sa_R29_M1266_S1_2,metacontig,2048,2520,472
ar_R29_M29222_S1_1,metacontig,1055,1524,469
ar_R29_M16194_S1_2,metacontig,79,528,449
MF348195_2,metacontig,2631,3113,482
st_R29_M76097_S2_3,metacontig,86,538,452
st_R29_M88306_S2_1,metacontig,18,469,451
st_R29_M406067_S1_5,metacontig,13,457,444
st_R29_M210175_S1_3,metacontig,1121,1558,437
ar_R29_M28821_S1_3,metacontig,2421,2889,468
ar_R29_M28416_S1_1,metacontig,210,669,459
st_R29_M131524_S1_1,metacontig,68,524,456
MH388502_3,metacontig,2744,3210,466
st_R29_M171283_S1_7,metacontig,1238,1697,459
st_R29_M184669_S1_1,metacontig,286,737,451
ar_R29_M32521_S1_1,metacontig,206,679,473
ar_R29_M30980_S1_7,metacontig,659,1139,480
ar_R29_M3019_S1_11,metacontig,444,889,445
st_R29_M364389_S17_4,metacontig,134,595,461
MF782663_3,metacontig,1305,1729,424
mm_R29_M4436_S1_4,metacontig,535,1017,482
st_R29_M394741_S1_11,metacontig,1360,1824,464
st_R29_M424824_S1_3,metacontig,382,792,410
ch_R29_M6_S1_5,metacontig,1294,1748,454
st_R29_M174900_S1_2,metacontig,1722,2134,412
st_R29_M380961_S1_1,metacontig,1405,1844,439
st_R29_M303899_S1_1,metacontig,285,778,493
mm_R29_M4989_S1_3,metacontig,12,441,429
st_R29_M73625_S1_1,metacontig,1043,1514,471
KF979338_2,metacontig,1700,2133,433
st_R29_M46153_S1_3,metacontig,200,638,438
st_R29_M289663_S1_8,metacontig,1017,1501,484
st_R29_M25843_S1_3,metacontig,1540,1995,455
ar_R29_M39409_S1_4,metacontig,234,706,472
st_R29_M441723_S1_1,metacontig,1,390,389
ar_R29_M23833_S1_1,metacontig,165,636,471
ar_R29_M27874_S1_14,metacontig,2029,2501,472
st_R29_M210542_S1_1,metacontig,76,542,466
ar_R29_M4869_S1_2,metacontig,2516,2988,472
st_R29_M244138_S1_4,metacontig,182,654,472
st_R29_M156650_S1_1,metacontig,1325,1786,461
st_R29_M74792_S1_2,metacontig,346,820,474
KJ787006_3,metacontig,2393,2832,439
Y14459_2,metacontig,1782,2206,424
st_R29_M365954_S1_5,metacontig,2347,2819,472
ar_R29_M17095_S1_3,metacontig,1211,1651,440
sa_R29_M2861_S1_1,metacontig,948,1367,419
st_R29_M414916_S1_3,metacontig,1241,1737,496
st_R29_M81830_S1_4,metacontig,413,904,491
st_R29_M266103_S1_8,metacontig,1472,1922,450
st_R29_M375281_S1_1,metacontig,1263,1724,461
MN982380_1,metacontig,2642,3123,481
LC316821_2,metacontig,1794,2221,427
st_R29_M237393_S1_2,metacontig,1211,1668,457
st_R29_M205038_S1_1,metacontig,366,809,443
KY498017_2,metacontig,1979,2406,427
st_R29_M173835_S1_2,metacontig,461,921,460
KJ125477_1,metacontig,2356,2798,442
st_R29_M289662_S2_11,metacontig,1529,2012,483
st_R29_M29369_S1_2,metacontig,243,664,421
DQ986288_2,metacontig,2375,2790,415
ar_R29_M21441_S1_7,metacontig,22,402,380
st_R29_M289647_S1_4,metacontig,421,905,484
ar_R29_M39404_S1_1,metacontig,428,883,455
ar_R29_M36619_S1_1,metacontig,108,518,410
ar_R29_M17124_S1_2,metacontig,1771,2258,487
st_R29_M89326_S1_3,metacontig,388,820,432
ar_R29_M32859_S1_1,metacontig,1382,1872,490
mm_R29_M2915_S1_2,metacontig,969,1435,466
fi_R29_M1747_S1_1,metacontig,1844,2285,441
ma_R29_M2308_S1_3,metacontig,92,524,432
HF585104_2,metacontig,2396,2849,453
st_R29_M375484_S1_1,metacontig,6,459,453
mm_R29_M767_S1_2,metacontig,101,614,513
st_R29_M96796_S1_4,metacontig,242,705,463
st_R29_M129600_S1_1,metacontig,2336,2745,409
NC_008028_3,metacontig,2347,2802,455
st_R29_M58559_S1_7,metacontig,1479,1952,473
st_R29_M177757_S1_1,metacontig,1533,2007,474
st_R29_M156612_S1_1,metacontig,2334,2756,422
mm_R29_M6400_S2_1,metacontig,95,605,510
st_R29_M209306_S1_1,metacontig,2347,2782,435
ar_R29_M3117_S1_1,metacontig,135,622,487
st_R29_M332712_S1_1,metacontig,755,1197,442
st_R29_M332624_S1_1,metacontig,1076,1585,509
st_R29_M118156_S1_5,metacontig,1286,1760,474
ar_R29_M36300_S1_2,metacontig,1166,1635,469
st_R29_M71888_S1_1,metacontig,24,396,372
ar_R29_M35299_S1_4,metacontig,773,1255,482
st_R29_M119890_S1_3,metacontig,1185,1627,442
st_R29_M374191_S1_1,metacontig,106,560,454
mm_R29_M4436_S2_6,metacontig,446,931,485
sa_R29_M2919_S1_2,metacontig,417,882,465
st_R29_M195923_S6_2,metacontig,629,1060,431
st_R29_M313678_S1_3,metacontig,118,577,459
st_R29_M212746_S1_2,metacontig,1422,1879,457
st_R29_M131588_S1_1,metacontig,25,440,415
ar_R29_M18005_S1_1,metacontig,601,1071,470
st_R29_M117922_S1_1,metacontig,202,619,417
ar_R29_M32407_S1_1,metacontig,153,632,479
st_R29_M74799_S1_1,metacontig,1008,1464,456
st_R29_M414708_S1_1,metacontig,453,891,438
st_R29_M171612_S1_1,metacontig,435,905,470
st_R29_M188917_S1_1,metacontig,242,713,471
LC316829_1,metacontig,1749,2176,427
st_R29_M324583_S1_3,metacontig,158,632,474
ar_R29_M42593_S1_1,metacontig,357,838,481
st_R29_M398637_S1_1,metacontig,5,406,401
NC_016443_1,metacontig,1252,1733,481
st_R29_M115248_S1_1,metacontig,491,910,419
LC316828_1,metacontig,1757,2184,427
ar_R29_M12949_S1_1,metacontig,2785,3266,481
st_R29_M266662_S1_8,metacontig,250,662,412
ar_R29_M34069_S1_14,metacontig,1120,1590,470
LT615233_2,metacontig,2378,2811,433
LC573288_1,metacontig,2300,2707,407
NC_014905_3,metacontig,2454,2880,426
st_R29_M365880_S1_2,metacontig,705,1162,457
st_R29_M121426_S1_1,metacontig,473,876,403
DQ674264_3,metacontig,2404,2848,444
st_R29_M117929_S1_1,metacontig,42,456,414
KU958718_2,metacontig,1958,2502,544
KU372146_1,metacontig,2326,2751,425
MK593171_2,metacontig,1963,2390,427
AY362551_2,metacontig,2960,3444,484
st_R29_M288778_S1_2,metacontig,1205,1654,449
MK497044_1,metacontig,1908,2337,429
NC_003398_2,metacontig,2296,2702,406
ri_R29_M166_S1_8,metacontig,1031,1495,464
ar_R29_M18181_S1_4,metacontig,2585,3041,456
MN203201_2,metacontig,2931,3415,484
st_R29_M109086_S1_1,metacontig,63,475,412
st_R29_M28616_S1_3,metacontig,143,575,432
MT513101_2,metacontig,2358,2785,427
mm_R29_M1595_S1_2,metacontig,591,1035,444
MK593174_1,metacontig,1969,2396,427
NC_008393_1,metacontig,2359,2806,447
LC573287_1,metacontig,2314,2724,410
st_R29_M98913_S1_6,metacontig,1408,1855,447
st_R29_M145497_S1_3,metacontig,505,936,431
st_R29_M105368_S1_1,metacontig,9,477,468
HQ875059_1,metacontig,1906,2335,429
KJ125473_1,metacontig,2355,2798,443
st_R29_M200384_S1_3,metacontig,2,385,383
mm_R29_M5793_S16_1,metacontig,1371,1836,465
st_R29_M401688_S1_2,metacontig,106,579,473
st_R29_M238167_S1_4,metacontig,2578,3058,480
st_R29_M37629_S1_1,metacontig,151,562,411
st_R29_M98709_S4_3,metacontig,1134,1604,470
KM025040_2,metacontig,2337,2747,410
st_R29_M33827_S1_1,metacontig,1177,1651,474
mm_R29_M2726_S7_1,metacontig,349,801,452
st_R29_M18159_S1_5,metacontig,1036,1479,443
st_R29_M117684_S1_5,metacontig,1174,1603,429
st_R29_M53352_S1_3,metacontig,61,510,449
LC316809_1,metacontig,1782,2208,426
st_R29_M37919_S1_4,metacontig,22,452,430
MH626634_1,metacontig,1907,2335,428
ar_R29_M35209_S1_1,metacontig,1532,1996,464
st_R29_M298715_S1_2,metacontig,2363,2836,473
st_R29_M425631_S1_1,metacontig,371,862,491
st_R29_M34753_S1_2,metacontig,127,559,432
st_R29_M119918_S1_1,metacontig,13,473,460
st_R29_M114244_S1_1,metacontig,284,718,434
st_R29_M16369_S2_2,metacontig,1030,1457,427
LC316790_3,metacontig,1754,2179,425
st_R29_M166725_S1_4,metacontig,19,477,458
MN729613_3,metacontig,1163,1613,450
MT080999_1,metacontig,1895,2323,428
ar_R29_M7340_S90_2,metacontig,183,621,438
sp_R29_M490_S2_2,metacontig,162,575,413
ma_R29_M6516_S10_4,metacontig,410,840,430
fu_R29_M3649_S1_1,metacontig,861,1405,544
st_R29_M252606_S1_5,metacontig,1405,1872,467
st_R29_M102503_S1_2,metacontig,51,453,402
st_R29_M222598_S1_2,metacontig,113,536,423
st_R29_M395058_S1_1,metacontig,86,505,419
st_R29_M211685_S1_9,metacontig,2610,3073,463
st_R29_M89325_S1_2,metacontig,43,462,419
st_R29_M252905_S1_1,metacontig,189,604,415
KJ125475_1,metacontig,2391,2834,443
st_R29_M121607_S1_2,metacontig,44,477,433
st_R29_M25038_S1_2,metacontig,1535,2011,476
st_R29_M133024_S1_1,metacontig,39,443,404
fi_R29_M514_S1_1,metacontig,13,433,420
st_R29_M16369_S4_3,metacontig,440,897,457
ar_R29_M1663_S1_1,metacontig,715,1186,471
ar_R29_M17214_S1_2,metacontig,388,860,472
mm_R29_M1213_S1_1,metacontig,239,673,434
ar_R29_M39606_S1_3,metacontig,1141,1605,464
ar_R29_M21494_S1_1,metacontig,496,965,469
st_R29_M364389_S4_1,metacontig,993,1454,461
st_R29_M115709_S1_2,metacontig,1,383,382
st_R29_M100732_S1_1,metacontig,76,502,426
ar_R29_M16816_S1_1,metacontig,80,526,446
LC316791_2,metacontig,1993,2420,427
st_R29_M297025_S1_1,metacontig,28,388,360
NC_014327_3,metacontig,2346,2806,460
ar_R29_M7069_S372_1,metacontig,1130,1627,497
LC316816_1,metacontig,1760,2187,427
MH898883_1,metacontig,2360,2810,450
st_R29_M55445_S1_2,metacontig,72,476,404
st_R29_M184727_S1_7,metacontig,450,900,450
KF985175_1,metacontig,1780,2206,426
st_R29_M133030_S1_2,metacontig,132,551,419
ar_R29_M16192_S1_4,metacontig,2481,2965,484
st_R29_M208558_S1_2,metacontig,47,502,455
fi_R29_M1593_S1_1,metacontig,2,406,404
st_R29_M227387_S1_1,metacontig,260,679,419
ar_R29_M39540_S1_7,metacontig,1087,1606,519
NC_019412_1,metacontig,2355,2799,444
fu_R29_M4187_S1_1,metacontig,31,437,406
ar_R29_M13749_S1_2,metacontig,22,417,395
st_R29_M57667_S1_1,metacontig,2,428,426
st_R29_M135503_S2_1,metacontig,1134,1567,433
KJ789141_1,metacontig,2391,2803,412
st_R29_M50991_S5_1,metacontig,515,971,456
st_R29_M16369_S3_1,metacontig,588,1044,456
ar_R29_M23535_S1_1,metacontig,2590,3064,474
MN745092_1,metacontig,1579,2063,484
ar_R29_M12123_S1_1,metacontig,1570,2053,483
st_R29_M55698_S1_2,metacontig,279,717,438
st_R29_M238646_S3_1,metacontig,235,693,458
st_R29_M363354_S1_1,metacontig,69,479,410
LC210621_6,metacontig,2053,2460,407
fi_R29_M438_S1_7,metacontig,1035,1496,461
st_R29_M85568_S16_3,metacontig,376,807,431
LT900497_1,metacontig,1900,2328,428
AF501591_1,metacontig,2330,2771,441
st_R29_M37919_S2_1,metacontig,235,652,417
st_R29_M91919_S1_1,metacontig,68,478,410
st_R29_M45935_S1_1,metacontig,64,468,404
st_R29_M71939_S1_2,metacontig,11,349,338
ar_R29_M25837_S1_2,metacontig,2155,2629,474
wh_R29_M23_S1_1,metacontig,31,467,436
NC_013218_1,metacontig,1201,1693,492
st_R29_M72331_S1_1,metacontig,64,480,416
st_R29_M33233_S9_3,metacontig,171,631,460
st_R29_M93396_S33_2,metacontig,294,767,473
MN723596_1,metacontig,2337,2785,448
st_R29_M166771_S1_1,metacontig,968,1439,471
ar_R29_M7069_S1327_1,metacontig,14,409,395
st_R29_M126353_S1_2,metacontig,2,364,362
st_R29_M70269_S1_1,metacontig,134,553,419
ar_R29_M21208_S1_2,metacontig,2661,3142,481
LC503602_1,metacontig,2036,2443,407
NC_040724_1,metacontig,2702,3181,479
st_R29_M49340_S1_16,metacontig,1238,1708,470
st_R29_M244294_S1_2,metacontig,1813,2294,481
st_R29_M226144_S4_1,metacontig,847,1303,456
ar_R29_M11438_S1_4,metacontig,583,995,412
st_R29_M382885_S1_4,metacontig,1185,1628,443
st_R29_M382885_S3_4,metacontig,1185,1628,443
NC_017939_1,metacontig,1532,1992,460
st_R29_M407267_S1_1,metacontig,468,907,439
NC_027915_2,metacontig,2902,3387,485
st_R29_M238995_S1_1,metacontig,5,381,376
DQ431465_3,metacontig,2388,2878,490
st_R29_M209751_S1_10,metacontig,1912,2393,481
MN784122_1,metacontig,2072,2483,411
st_R29_M80259_S1_2,metacontig,1323,1779,456
st_R29_M46155_S1_2,metacontig,254,692,438
st_R29_M409380_S1_1,metacontig,94,557,463
JQ818253_7,metacontig,1755,2180,425
st_R29_M63874_S1_1,metacontig,90,544,454
mm_R29_M6662_S1_8,metacontig,1177,1637,460
AB373203_1,metacontig,2328,2757,429
st_R29_M112300_S1_1,metacontig,591,1008,417
NC_021567_2,metacontig,2706,3179,473
st_R29_M85568_S17_1,metacontig,68,487,419
st_R29_M318323_S1_1,metacontig,16,385,369
st_R29_M113104_S1_1,metacontig,111,543,432
st_R29_M327008_S1_1,metacontig,6,371,365
st_R29_M77603_S1_1,metacontig,415,900,485
MT247722_1,metacontig,2357,2839,482
st_R29_M424858_S1_3,metacontig,186,595,409
MN685785_1,metacontig,1903,2331,428
fu_R29_M4701_S1_1,metacontig,73,544,471
st_R29_M34041_S1_2,metacontig,326,764,438
ar_R29_M23382_S1_4,metacontig,193,646,453
st_R29_M204723_S1_12,metacontig,1181,1658,477
st_R29_M71598_S1_7,metacontig,183,640,457
st_R29_M122059_S1_1,metacontig,93,507,414
st_R29_M313661_S1_9,metacontig,2530,2981,451
ar_R29_M38493_S1_3,metacontig,1347,1816,469
KX398054_3,metacontig,2338,2765,427
st_R29_M94716_S1_1,metacontig,82,544,462
st_R29_M266673_S1_3,metacontig,152,556,404
mm_R29_M6102_S1_2,metacontig,1112,1542,430
st_R29_M14848_S1_3,metacontig,62,489,427
MH023310_2,metacontig,2668,3127,459
KP860936_3,metacontig,2291,2702,411
st_R29_M350132_S1_1,metacontig,693,1173,480
st_R29_M24705_S1_1,metacontig,250,669,419
st_R29_M24995_S1_10,metacontig,1456,1905,449
NC_018176_1,metacontig,2391,2812,421
st_R29_M93396_S27_4,metacontig,635,1105,470
st_R29_M210105_S1_2,metacontig,1175,1644,469
st_R29_M238646_S2_7,metacontig,424,873,449
NC_023162_1,metacontig,1784,2236,452
st_R29_M23067_S1_2,metacontig,23,418,395
AY192568_1,metacontig,2331,2766,435
st_R29_M16692_S1_6,metacontig,619,1088,469
st_R29_M90033_S1_1,metacontig,84,491,407
ar_R29_M8586_S4_1,metacontig,28,393,365
st_R29_M346679_S1_2,metacontig,1295,1781,486
st_R29_M364383_S1_8,metacontig,485,946,461
st_R29_M331664_S1_4,metacontig,14,435,421
mm_R29_M1038_S1_1,metacontig,1186,1651,465
st_R29_M44602_S1_1,metacontig,164,583,419
st_R29_M27427_S1_3,metacontig,67,494,427
MG736816_3,metacontig,2388,2820,432
ar_R29_M27889_S1_1,metacontig,165,596,431
st_R29_M232318_S1_8,metacontig,1281,1741,460
st_R29_M405884_S1_1,metacontig,915,1386,471
ar_R29_M3691_S1_1,metacontig,195,643,448
NC_030293_2,metacontig,2281,2719,438
ar_R29_M7340_S89_4,metacontig,602,1063,461
KU511270_2,metacontig,2669,3140,471
ar_R29_M3407_S1_3,metacontig,293,712,419
KT934334_2,metacontig,2324,2729,405
fi_R29_M1747_S2_1,metacontig,443,884,441
MN854650_1,metacontig,2512,2973,461
MH170889_1,metacontig,2341,2776,435
LC316803_1,metacontig,1756,2182,426
st_R29_M132432_S1_1,metacontig,151,563,412
MN709786_1,metacontig,2347,2774,427
ma_R29_M6516_S1_7,metacontig,2642,3067,425
st_R29_M234900_S1_6,metacontig,664,1131,467
ar_R29_M7069_S1028_2,metacontig,118,593,475
mm_R29_M2376_S1_2,metacontig,1160,1658,498
st_R29_M67968_S6_1,metacontig,1596,2048,452
NC_021065_1,metacontig,2446,2869,423
sa_R29_M3095_S1_7,metacontig,243,671,428
st_R29_M102159_S1_1,metacontig,412,849,437
st_R29_M15068_S1_13,metacontig,229,679,450
ex_R29_M225_S1_1,metacontig,477,991,514
st_R29_M226144_S1_1,metacontig,1534,1990,456
st_R29_M115624_S1_1,metacontig,334,792,458
st_R29_M97674_S1_1,metacontig,4,473,469
st_R29_M45934_S1_2,metacontig,269,688,419
mm_R29_M6400_S1_9,metacontig,1338,1840,502
ma_R29_M6102_S1_1,metacontig,290,734,444
st_R29_M409910_S1_2,metacontig,70,501,431
st_R29_M74833_S1_3,metacontig,372,857,485
st_R29_M71613_S2_2,metacontig,225,697,472
st_R29_M113502_S1_3,metacontig,1536,2020,484
st_R29_M195629_S1_4,metacontig,424,885,461
st_R29_M50335_S1_2,metacontig,167,570,403
ar_R29_M7340_S47_6,metacontig,21,446,425
NC_033456_3,metacontig,1193,1652,459
ar_R29_M450_S1_4,metacontig,2648,3126,478
sa_R29_M2385_S1_1,metacontig,1993,2430,437
sa_R29_M1028_S1_3,metacontig,444,874,430
ar_R29_M7069_S868_1,metacontig,1201,1678,477
st_R29_M441719_S1_8,metacontig,501,1006,505
ar_R29_M33415_S1_2,metacontig,485,965,480
st_R29_M34331_S1_4,metacontig,397,847,450
ar_R29_M14077_S1_7,metacontig,2359,2832,473
LC316823_4,metacontig,1754,2181,427
st_R29_M259769_S1_2,metacontig,791,1251,460
st_R29_M233683_S1_2,metacontig,1213,1675,462
ma_R29_M6516_S9_2,metacontig,610,1037,427
st_R29_M49328_S1_1,metacontig,2,395,393
st_R29_M88526_S1_1,metacontig,77,496,419
LC316806_1,metacontig,1750,2177,427
MH779625_1,metacontig,2340,2777,437
st_R29_M105954_S1_1,metacontig,17,432,415
st_R29_M195923_S9_1,metacontig,244,663,419
st_R29_M54660_S1_7,metacontig,1207,1713,506
st_R29_M55993_S1_1,metacontig,2392,2814,422
mm_R29_M2726_S3_2,metacontig,1833,2285,452
st_R29_M113102_S1_2,metacontig,62,472,410
st_R29_M2114_S1_2,metacontig,187,661,474
st_R29_M395234_S1_9,metacontig,860,1309,449
ar_R29_M43018_S1_1,metacontig,1430,1931,501
st_R29_M85812_S1_2,metacontig,179,582,403
st_R29_M195923_S7_1,metacontig,570,989,419
st_R29_M176036_S1_1,metacontig,337,791,454
NC_030118_1,metacontig,2393,2814,421
MH716807_1,metacontig,2382,2795,413
LC316830_5,metacontig,1757,2184,427
st_R29_M10285_S1_1,metacontig,2107,2559,452
st_R29_M398773_S1_3,metacontig,1124,1590,466
st_R29_M215601_S1_1,metacontig,159,555,396
st_R29_M46266_S1_1,metacontig,46,458,412
KY848053_1,metacontig,2352,2793,441
KM051987_6,metacontig,2055,2461,406
LC316824_2,metacontig,1749,2176,427
MN598038_3,metacontig,1748,2175,427
ar_R29_M12923_S1_1,metacontig,4,458,454
ar_R29_M24344_S1_4,metacontig,1634,2090,456
st_R29_M16635_S1_1,metacontig,45,444,399
st_R29_M142291_S1_9,metacontig,1378,1837,459
ar_R29_M18739_S1_2,metacontig,379,844,465
st_R29_M97673_S1_1,metacontig,1236,1712,476
mm_R29_M1882_S1_1,metacontig,255,742,487
ar_R29_M42603_S1_1,metacontig,718,1193,475
mm_R29_M5094_S1_8,metacontig,969,1447,478
st_R29_M1935_S1_2,metacontig,258,737,479
st_R29_M375141_S1_1,metacontig,169,634,465
ar_R29_M11985_S1_3,metacontig,2485,2965,480
MN059520_1,metacontig,2504,2925,421
LC316795_2,metacontig,1782,2208,426
mm_R29_M2726_S11_1,metacontig,24,428,404
st_R29_M304093_S1_3,metacontig,1066,1526,460
ar_R29_M7069_S277_2,metacontig,2483,2947,464
NC_014412_2,metacontig,1877,2272,395
mm_R29_M8135_S1_1,metacontig,397,865,468
ar_R29_M24038_S1_1,metacontig,136,592,456
st_R29_M401734_S1_1,metacontig,1538,1995,457
st_R29_M415604_S1_1,metacontig,23,433,410
MF447180_3,metacontig,2389,2846,457
st_R29_M364389_S16_4,metacontig,422,879,457
st_R29_M35743_S1_1,metacontig,167,588,421
st_R29_M35550_S1_1,metacontig,693,1238,545
st_R29_M65797_S2_1,metacontig,149,581,432
st_R29_M437125_S1_1,metacontig,13,414,401
st_R29_M69069_S1_1,metacontig,13,422,409
st_R29_M131913_S1_2,metacontig,227,636,409
sa_R29_M2295_S1_1,metacontig,1270,1748,478
st_R29_M4589_S1_5,metacontig,122,586,464
st_R29_M277126_S2_1,metacontig,545,1002,457
MN814315_1,metacontig,1582,2061,479
st_R29_M133571_S1_3,metacontig,104,578,474
st_R29_M409991_S1_1,metacontig,290,725,435
st_R29_M414944_S1_1,metacontig,12,472,460
ma_R29_M5746_S1_1,metacontig,2,379,377
st_R29_M380911_S1_1,metacontig,2412,2861,449
ar_R29_M34073_S1_1,metacontig,245,721,476
MN807752_1,metacontig,1899,2328,429
st_R29_M44634_S1_14,metacontig,1532,2011,479
st_R29_M144646_S1_1,metacontig,162,653,491
LC500882_1,metacontig,2336,2769,433
st_R29_M410260_S1_1,metacontig,123,544,421
ma_R29_M6516_S11_2,metacontig,385,813,428
st_R29_M438318_S1_2,metacontig,2,421,419
st_R29_M236511_S1_1,metacontig,62,467,405
st_R29_M23126_S1_2,metacontig,233,670,437
ar_R29_M41711_S1_1,metacontig,478,949,471
MG815140_1,metacontig,2688,3160,472
mm_R29_M5742_S1_5,metacontig,762,1237,475
st_R29_M222541_S1_1,metacontig,468,887,419
mm_R29_M1530_S1_5,metacontig,1179,1655,476
st_R29_M374256_S1_7,metacontig,360,717,357
st_R29_M188902_S1_4,metacontig,625,1095,470
ar_R29_M16205_S1_3,metacontig,1168,1627,459
NC_016156_4,metacontig,1908,2338,430
fu_R29_M3680_S1_8,metacontig,1290,1764,474
HM131607_4,metacontig,1765,2179,414
LC549659_3,metacontig,1949,2376,427
KT736022_2,metacontig,2296,2702,406
NC_015414_2,metacontig,1466,1941,475
MG189944_3,metacontig,2353,2834,481
ar_R29_M39520_S1_3,metacontig,1078,1546,468
MH663501_1,metacontig,1950,2377,427
ar_R29_M29080_S1_2,metacontig,1479,1960,481
st_R29_M4505_S54_1,metacontig,165,607,442
st_R29_M161651_S1_1,metacontig,318,746,428
st_R29_M82009_S1_1,metacontig,316,780,464
ar_R29_M42526_S1_1,metacontig,538,1012,474
st_R29_M47387_S3_2,metacontig,526,960,434
st_R29_M339767_S1_2,metacontig,192,626,434
st_R29_M27420_S1_1,metacontig,108,513,405
ar_R29_M3023_S1_5,metacontig,1407,1896,489
MN723599_1,metacontig,1432,1902,470
mm_R29_M5811_S1_5,metacontig,177,572,395
fi_R29_M719_S1_2,metacontig,1769,2221,452
st_R29_M316751_S1_1,metacontig,432,894,462
mm_R29_M5793_S14_4,metacontig,1425,1851,426
ar_R29_M10703_S1_3,metacontig,10,410,400
LC316802_1,metacontig,1751,2180,429
st_R29_M53931_S1_8,metacontig,1535,2012,477
st_R29_M393134_S1_2,metacontig,5,424,419
MH093731_3,metacontig,2291,2702,411
ar_R29_M9753_S1_1,metacontig,3,413,410
st_R29_M205191_S1_2,metacontig,1565,2052,487
st_R29_M93396_S38_3,metacontig,185,658,473
LC326556_1,metacontig,1903,2331,428
MT195550_1,metacontig,1501,1985,484
st_R29_M425038_S1_1,metacontig,152,584,432
JQ277724_2,metacontig,1749,2176,427
st_R29_M195050_S1_1,metacontig,10,448,438
NC_029051_2,metacontig,2332,2747,415
am_R29_M73_S1_1,metacontig,1255,1773,518
ma_R29_M6516_S3_1,metacontig,1965,2392,427
MN059521_1,metacontig,2427,2851,424
st_R29_M326659_S1_3,metacontig,1502,1935,433
MF506730_7,metacontig,2055,2460,405
ar_R29_M40937_S1_1,metacontig,2495,2972,477
st_R29_M197679_S1_1,metacontig,125,547,422
st_R29_M131627_S1_1,metacontig,2,395,393
MH705333_2,metacontig,2539,2947,408
st_R29_M277005_S1_5,metacontig,2342,2774,432
st_R29_M35521_S1_1,metacontig,529,1071,542
mm_R29_M7584_S1_4,metacontig,139,537,398
mm_R29_M2033_S1_13,metacontig,1261,1695,434
st_R29_M17507_S1_1,metacontig,141,565,424
st_R29_M449029_S1_3,metacontig,1429,1898,469
st_R29_M318583_S1_1,metacontig,76,540,464
st_R29_M93396_S30_3,metacontig,782,1255,473
st_R29_M67968_S15_3,metacontig,75,480,405
LC493088_1,metacontig,1895,2323,428
st_R29_M201294_S1_7,metacontig,468,924,456
st_R29_M440730_S1_2,metacontig,295,709,414
KT289893_1,metacontig,2339,2791,452
st_R29_M35332_S1_3,metacontig,334,817,483
ar_R29_M12525_S1_1,metacontig,410,893,483
st_R29_M97391_S1_2,metacontig,107,521,414
ar_R29_M38425_S1_1,metacontig,173,648,475
MH898512_1,metacontig,2340,2762,422
st_R29_M120800_S1_1,metacontig,34,381,347
KC473517_1,metacontig,2380,2818,438
st_R29_M234979_S2_3,metacontig,507,950,443
mm_R29_M3759_S1_1,metacontig,1061,1539,478
fi_R29_M605_S1_11,metacontig,1491,1959,468
st_R29_M76429_S1_1,metacontig,8,391,383
st_R29_M409117_S1_9,metacontig,1237,1694,457
st_R29_M24707_S1_1,metacontig,587,1006,419
st_R29_M21078_S1_1,metacontig,120,551,431
st_R29_M244034_S1_1,metacontig,2,373,371
st_R29_M290027_S1_9,metacontig,1413,1883,470
KY234500_6,metacontig,2055,2460,405
st_R29_M17506_S1_1,metacontig,151,574,423
st_R29_M16620_S1_1,metacontig,125,547,422
st_R29_M436777_S1_5,metacontig,561,1020,459
st_R29_M75890_S1_1,metacontig,5,413,408
ar_R29_M33327_S1_1,metacontig,103,587,484
ar_R29_M21232_S1_1,metacontig,13,479,466
ar_R29_M34955_S1_1,metacontig,1539,2011,472
st_R29_M197529_S1_1,metacontig,156,619,463
KU561096_1,metacontig,2293,2709,416
st_R29_M216595_S1_2,metacontig,648,1067,419
MT125684_10,metacontig,2086,2491,405
mm_R29_M6053_S1_2,metacontig,934,1438,504
st_R29_M131900_S1_3,metacontig,719,1138,419
st_R29_M55063_S1_1,metacontig,61,467,406
st_R29_M22899_S1_1,metacontig,251,692,441
st_R29_M109920_S1_3,metacontig,206,692,486
st_R29_M121740_S1_3,metacontig,854,1297,443
ar_R29_M22366_S1_1,metacontig,2505,2976,471
ar_R29_M16108_S1_2,metacontig,82,563,481
st_R29_M396379_S1_1,metacontig,92,502,410
NC_006553_1,metacontig,2090,2520,430
NC_016418_6,metacontig,1367,1806,439
st_R29_M278226_S1_1,metacontig,45,520,475
st_R29_M33233_S10_1,metacontig,354,761,407
st_R29_M129601_S1_1,metacontig,1395,1829,434
st_R29_M2914_S3_1,metacontig,35,473,438
NC_030847_1,metacontig,2366,2775,409
st_R29_M406064_S1_8,metacontig,1149,1620,471
st_R29_M2627_S8_1,metacontig,17,463,446
st_R29_M333371_S1_1,metacontig,616,1187,571
st_R29_M396381_S1_1,metacontig,436,874,438
st_R29_M46985_S1_2,metacontig,295,768,473
NC_040684_2,metacontig,2087,2494,407
st_R29_M129707_S1_1,metacontig,77,481,404
st_R29_M16634_S1_4,metacontig,377,812,435
ma_R29_M37_S1_2,metacontig,1514,1956,442
st_R29_M44542_S1_2,metacontig,873,1350,477
st_R29_M16389_S1_1,metacontig,1287,1743,456
JX156435_1,metacontig,2334,2771,437
NC_004573_1,metacontig,2342,2754,412
KT992083_1,metacontig,2518,2952,434
st_R29_M195923_S4_1,metacontig,686,1105,419
st_R29_M51083_S5_2,metacontig,871,1281,410
st_R29_M197221_S1_2,metacontig,1111,1570,459
ar_R29_M41833_S8_5,metacontig,436,917,481
st_R29_M4505_S49_4,metacontig,15,452,437
st_R29_M411794_S1_2,metacontig,1773,2213,440
ar_R29_M29598_S1_1,metacontig,3,441,438
st_R29_M110127_S1_6,metacontig,258,705,447
sa_R29_M3085_S1_3,metacontig,1304,1725,421
st_R29_M276637_S1_1,metacontig,95,514,419
MK427055_3,metacontig,2367,2793,426
st_R29_M269901_S1_1,metacontig,13,479,466
sa_R29_M2747_S1_2,metacontig,524,955,431
st_R29_M236513_S1_1,metacontig,577,1029,452
NC_003399_1,metacontig,2277,2707,430
st_R29_M52845_S1_1,metacontig,537,960,423
ar_R29_M9070_S1_4,metacontig,1773,2228,455
MK092724_1,metacontig,2344,2795,451
st_R29_M129685_S1_2,metacontig,203,624,421
st_R29_M410227_S1_1,metacontig,279,703,424
st_R29_M359653_S1_1,metacontig,276,759,483
st_R29_M260184_S1_4,metacontig,350,775,425
ar_R29_M2494_S1_2,metacontig,615,1081,466
ar_R29_M30758_S1_2,metacontig,671,1184,513
NC_014252_1,metacontig,2377,2852,475
fi_R29_M950_S22_6,metacontig,82,502,420
st_R29_M177336_S1_1,metacontig,25,447,422
MN059527_1,metacontig,2505,2928,423
ar_R29_M3903_S1_2,metacontig,709,1191,482
MF467402_2,metacontig,2297,2709,412
st_R29_M208569_S1_9,metacontig,473,910,437
LC511903_3,metacontig,2341,2764,423
st_R29_M4505_S62_1,metacontig,24,439,415
ar_R29_M40595_S1_3,metacontig,666,1089,423
MN059529_2,metacontig,2427,2848,421
mm_R29_M5509_S1_1,metacontig,15,417,402
fi_R29_M575_S1_1,metacontig,104,575,471
DQ977725_1,metacontig,2355,2821,466
st_R29_M171254_S1_1,metacontig,17,419,402
st_R29_M56718_S1_2,metacontig,874,1293,419
fi_R29_M1877_S1_2,metacontig,26,452,426
ar_R29_M36009_S1_1,metacontig,494,967,473
ar_R29_M12747_S1_2,metacontig,152,630,478
sa_R29_M279_S1_2,metacontig,1589,2001,412
MK962336_5,metacontig,2085,2490,405
sa_R29_M1835_S1_5,metacontig,1082,1517,435
ar_R29_M22563_S1_1,metacontig,2,404,402
st_R29_M109593_S1_1,metacontig,162,623,461
st_R29_M276664_S1_1,metacontig,96,502,406
st_R29_M131552_S1_6,metacontig,1247,1708,461
st_R29_M208581_S1_5,metacontig,1398,1839,441
ar_R29_M22548_S1_3,metacontig,1423,1927,504
MN734577_1,metacontig,1761,2184,423
st_R29_M346648_S2_1,metacontig,621,1035,414
mm_R29_M5035_S1_9,metacontig,893,1368,475
ar_R29_M40797_S1_2,metacontig,2,368,366
ar_R29_M29907_S1_2,metacontig,24,395,371
KC893553_5,metacontig,1871,2254,383
MG656418_4,metacontig,2741,3214,473
mm_R29_M2923_S1_2,metacontig,1066,1535,469
st_R29_M358624_S1_2,metacontig,304,715,411
st_R29_M130278_S1_6,metacontig,1962,2378,416
ar_R29_M7069_S380_8,metacontig,1014,1473,459
ar_R29_M323_S1_1,metacontig,482,916,434
st_R29_M236514_S1_5,metacontig,544,969,425
KX017447_2,metacontig,2672,3133,461
st_R29_M39850_S1_4,metacontig,466,889,423
st_R29_M98714_S1_3,metacontig,229,669,440
NC_014038_1,metacontig,2503,2927,424
st_R29_M138005_S1_1,metacontig,223,664,441
st_R29_M55855_S1_3,metacontig,1193,1686,493
ar_R29_M41018_S1_3,metacontig,496,974,478
st_R29_M410239_S1_1,metacontig,238,659,421
ar_R29_M23454_S1_1,metacontig,1807,2266,459
ar_R29_M30124_S2_3,metacontig,1362,1834,472
st_R29_M12587_S2_1,metacontig,600,1071,471
NC_030840_1,metacontig,2364,2795,431
ar_R29_M9996_S1_3,metacontig,45,517,472
st_R29_M210106_S1_1,metacontig,192,650,458
ar_R29_M8731_S1_2,metacontig,1227,1691,464
NC_034267_1,metacontig,1787,2214,427
st_R29_M176039_S1_1,metacontig,1608,2062,454
st_R29_M89469_S1_1,metacontig,1247,1711,464
ar_R29_M11438_S2_2,metacontig,364,777,413
st_R29_M129687_S1_1,metacontig,540,965,425
st_R29_M94390_S25_2,metacontig,24,401,377
st_R29_M21159_S1_1,metacontig,611,1093,482
ar_R29_M22898_S4_1,metacontig,20,426,406
st_R29_M278790_S25_7,metacontig,1268,1708,440
st_R29_M406049_S1_14,metacontig,1210,1653,443
ar_R29_M34144_S1_5,metacontig,1616,2067,451
st_R29_M38948_S1_6,metacontig,436,980,544
st_R29_M63183_S1_6,metacontig,2420,2893,473
ar_R29_M42973_S1_2,metacontig,1858,2328,470
st_R29_M140154_S1_3,metacontig,129,608,479
ar_R29_M28353_S1_1,metacontig,2488,2966,478
NC_034208_2,metacontig,2343,2798,455
st_R29_M385382_S1_1,metacontig,18,424,406
LC386162_1,metacontig,1928,2328,400
st_R29_M220782_S2_2,metacontig,1237,1699,462
st_R29_M352764_S1_1,metacontig,1248,1687,439
st_R29_M42218_S1_2,metacontig,166,608,442
st_R29_M2627_S4_3,metacontig,856,1316,460
NC_004752_1,metacontig,2347,2800,453
st_R29_M121867_S1_11,metacontig,418,872,454
ar_R29_M12690_S1_1,metacontig,2414,2884,470
st_R29_M17515_S1_1,metacontig,49,451,402
st_R29_M252620_S1_4,metacontig,615,1055,440
ar_R29_M22839_S1_1,metacontig,1387,1784,397
st_R29_M380985_S1_3,metacontig,910,1393,483
MF176826_1,metacontig,2351,2791,440
ar_R29_M7713_S1_1,metacontig,1068,1533,465
MH898493_2,metacontig,2345,2791,446
ar_R29_M28049_S1_3,metacontig,120,605,485
st_R29_M91384_S1_2,metacontig,314,744,430
NC_038984_2,metacontig,2366,2817,451
MK092725_1,metacontig,2392,2839,447
MN059436_1,metacontig,2427,2849,422
st_R29_M166763_S1_8,metacontig,2375,2797,422
st_R29_M396483_S1_10,metacontig,1234,1672,438
st_R29_M278790_S26_5,metacontig,992,1445,453
mm_R29_M3088_S1_5,metacontig,1203,1676,473
NC_038302_1,metacontig,2708,3185,477
mm_R29_M4074_S1_1,metacontig,8,481,473
sa_R29_M2652_S1_1,metacontig,28,450,422
am_R29_M552_S1_5,metacontig,1173,1609,436
MN598034_1,metacontig,1759,2186,427
ar_R29_M27007_S1_4,metacontig,1902,2390,488
MN807751_7,metacontig,2085,2490,405
st_R29_M352768_S5_3,metacontig,1195,1629,434
st_R29_M4505_S3_10,metacontig,2346,2785,439
KJ958930_11,metacontig,2055,2451,396
st_R29_M198885_S1_15,metacontig,1765,2263,498
ar_R29_M7069_S469_1,metacontig,1306,1782,476
st_R29_M55444_S1_2,metacontig,70,475,405
st_R29_M101519_S1_6,metacontig,1533,1990,457
MH795864_1,metacontig,2324,2768,444
LC316792_1,metacontig,1759,2186,427
MT225405_11,metacontig,1481,1909,428
sa_R29_M3247_S1_3,metacontig,91,539,448
ar_R29_M7069_S207_4,metacontig,2415,2889,474
LC316805_4,metacontig,1753,2180,427
st_R29_M56584_S1_1,metacontig,2367,2786,419
ar_R29_M3676_S1_1,metacontig,108,586,478
ar_R29_M16988_S1_1,metacontig,347,816,469
ar_R29_M7069_S1113_2,metacontig,604,1080,476
st_R29_M253528_S1_11,metacontig,539,1011,472
sa_R29_M732_S1_2,metacontig,13,446,433
ar_R29_M5677_S1_1,metacontig,1403,1887,484
MT350288_1,metacontig,2344,2770,426
KJ161185_3,metacontig,2534,2963,429
st_R29_M354810_S1_1,metacontig,1530,1989,459
mm_R29_M2376_S7_1,metacontig,488,965,477
st_R29_M4505_S35_1,metacontig,493,960,467
mm_R29_M1987_S1_4,metacontig,1543,2003,460
mm_R29_M7095_S1_4,metacontig,409,895,486
st_R29_M365881_S1_1,metacontig,118,584,466
ar_R29_M37774_S1_1,metacontig,2241,2723,482
HQ702854_2,metacontig,1760,2184,424
ar_R29_M19602_S1_1,metacontig,48,516,468
ar_R29_M7069_S1207_2,metacontig,298,782,484
ma_R29_M6516_S7_1,metacontig,1795,2222,427
st_R29_M277126_S1_9,metacontig,1287,1743,456
ch_R29_M109_S1_8,metacontig,1309,1792,483
st_R29_M441251_S1_1,metacontig,23,488,465
ar_R29_M23919_S1_1,metacontig,325,795,470
st_R29_M327027_S1_7,metacontig,2667,3080,413
am_R29_M485_S1_1,metacontig,1043,1513,470
NC_009758_1,metacontig,1010,1497,487
LC316788_2,metacontig,1969,2396,427
ar_R29_M28374_S1_2,metacontig,523,998,475
ar_R29_M42624_S1_2,metacontig,12,449,437
st_R29_M208573_S1_4,metacontig,135,572,437
MT200665_1,metacontig,2360,2784,424
st_R29_M63459_S1_2,metacontig,16,411,395
st_R29_M450821_S1_2,metacontig,425,906,481
st_R29_M381490_S1_8,metacontig,1249,1712,463
ar_R29_M41833_S6_5,metacontig,985,1466,481
fi_R29_M320_S1_2,metacontig,191,640,449
st_R29_M333366_S2_2,metacontig,16,420,404
st_R29_M364389_S3_13,metacontig,1321,1778,457
MK956829_1,metacontig,2367,2786,419
KT325852_5,metacontig,2077,2496,419
mm_R29_M3660_S1_4,metacontig,4,423,419
st_R29_M51083_S1_3,metacontig,2375,2786,411
HQ258895_1,metacontig,2438,2860,422
ar_R29_M35256_S1_6,metacontig,843,1313,470
st_R29_M85715_S1_1,metacontig,16,447,431
mm_R29_M7432_S5_1,metacontig,7,429,422
st_R29_M49385_S1_1,metacontig,93,505,412
st_R29_M252621_S1_2,metacontig,441,853,412
ar_R29_M23304_S1_3,metacontig,1392,1863,471
st_R29_M89331_S1_1,metacontig,131,550,419
MN059498_1,metacontig,2505,2911,406
st_R29_M361967_S1_2,metacontig,152,616,464
st_R29_M93396_S11_4,metacontig,1864,2337,473
fi_R29_M950_S23_4,metacontig,149,555,406
MG656422_3,metacontig,2768,3241,473
st_R29_M4505_S36_3,metacontig,468,905,437
NC_011829_6,metacontig,2088,2490,402
MN592680_2,metacontig,2371,2813,442
al_R29_M585_S1_2,metacontig,657,1112,455
NC_006271_1,metacontig,1653,2198,545
ar_R29_M39022_S1_4,metacontig,2545,3015,470
ar_R29_M23478_S1_1,metacontig,764,1236,472
KC465953_2,metacontig,1858,2287,429
st_R29_M441803_S1_2,metacontig,146,601,455
KY234499_5,metacontig,2054,2461,407
st_R29_M49682_S1_1,metacontig,598,1019,421
MN954536_1,metacontig,1767,2195,428
sa_R29_M1058_S1_2,metacontig,2031,2496,465
st_R29_M30480_S1_5,metacontig,1288,1794,506
st_R29_M259918_S1_1,metacontig,269,702,433
NC_003605_1,metacontig,2539,2969,430
JN863233_1,metacontig,2459,2878,419
EF067924_3,metacontig,1865,2246,381
KJ675506_2,metacontig,1759,2181,422
st_R29_M38781_S1_1,metacontig,114,533,419
st_R29_M165003_S1_1,metacontig,769,1228,459
MF382053_1,metacontig,2355,2780,425
MN823691_2,metacontig,1120,1593,473
ar_R29_M13954_S1_1,metacontig,360,846,486
st_R29_M88109_S1_6,metacontig,1236,1673,437
st_R29_M112314_S2_3,metacontig,650,1064,414
st_R29_M195923_S1_7,metacontig,2367,2786,419
NC_032087_1,metacontig,2659,3137,478
KU133475_2,metacontig,2363,2841,478
st_R29_M130804_S1_1,metacontig,18,413,395
ar_R29_M42916_S1_1,metacontig,58,540,482
st_R29_M167117_S1_1,metacontig,46,448,402
st_R29_M216590_S1_1,metacontig,357,900,543
st_R29_M74651_S1_6,metacontig,1470,1913,443
st_R29_M106601_S1_1,metacontig,2369,2856,487
st_R29_M445315_S1_4,metacontig,318,748,430
ar_R29_M20490_S1_1,metacontig,1467,1976,509
MK962328_7,metacontig,2084,2490,406
mm_R29_M4649_S1_1,metacontig,288,743,455
ar_R29_M17520_S1_5,metacontig,847,1281,434
st_R29_M140121_S1_2,metacontig,390,837,447
st_R29_M197685_S1_1,metacontig,51,453,402
st_R29_M101646_S1_1,metacontig,1236,1697,461
ar_R29_M6742_S1_1,metacontig,6,434,428
al_R29_M682_S1_3,metacontig,55,430,375
NC_035134_1,metacontig,2386,2867,481
ar_R29_M39300_S1_3,metacontig,1140,1612,472
KP144318_9,metacontig,2086,2491,405
ar_R29_M41833_S3_7,metacontig,2440,2921,481
MN059493_1,metacontig,2462,2893,431
st_R29_M409381_S1_1,metacontig,1238,1698,460
st_R29_M85568_S2_1,metacontig,2367,2786,419
GU440578_2,metacontig,2382,2821,439
ar_R29_M19772_S1_3,metacontig,2483,2966,483
ar_R29_M27175_S1_1,metacontig,947,1424,477
ma_R29_M2345_S1_1,metacontig,135,596,461
NC_007147_2,metacontig,2356,2821,465
st_R29_M336306_S1_2,metacontig,2247,2710,463
mm_R29_M706_S1_5,metacontig,40,502,462
KC414936_7,metacontig,2084,2490,406
ar_R29_M19873_S1_1,metacontig,2,367,365
KX373900_1,metacontig,2414,2889,475
MT125682_9,metacontig,2056,2460,404
MN598577_3,metacontig,2374,2798,424
ar_R29_M40278_S1_2,metacontig,841,1269,428
st_R29_M63435_S1_1,metacontig,620,1051,431
mm_R29_M5027_S1_1,metacontig,772,1246,474
st_R29_M375161_S1_1,metacontig,48,447,399
st_R29_M15214_S1_1,metacontig,272,725,453
NC_016769_7,metacontig,2084,2490,406
ar_R29_M26275_S1_1,metacontig,1963,2473,510
NC_029905_2,metacontig,1838,2245,407
mm_R29_M8057_S1_2,metacontig,1173,1647,474
st_R29_M209939_S1_2,metacontig,292,769,477
KM977675_5,metacontig,2056,2461,405
st_R29_M16397_S1_1,metacontig,1267,1724,457
st_R29_M307210_S1_1,metacontig,2,350,348
st_R29_M299564_S1_1,metacontig,1136,1615,479
KX574284_1,metacontig,1906,2335,429
st_R29_M232111_S5_9,metacontig,287,758,471
MK649741_1,metacontig,2327,2762,435
ar_R29_M32353_S1_8,metacontig,2471,2942,471
st_R29_M226451_S1_7,metacontig,1240,1709,469
MF782664_1,metacontig,1969,2396,427
st_R29_M446390_S1_1,metacontig,50,465,415
st_R29_M260217_S1_2,metacontig,164,586,422
st_R29_M137855_S1_2,metacontig,1526,1988,462
st_R29_M4513_S2_1,metacontig,41,460,419
sa_R29_M3295_S1_1,metacontig,1247,1702,455
MG711313_1,metacontig,2347,2788,441
st_R29_M188798_S2_1,metacontig,750,1204,454
mm_R29_M2122_S1_4,metacontig,866,1343,477
MN982387_1,metacontig,2614,3095,481
LC228573_1,metacontig,2459,2920,461
st_R29_M109592_S1_1,metacontig,1238,1697,459
st_R29_M156623_S1_2,metacontig,1252,1709,457
FJ617225_2,metacontig,2348,2905,557
ar_R29_M7069_S304_1,metacontig,2417,2892,475
JX237863_2,metacontig,2296,2704,408
st_R29_M35890_S1_1,metacontig,40,446,406
MH620811_1,metacontig,2597,3046,449
st_R29_M45804_S1_2,metacontig,25,433,408
JN572117_4,metacontig,1910,2338,428
st_R29_M407742_S2_1,metacontig,229,699,470
ar_R29_M6051_S1_8,metacontig,1139,1617,478
ar_R29_M40095_S1_2,metacontig,360,836,476
st_R29_M309564_S1_1,metacontig,31,471,440
st_R29_M23076_S9_9,metacontig,49,418,369
KY847935_1,metacontig,2366,2791,425
st_R29_M51534_S1_1,metacontig,34,461,427
ar_R29_M7069_S357_2,metacontig,2707,3185,478
JN127341_1,metacontig,2405,2837,432
st_R29_M439132_S1_1,metacontig,197,660,463
MG950179_1,metacontig,1774,2191,417
MT782116_2,metacontig,2358,2929,571
st_R29_M69531_S1_6,metacontig,1279,1746,467
mm_R29_M476_S1_1,metacontig,664,1131,467
mm_R29_M4519_S1_1,metacontig,898,1375,477
KP849483_1,metacontig,2331,2786,455
st_R29_M129816_S1_1,metacontig,1261,1772,511
MN823684_3,metacontig,1206,1676,470
ar_R29_M15698_S1_3,metacontig,2414,2892,478
ma_R29_M4731_S1_2,metacontig,364,759,395
st_R29_M426343_S1_2,metacontig,13,418,405
MT731491_2,metacontig,2514,2940,426
mm_R29_M5840_S1_23,metacontig,1155,1597,442
MN059454_1,metacontig,2427,2848,421
st_R29_M57085_S1_1,metacontig,928,1405,477
GU292559_7,metacontig,2083,2490,407
st_R29_M368385_S1_1,metacontig,153,560,407
MN598036_2,metacontig,1749,2176,427
ar_R29_M17953_S1_2,metacontig,1089,1561,472
NC_037654_2,metacontig,1740,2171,431
st_R29_M441480_S1_4,metacontig,551,1072,521
st_R29_M128787_S1_1,metacontig,2,388,386
st_R29_M439139_S1_1,metacontig,127,485,358
st_R29_M100908_S1_8,metacontig,1235,1686,451
st_R29_M380984_S1_5,metacontig,1277,1707,430
mm_R29_M253_S1_1,metacontig,5,370,365
ar_R29_M34695_S1_4,metacontig,2476,2953,477
ar_R29_M5429_S1_2,metacontig,1073,1564,491
ma_R29_M4326_S3_1,metacontig,586,1023,437
MN598040_2,metacontig,1758,2185,427
mm_R29_M7557_S1_1,metacontig,2392,2828,436
ar_R29_M1042_S1_1,metacontig,1029,1507,478
st_R29_M15172_S1_3,metacontig,1553,1990,437
st_R29_M190617_S1_1,metacontig,170,635,465
st_R29_M133032_S1_1,metacontig,68,456,388
am_R29_M434_S1_5,metacontig,1138,1582,444
ar_R29_M5062_S1_4,metacontig,2352,2813,461
st_R29_M71840_S1_2,metacontig,1247,1710,463
ar_R29_M38345_S1_4,metacontig,687,1179,492
st_R29_M18891_S1_6,metacontig,1548,2024,476
MT081370_1,metacontig,1765,2190,425
ar_R29_M38451_S1_1,metacontig,398,850,452
st_R29_M132121_S1_4,metacontig,1529,2002,473
st_R29_M4505_S58_4,metacontig,64,466,402
am_R29_M98_S1_1,metacontig,187,656,469
st_R29_M93396_S35_2,metacontig,266,738,472
mm_R29_M2787_S1_11,metacontig,1138,1606,468
NC_003606_2,metacontig,2294,2746,452
st_R29_M240108_S1_2,metacontig,2501,2978,477
st_R29_M216604_S1_1,metacontig,11,414,403
sa_R29_M40_S2_1,metacontig,302,740,438
ma_R29_M2137_S1_3,metacontig,1755,2186,431
JF317014_1,metacontig,1768,2181,413
st_R29_M387880_S1_1,metacontig,5,381,376
st_R29_M63452_S1_2,metacontig,51,455,404
ar_R29_M22335_S1_2,metacontig,1197,1667,470
st_R29_M317821_S1_7,metacontig,1261,1700,439
mm_R29_M6838_S1_1,metacontig,21,454,433
st_R29_M100734_S1_5,metacontig,71,507,436
ar_R29_M3360_S1_3,metacontig,787,1262,475
st_R29_M183481_S1_3,metacontig,432,821,389
ar_R29_M38997_S1_1,metacontig,1642,2086,444
MT274669_3,metacontig,1786,2212,426
ar_R29_M15285_S1_1,metacontig,964,1436,472
st_R29_M272042_S1_2,metacontig,1499,1952,453
st_R29_M102507_S1_2,metacontig,43,447,404
mm_R29_M1846_S1_3,metacontig,1102,1543,441
st_R29_M216605_S1_4,metacontig,134,553,419
st_R29_M63458_S1_3,metacontig,345,767,422
MN059440_1,metacontig,2503,2948,445
NC_011190_1,metacontig,1248,1688,440
st_R29_M324375_S1_7,metacontig,1534,1978,444
st_R29_M363244_S1_7,metacontig,1228,1704,476
mm_R29_M2887_S2_6,metacontig,415,857,442
ar_R29_M18247_S1_3,metacontig,7,366,359
st_R29_M173878_S1_4,metacontig,560,1060,500
mm_R29_M1999_S1_1,metacontig,971,1412,441
NC_000947_1,metacontig,2393,2869,476
st_R29_M244135_S1_1,metacontig,15,463,448
NC_004426_1,metacontig,2363,2814,451
mm_R29_M756_S1_2,metacontig,2,445,443
mm_R29_M5817_S1_6,metacontig,1396,1867,471
st_R29_M129694_S1_1,metacontig,45,447,402
JQ403609_2,metacontig,2308,2719,411
ar_R29_M7069_S1261_2,metacontig,53,526,473
ar_R29_M2498_S169_1,metacontig,1,391,390
ar_R29_M12587_S1_7,metacontig,2464,2933,469
NC_040650_1,metacontig,2499,2920,421
st_R29_M153929_S1_9,metacontig,1684,2123,439
st_R29_M315010_S1_8,metacontig,1346,1814,468
al_R29_M304_S1_2,metacontig,264,676,412
ar_R29_M18299_S7_2,metacontig,271,740,469
st_R29_M367829_S1_4,metacontig,324,784,460
ar_R29_M23414_S1_2,metacontig,218,711,493
ar_R29_M42308_S1_1,metacontig,2,375,373
st_R29_M449458_S1_1,metacontig,451,993,542
st_R29_M4505_S29_1,metacontig,1013,1449,436
ar_R29_M6457_S1_1,metacontig,9,478,469
st_R29_M278790_S38_1,metacontig,13,416,403
GU182409_3,metacontig,1867,2263,396
st_R29_M332614_S1_4,metacontig,13,526,513
ar_R29_M38387_S1_1,metacontig,65,550,485
JN572118_2,metacontig,1905,2335,430
NC_025114_9,metacontig,1950,2369,419
st_R29_M16952_S1_1,metacontig,548,987,439
st_R29_M153293_S1_4,metacontig,2130,2599,469
st_R29_M308166_S1_2,metacontig,534,1013,479
st_R29_M37925_S1_2,metacontig,20,467,447
ar_R29_M32983_S1_2,metacontig,115,587,472
MH477289_2,metacontig,1402,1835,433
mm_R29_M465_S1_12,metacontig,916,1383,467
MN240496_1,metacontig,1775,2206,431
KU941945_2,metacontig,2442,2906,464
MN059486_2,metacontig,2427,2845,418
KJ789138_3,metacontig,2384,2862,478
ar_R29_M7069_S124_8,metacontig,2723,3200,477
st_R29_M72327_S1_1,metacontig,129,586,457
st_R29_M67968_S10_3,metacontig,417,820,403
NC_043536_3,metacontig,2383,2804,421
st_R29_M449340_S1_1,metacontig,14,478,464
st_R29_M65623_S1_1,metacontig,1500,1975,475
KT880670_4,metacontig,2098,2489,391
st_R29_M248353_S1_1,metacontig,46,453,407
ar_R29_M19547_S1_1,metacontig,806,1274,468
NC_030794_2,metacontig,2414,2847,433
fi_R29_M950_S17_1,metacontig,656,1062,406
st_R29_M79341_S1_1,metacontig,183,641,458
sa_R29_M2403_S1_1,metacontig,97,639,542
ar_R29_M11071_S1_2,metacontig,85,563,478
MN356039_1,metacontig,2379,2808,429
NC_003987_1,metacontig,1894,2322,428
st_R29_M447852_S1_4,metacontig,932,1389,457
ar_R29_M18299_S1_3,metacontig,369,838,469
st_R29_M170055_S1_18,metacontig,757,1228,471
st_R29_M301343_S1_1,metacontig,1382,1827,445
ar_R29_M41113_S1_3,metacontig,412,890,478
sa_R29_M3248_S1_2,metacontig,99,508,409
st_R29_M306988_S1_1,metacontig,158,562,404
mm_R29_M3148_S1_6,metacontig,1512,1981,469
ma_R29_M4723_S1_1,metacontig,222,704,482
st_R29_M278790_S30_1,metacontig,908,1336,428
JQ692069_7,metacontig,2085,2490,405
st_R29_M88310_S1_1,metacontig,19,443,424
MK092721_1,metacontig,2361,2812,451
ma_R29_M4757_S1_2,metacontig,408,817,409
sa_R29_M1107_S1_4,metacontig,1943,2386,443
ar_R29_M5429_S2_1,metacontig,555,1042,487
ar_R29_M23053_S1_4,metacontig,425,903,478
ar_R29_M13977_S1_1,metacontig,236,697,461
st_R29_M140106_S1_10,metacontig,1395,1873,478
st_R29_M14698_S1_1,metacontig,490,967,477
MG958646_3,metacontig,1758,2185,427
st_R29_M276230_S1_1,metacontig,3,416,413
st_R29_M307227_S1_1,metacontig,493,969,476
st_R29_M97395_S1_3,metacontig,277,700,423
ar_R29_M33031_S1_1,metacontig,1315,1785,470
st_R29_M188798_S1_6,metacontig,2355,2809,454
st_R29_M23660_S1_1,metacontig,1417,1896,479
mm_R29_M6034_S1_1,metacontig,1363,1819,456
MG571549_2,metacontig,2481,3041,560
NC_043537_1,metacontig,2369,2807,438
st_R29_M277182_S11_1,metacontig,13,439,426
ar_R29_M7069_S87_11,metacontig,2711,3188,477
mm_R29_M6078_S1_4,metacontig,21,454,433
st_R29_M111197_S1_1,metacontig,283,702,419
fi_R29_M80_S1_3,metacontig,2036,2451,415
HM067437_1,metacontig,2415,2890,475
st_R29_M1481_S1_2,metacontig,19,465,446
st_R29_M129712_S1_3,metacontig,580,1001,421
ar_R29_M42189_S1_4,metacontig,260,710,450
st_R29_M326191_S1_1,metacontig,2219,2703,484
ar_R29_M39741_S1_1,metacontig,159,626,467
KF979332_9,metacontig,2225,2638,413
st_R29_M259917_S1_15,metacontig,1215,1652,437
st_R29_M415616_S2_3,metacontig,513,985,472
ar_R29_M7069_S162_1,metacontig,2675,3155,480
MN059460_1,metacontig,2504,2925,421
KT899778_2,metacontig,2329,2766,437
KT240115_10,metacontig,1995,2405,410
st_R29_M366329_S1_2,metacontig,302,723,421
JX088636_1,metacontig,2394,2965,571
st_R29_M64249_S4_1,metacontig,210,598,388
ar_R29_M8445_S1_11,metacontig,2166,2648,482
KY053835_1,metacontig,1906,2322,416
st_R29_M234992_S1_3,metacontig,3,394,391
KF274031_1,metacontig,2486,2922,436
ar_R29_M11763_S1_1,metacontig,309,793,484
st_R29_M366321_S1_1,metacontig,163,587,424
MN059494_3,metacontig,2510,2932,422
ar_R29_M14013_S1_3,metacontig,2414,2889,475
st_R29_M277003_S1_3,metacontig,1846,2276,430
ar_R29_M30053_S1_2,metacontig,1631,2100,469
sa_R29_M186_S1_1,metacontig,1779,2209,430
MN728808_3,metacontig,2807,3246,439
st_R29_M49662_S1_8,metacontig,1631,2052,421
KP258216_1,metacontig,2502,2925,423
mm_R29_M4286_S1_7,metacontig,346,838,492
ar_R29_M7069_S1369_1,metacontig,158,594,436
st_R29_M262865_S1_2,metacontig,8,456,448
ar_R29_M8445_S2_3,metacontig,519,1001,482
mm_R29_M135_S1_1,metacontig,192,659,467
ar_R29_M26613_S1_2,metacontig,31,502,471
ar_R29_M7069_S198_3,metacontig,2471,2955,484
MT350290_2,metacontig,2324,2763,439
st_R29_M278796_S1_1,metacontig,10,413,403
st_R29_M117747_S1_1,metacontig,2346,2825,479
st_R29_M312190_S1_4,metacontig,2680,3134,454
ar_R29_M7870_S1_1,metacontig,1131,1601,470
st_R29_M44254_S1_1,metacontig,499,975,476
sa_R29_M1830_S1_2,metacontig,1896,2324,428
ar_R29_M14088_S1_4,metacontig,2480,2949,469
st_R29_M413572_S1_5,metacontig,298,737,439
NC_014536_1,metacontig,2379,2835,456
st_R29_M37070_S1_1,metacontig,83,537,454
st_R29_M109801_S96_1,metacontig,290,742,452
ar_R29_M7069_S137_1,metacontig,2726,3204,478
st_R29_M406054_S1_3,metacontig,589,1055,466
MN059512_1,metacontig,2427,2849,422
ar_R29_M7069_S802_1,metacontig,1477,1960,483
ar_R29_M28901_S1_1,metacontig,1239,1717,478
ar_R29_M4276_S1_1,metacontig,1214,1706,492
st_R29_M34672_S1_1,metacontig,2344,2815,471
st_R29_M53419_S1_1,metacontig,62,493,431
NC_007913_2,metacontig,2363,2836,473
st_R29_M232111_S3_1,metacontig,1532,2002,470
st_R29_M36141_S1_2,metacontig,737,1220,483
st_R29_M153944_S1_1,metacontig,1172,1642,470
AY569692_2,metacontig,2296,2702,406
NC_020072_2,metacontig,2345,2772,427
MH763683_2,metacontig,2751,3190,439
st_R29_M70848_S1_1,metacontig,1371,1822,451
ar_R29_M9215_S1_1,metacontig,1257,1703,446
MK440140_3,metacontig,2342,2754,412
JN572116_3,metacontig,1905,2335,430
st_R29_M318249_S1_5,metacontig,154,553,399
ar_R29_M7069_S279_1,metacontig,2414,2889,475
MK756120_2,metacontig,2390,2844,454
st_R29_M415616_S1_4,metacontig,942,1414,472
ar_R29_M11690_S1_1,metacontig,210,688,478
fi_R29_M950_S5_13,metacontig,1907,2318,411
ar_R29_M7069_S1312_1,metacontig,199,656,457
MN116683_1,metacontig,2354,2797,443
sa_R29_M1394_S1_1,metacontig,25,458,433
st_R29_M395700_S1_2,metacontig,8,382,374
MW384881_1,metacontig,1769,2194,425
st_R29_M73776_S1_7,metacontig,1561,2043,482
st_R29_M373287_S1_3,metacontig,521,1022,501
GU214748_2,metacontig,2367,2797,430
st_R29_M53420_S1_1,metacontig,167,624,457
ar_R29_M21186_S1_9,metacontig,2189,2659,470
st_R29_M29786_S1_2,metacontig,18,413,395
ar_R29_M9501_S1_6,metacontig,2718,3196,478
st_R29_M387879_S1_5,metacontig,1710,2206,496
ar_R29_M7069_S308_2,metacontig,1587,2061,474
ch_R29_M240_S1_1,metacontig,668,1113,445
st_R29_M86640_S1_4,metacontig,101,569,468
am_R29_M364_S1_4,metacontig,2305,2732,427
mm_R29_M1241_S1_1,metacontig,790,1273,483
ar_R29_M36917_S1_1,metacontig,1542,2018,476
mm_R29_M4353_S1_2,metacontig,1319,1761,442
MN356038_1,metacontig,2330,2767,437
st_R29_M375294_S1_4,metacontig,2303,2740,437
st_R29_M19694_S1_8,metacontig,2303,2732,429
st_R29_M199838_S1_2,metacontig,592,1053,461
KF268956_3,metacontig,2510,2938,428
st_R29_M142174_S1_1,metacontig,528,984,456
st_R29_M264151_S1_1,metacontig,234,714,480
st_R29_M286752_S1_3,metacontig,71,504,433
st_R29_M168755_S1_4,metacontig,1447,1897,450
st_R29_M177345_S1_1,metacontig,83,521,438
ar_R29_M7069_S152_1,metacontig,2745,3222,477
mm_R29_M946_S1_1,metacontig,31,478,447
X89997_2,metacontig,2467,2922,455
st_R29_M252971_S1_15,metacontig,1697,2187,490
MW384880_1,metacontig,1793,2218,425
MN059489_1,metacontig,2427,2848,421
MN722413_1,metacontig,1185,1644,459
fi_R29_M1503_S1_1,metacontig,771,1196,425
st_R29_M272309_S1_1,metacontig,38,441,403
st_R29_M109801_S103_1,metacontig,92,524,432
mm_R29_M2887_S1_12,metacontig,1534,1976,442
MH620812_1,metacontig,2500,2980,480
st_R29_M375338_S1_4,metacontig,5,348,343
ar_R29_M29672_S1_1,metacontig,357,763,406
mm_R29_M7884_S1_1,metacontig,1,367,366
MN059542_2,metacontig,2506,2926,420
ar_R29_M20366_S1_1,metacontig,1709,2178,469
ar_R29_M9744_S2_2,metacontig,1438,1929,491
st_R29_M66685_S1_5,metacontig,1177,1654,477
KP779642_7,metacontig,2451,2864,413
st_R29_M28380_S1_5,metacontig,381,849,468
st_R29_M35512_S1_1,metacontig,875,1416,541
st_R29_M96788_S1_2,metacontig,45,466,421
ar_R29_M20545_S1_6,metacontig,25,509,484
st_R29_M65408_S1_1,metacontig,62,516,454
MT081372_1,metacontig,1782,2207,425
KP168261_2,metacontig,2432,2883,451
st_R29_M212405_S1_2,metacontig,1341,1806,465
st_R29_M61900_S1_6,metacontig,1560,2020,460
NC_034273_1,metacontig,2537,2964,427
ar_R29_M41440_S1_1,metacontig,865,1310,445
MK593172_2,metacontig,1969,2396,427
ar_R29_M38815_S1_2,metacontig,2568,3045,477
NC_023861_5,metacontig,2442,2869,427
NC_025250_3,metacontig,2365,2786,421
ar_R29_M7069_S185_5,metacontig,2733,3210,477
sa_R29_M1138_S1_1,metacontig,1130,1569,439
st_R29_M50336_S1_1,metacontig,56,444,388
ar_R29_M31149_S1_1,metacontig,534,1003,469
st_R29_M9632_S1_1,metacontig,1104,1519,415
st_R29_M113755_S1_1,metacontig,2579,3081,502
st_R29_M245395_S1_2,metacontig,1493,1942,449
mm_R29_M5222_S1_7,metacontig,205,658,453
ar_R29_M27711_S1_1,metacontig,1432,1954,522
st_R29_M44970_S1_1,metacontig,65,517,452
ar_R29_M33995_S1_1,metacontig,246,722,476
st_R29_M87272_S1_3,metacontig,480,885,405
st_R29_M374321_S1_1,metacontig,24,486,462
DQ851494_1,metacontig,2372,2808,436
ar_R29_M2253_S1_1,metacontig,430,901,471
ar_R29_M27086_S1_1,metacontig,787,1266,479
ar_R29_M16736_S1_1,metacontig,530,1004,474
st_R29_M65414_S1_1,metacontig,51,464,413
NC_004451_1,metacontig,2038,2443,405
fu_R29_M3437_S1_1,metacontig,296,788,492
st_R29_M1053_S3_2,metacontig,497,946,449
st_R29_M192593_S1_1,metacontig,81,492,411
ar_R29_M4646_S1_3,metacontig,1174,1606,432
MN059465_1,metacontig,2427,2848,421
st_R29_M109594_S1_3,metacontig,1623,2064,441
st_R29_M441815_S1_1,metacontig,29,442,413
st_R29_M173877_S1_22,metacontig,3172,3672,500
st_R29_M16102_S1_1,metacontig,11,420,409
NC_009741_1,metacontig,2398,2837,439
MT974520_2,metacontig,2394,2831,437
MK533158_1,metacontig,1400,1890,490
NC_027054_9,metacontig,2054,2460,406
mm_R29_M104_S4_1,metacontig,7,446,439
st_R29_M51600_S1_11,metacontig,1129,1587,458
st_R29_M248352_S1_10,metacontig,1241,1690,449
st_R29_M215879_S1_2,metacontig,586,1049,463
st_R29_M38056_S5_3,metacontig,535,989,454
st_R29_M314227_S1_1,metacontig,12,473,461
st_R29_M374306_S1_1,metacontig,12,473,461
MK387313_2,metacontig,2389,2819,430
st_R29_M66294_S1_1,metacontig,241,715,474
MN059549_3,metacontig,2502,2923,421
st_R29_M17472_S1_1,metacontig,21,437,416
ma_R29_M5073_S5_1,metacontig,32,382,350
MN598041_1,metacontig,1757,2184,427
sa_R29_M115_S1_2,metacontig,84,544,460
st_R29_M304105_S2_1,metacontig,471,945,474
sa_R29_M40_S1_2,metacontig,1967,2405,438
KP114136_1,metacontig,2512,2984,472
ar_R29_M7069_S154_5,metacontig,2724,3201,477
st_R29_M174906_S1_8,metacontig,1087,1528,441
KJ161194_2,metacontig,2509,2938,429
DQ916376_1,metacontig,1793,2218,425
am_R29_M518_S1_4,metacontig,788,1218,430
st_R29_M35740_S1_2,metacontig,368,810,442
st_R29_M313682_S1_7,metacontig,81,544,463
st_R29_M66249_S1_2,metacontig,134,569,435
ar_R29_M24666_S1_1,metacontig,173,613,440
mm_R29_M707_S1_2,metacontig,1304,1772,468
KY657267_3,metacontig,2431,2912,481
MN059483_1,metacontig,2426,2844,418
ar_R29_M7069_S602_2,metacontig,2184,2641,457
NC_023014_2,metacontig,2332,2771,439
ar_R29_M39719_S1_1,metacontig,347,827,480
ar_R29_M43724_S1_1,metacontig,734,1212,478
st_R29_M374307_S1_1,metacontig,89,551,462
wh_R29_M26_S1_1,metacontig,31,470,439
ar_R29_M11704_S1_3,metacontig,2418,2888,470
st_R29_M353686_S1_1,metacontig,227,659,432
NC_035798_1,metacontig,1164,1622,458
KF695124_7,metacontig,2054,2460,406
NC_023422_10,metacontig,2086,2491,405
NC_035456_6,metacontig,1686,2143,457
ar_R29_M43018_S2_1,metacontig,26,482,456
st_R29_M17491_S1_1,metacontig,2118,2543,425
st_R29_M67097_S1_1,metacontig,2,346,344
ar_R29_M40536_S1_2,metacontig,15,483,468
ar_R29_M29527_S1_1,metacontig,129,591,462
st_R29_M329358_S1_3,metacontig,493,910,417
JX185302_2,metacontig,2303,2734,431
HQ595341_1,metacontig,1941,2380,439
MK427054_1,metacontig,2377,2825,448
st_R29_M115229_S1_2,metacontig,15,413,398
st_R29_M100869_S1_1,metacontig,3,403,400
st_R29_M19903_S1_1,metacontig,2213,2696,483
MN728809_3,metacontig,2665,3122,457
ar_R29_M27379_S1_2,metacontig,1188,1673,485
st_R29_M387946_S1_1,metacontig,25,507,482
st_R29_M17609_S1_2,metacontig,2349,2786,437
st_R29_M141618_S1_1,metacontig,12,447,435
st_R29_M57813_S1_1,metacontig,9,404,395
ar_R29_M15612_S1_1,metacontig,1,365,364
KC204684_8,metacontig,2083,2490,407
st_R29_M169590_S1_4,metacontig,432,885,453
NC_015936_16,metacontig,2053,2450,397
st_R29_M348475_S1_6,metacontig,227,708,481
ar_R29_M22255_S1_3,metacontig,29,368,339
ar_R29_M7069_S119_5,metacontig,2765,3222,457
ar_R29_M7069_S121_5,metacontig,2765,3222,457
ar_R29_M41321_S1_1,metacontig,186,663,477
st_R29_M98938_S1_4,metacontig,492,917,425
st_R29_M366333_S1_2,metacontig,227,648,421
mm_R29_M2967_S1_3,metacontig,27,475,448
fi_R29_M1797_S1_3,metacontig,2796,3259,463
st_R29_M210117_S1_1,metacontig,103,500,397
st_R29_M93468_S1_1,metacontig,41,496,455
ar_R29_M7069_S33_4,metacontig,2806,3263,457
ar_R29_M5458_S1_3,metacontig,2778,3249,471
NC_011560_2,metacontig,2399,2898,499
NC_014898_1,metacontig,2557,3009,452
ar_R29_M5694_S1_1,metacontig,852,1266,414
KF500002_1,metacontig,2413,2896,483
st_R29_M6730_S1_2,metacontig,861,1334,473
st_R29_M129695_S1_1,metacontig,143,570,427
NC_013261_2,metacontig,2337,2771,434
JF317013_1,metacontig,1743,2156,413
st_R29_M10159_S1_1,metacontig,54,505,451
st_R29_M317496_S1_1,metacontig,19,428,409
ar_R29_M22103_S1_1,metacontig,328,791,463
NC_015940_4,metacontig,1947,2386,439
ar_R29_M13887_S1_1,metacontig,216,687,471
mm_R29_M2880_S1_2,metacontig,165,632,467
NC_001768_2,metacontig,2304,2741,437
st_R29_M439138_S1_2,metacontig,341,826,485
MK103391_1,metacontig,1853,2298,445
ar_R29_M25359_S1_6,metacontig,2670,3150,480
ar_R29_M30480_S1_1,metacontig,1211,1674,463
st_R29_M34191_S1_6,metacontig,2386,2854,468
ar_R29_M18035_S1_1,metacontig,15,486,471
st_R29_M129713_S1_1,metacontig,266,729,463
st_R29_M425013_S1_1,metacontig,270,706,436
fi_R29_M1785_S1_1,metacontig,1098,1523,425
st_R29_M113194_S1_2,metacontig,139,596,457
MK472693_3,metacontig,2463,2940,477
sa_R29_M3292_S1_4,metacontig,202,639,437
ar_R29_M15698_S2_1,metacontig,788,1264,476
st_R29_M63457_S1_2,metacontig,404,833,429
MN650196_3,metacontig,1744,2170,426
st_R29_M156645_S1_5,metacontig,1362,1818,456
st_R29_M238140_S1_1,metacontig,13,459,446
ar_R29_M22570_S1_7,metacontig,2355,2828,473
st_R29_M233701_S1_1,metacontig,20,431,411
NC_016159_1,metacontig,2331,2751,420
MN917674_2,metacontig,1203,1676,473
KT727024_1,metacontig,1113,1592,479
ma_R29_M4569_S1_2,metacontig,277,679,402
ar_R29_M2498_S157_1,metacontig,337,804,467
st_R29_M110887_S14_4,metacontig,317,765,448
MN124783_1,metacontig,2357,2788,431
st_R29_M306983_S1_1,metacontig,109,540,431
st_R29_M45602_S1_1,metacontig,205,654,449
MK217416_2,metacontig,2514,2938,424
st_R29_M125007_S1_1,metacontig,39,491,452
st_R29_M195699_S1_10,metacontig,2439,2920,481
st_R29_M72329_S1_1,metacontig,11,417,406
st_R29_M87289_S1_1,metacontig,46,498,452
mm_R29_M5385_S1_2,metacontig,1090,1560,470
ar_R29_M17735_S1_3,metacontig,979,1442,463
MN508959_1,metacontig,2355,2926,571
ar_R29_M24264_S1_10,metacontig,1453,1923,470
KT880665_6,metacontig,2454,2878,424
st_R29_M238966_S2_3,metacontig,56,456,400
st_R29_M122124_S1_2,metacontig,21,473,452
st_R29_M35347_S1_2,metacontig,182,654,472
ar_R29_M35174_S1_1,metacontig,1072,1539,467
st_R29_M102520_S1_1,metacontig,86,504,418
st_R29_M436899_S1_1,metacontig,2355,2853,498
ar_R29_M7069_S1226_1,metacontig,190,663,473
KU645789_1,metacontig,2604,3077,473
mm_R29_M4382_S1_1,metacontig,34,504,470
mm_R29_M5367_S1_1,metacontig,127,620,493
st_R29_M306863_S1_1,metacontig,1219,1661,442
fu_R29_M789_S2_1,metacontig,68,479,411
ar_R29_M26054_S1_1,metacontig,2584,3053,469
st_R29_M90044_S1_1,metacontig,4,420,416
ar_R29_M36084_S1_2,metacontig,814,1300,486
st_R29_M432300_S1_1,metacontig,672,1140,468
NC_034568_1,metacontig,1274,1727,453
st_R29_M74379_S1_1,metacontig,66,476,410
st_R29_M129453_S1_1,metacontig,160,587,427
st_R29_M374578_S1_3,metacontig,542,1002,460
GU245693_9,metacontig,2101,2513,412
st_R29_M84000_S1_4,metacontig,14,456,442
ar_R29_M36706_S1_7,metacontig,1220,1695,475
st_R29_M55165_S1_2,metacontig,89,541,452
ar_R29_M11296_S1_2,metacontig,10,462,452
st_R29_M436914_S1_2,metacontig,412,873,461
st_R29_M109801_S102_1,metacontig,144,596,452
st_R29_M118386_S1_3,metacontig,1251,1691,440
MN265386_1,metacontig,1793,2201,408
st_R29_M39650_S1_1,metacontig,2,465,463
st_R29_M365090_S1_1,metacontig,30,519,489
st_R29_M40750_S1_1,metacontig,138,554,416
ar_R29_M38701_S1_1,metacontig,313,789,476
st_R29_M21901_S1_2,metacontig,1517,1974,457
st_R29_M87572_S1_1,metacontig,11,420,409
al_R29_M839_S1_1,metacontig,78,553,475
MH255796_6,metacontig,1777,2191,414
KT879929_2,metacontig,1785,2214,429
ar_R29_M7069_S898_7,metacontig,243,716,473
fi_R29_M657_S1_3,metacontig,1155,1601,446
mm_R29_M3746_S1_2,metacontig,1672,2146,474
st_R29_M23291_S1_5,metacontig,732,1183,451
KU871312_3,metacontig,1989,2418,429
st_R29_M424338_S1_2,metacontig,288,706,418
MF775366_3,metacontig,1773,2174,401
st_R29_M65424_S1_1,metacontig,11,416,405
mm_R29_M2376_S3_2,metacontig,1191,1680,489
st_R29_M317103_S1_2,metacontig,1313,1774,461
st_R29_M109801_S100_5,metacontig,261,716,455
st_R29_M35330_S1_16,metacontig,1511,1948,437
st_R29_M437356_S1_1,metacontig,7,460,453
st_R29_M44768_S1_1,metacontig,9,413,404
st_R29_M374310_S1_1,metacontig,348,810,462
st_R29_M38925_S1_2,metacontig,423,883,460
st_R29_M211_S1_1,metacontig,1563,2041,478
ar_R29_M9030_S1_1,metacontig,603,1061,458
st_R29_M350137_S1_2,metacontig,190,665,475
st_R29_M153922_S1_7,metacontig,838,1294,456
st_R29_M208582_S1_2,metacontig,688,1123,435
NC_027918_12,metacontig,2219,2617,398
sa_R29_M402_S1_2,metacontig,27,502,475
ar_R29_M30336_S1_4,metacontig,1101,1596,495
GQ183021_1,metacontig,1794,2203,409
MF775367_2,metacontig,1787,2188,401
KT726938_2,metacontig,2478,2918,440
st_R29_M438296_S1_2,metacontig,446,923,477
st_R29_M109801_S88_4,metacontig,553,1005,452
MN933866_2,metacontig,2449,2923,474
ar_R29_M25926_S1_2,metacontig,2250,2716,466
AY275539_2,metacontig,1741,2174,433
ar_R29_M34270_S1_2,metacontig,226,719,493
mm_R29_M2356_S1_2,metacontig,5,470,465
NC_026615_1,metacontig,2341,2787,446
sa_R29_M247_S1_5,metacontig,1285,1762,477
st_R29_M380853_S1_1,metacontig,281,775,494
MN240508_1,metacontig,1767,2195,428
st_R29_M314597_S1_1,metacontig,67,490,423
MN336260_10,metacontig,2090,2485,395
MN734250_3,metacontig,1200,1647,447
st_R29_M374305_S1_1,metacontig,397,859,462
ar_R29_M2498_S146_1,metacontig,613,1080,467
st_R29_M67135_S1_4,metacontig,7,323,316
st_R29_M18649_S1_3,metacontig,192,643,451
ar_R29_M38690_S1_1,metacontig,2335,2829,494
ar_R29_M7069_S550_1,metacontig,2315,2803,488
MN917673_2,metacontig,1125,1598,473
ar_R29_M21550_S1_1,metacontig,2725,3196,471
al_R29_M795_S1_3,metacontig,244,676,432
st_R29_M374193_S1_3,metacontig,72,528,456
st_R29_M366328_S1_2,metacontig,2532,2953,421
ar_R29_M30251_S1_9,metacontig,2657,3123,466
st_R29_M80622_S1_1,metacontig,1627,2096,469
st_R29_M314233_S1_1,metacontig,446,908,462
FJ214726_2,metacontig,2342,2768,426
ar_R29_M10129_S1_4,metacontig,2753,3240,487
st_R29_M49669_S1_4,metacontig,642,1067,425
st_R29_M238696_S1_1,metacontig,95,562,467
ma_R29_M6736_S1_6,metacontig,2037,2441,404
st_R29_M55788_S1_1,metacontig,102,533,431
st_R29_M44284_S2_1,metacontig,71,540,469
NC_004421_10,metacontig,2121,2515,394
st_R29_M441812_S1_1,metacontig,13,418,405
ar_R29_M39245_S1_4,metacontig,142,559,417
st_R29_M73250_S1_1,metacontig,215,687,472
st_R29_M25844_S1_1,metacontig,11,408,397
st_R29_M252891_S1_1,metacontig,196,637,441
st_R29_M130822_S1_1,metacontig,443,893,450
mm_R29_M2376_S5_4,metacontig,947,1421,474
st_R29_M165254_S1_1,metacontig,729,1150,421
st_R29_M298300_S1_6,metacontig,1470,1912,442
ma_R29_M4406_S1_4,metacontig,1890,2305,415
ma_R29_M1875_S1_2,metacontig,51,458,407
ar_R29_M19083_S1_1,metacontig,70,542,472
ar_R29_M21609_S1_1,metacontig,231,700,469
MN565044_2,metacontig,2513,3047,534
st_R29_M101702_S1_2,metacontig,64,497,433
st_R29_M306864_S1_6,metacontig,347,831,484
mm_R29_M7782_S1_1,metacontig,23,457,434
KU870637_3,metacontig,2468,2904,436
MT079817_1,metacontig,1435,1921,486
mm_R29_M4692_S12_3,metacontig,263,745,482
st_R29_M222299_S1_3,metacontig,1575,2054,479
st_R29_M312111_S1_1,metacontig,28,501,473
KY855436_15,metacontig,2051,2445,394
NC_040673_1,metacontig,1952,2405,453
st_R29_M55048_S1_1,metacontig,84,537,453
st_R29_M436891_S1_4,metacontig,8,482,474
AF326750_2,metacontig,1756,2185,429
fi_R29_M74_S1_18,metacontig,1109,1590,481
FJ640970_1,metacontig,2354,2786,432
ar_R29_M9658_S1_1,metacontig,166,650,484
KF924623_18,metacontig,2060,2457,397
mm_R29_M6973_S1_1,metacontig,820,1278,458
al_R29_M703_S1_6,metacontig,975,1400,425
st_R29_M23055_S1_1,metacontig,2,406,404
st_R29_M366449_S1_1,metacontig,479,928,449
st_R29_M197652_S4_1,metacontig,20,435,415
ar_R29_M13636_S1_2,metacontig,67,551,484
st_R29_M188889_S1_3,metacontig,664,1064,400
st_R29_M55461_S1_3,metacontig,342,762,420
ar_R29_M7069_S213_6,metacontig,2473,2930,457
st_R29_M27338_S1_3,metacontig,93,514,421
MN059572_2,metacontig,2711,3138,427
ar_R29_M31177_S1_2,metacontig,851,1331,480
st_R29_M109801_S92_1,metacontig,393,824,431
st_R29_M36587_S1_3,metacontig,1426,1886,460
st_R29_M18747_S1_1,metacontig,13,464,451
st_R29_M75889_S1_1,metacontig,204,619,415
st_R29_M303644_S1_1,metacontig,503,969,466
st_R29_M53059_S1_4,metacontig,479,920,441
st_R29_M55442_S1_1,metacontig,93,510,417
ar_R29_M7069_S167_10,metacontig,2669,3142,473
ar_R29_M7069_S1002_1,metacontig,882,1355,473
st_R29_M12250_S1_1,metacontig,168,620,452
st_R29_M55173_S1_4,metacontig,308,760,452
st_R29_M316651_S1_1,metacontig,465,942,477
st_R29_M348423_S2_8,metacontig,349,809,460
ar_R29_M15681_S1_1,metacontig,286,731,445
st_R29_M156807_S1_1,metacontig,1,330,329
ar_R29_M7069_S1042_1,metacontig,811,1284,473
ma_R29_M4937_S1_2,metacontig,2037,2440,403
ar_R29_M42566_S1_1,metacontig,16,472,456
st_R29_M200494_S1_2,metacontig,8,355,347
NC_030236_1,metacontig,2365,2824,459
ar_R29_M19770_S1_4,metacontig,1911,2376,465
ar_R29_M12382_S1_1,metacontig,2562,3053,491
ar_R29_M36493_S1_3,metacontig,2562,3050,488
st_R29_M185435_S1_1,metacontig,16,441,425
ar_R29_M33765_S1_2,metacontig,1551,1996,445
MN059617_1,metacontig,2710,3141,431
ar_R29_M10599_S1_3,metacontig,1424,1913,489
EU716175_1,metacontig,1758,2187,429
KJ675505_1,metacontig,1794,2203,409
MK652142_1,metacontig,1766,2191,425
mm_R29_M4133_S1_1,metacontig,1204,1675,471
st_R29_M57101_S1_1,metacontig,5,411,406
st_R29_M121818_S1_1,metacontig,1620,2083,463
MN158696_2,metacontig,2346,2757,411
KJ420748_3,metacontig,1763,2190,427
ar_R29_M37821_S1_1,metacontig,263,713,450
ar_R29_M7029_S1_1,metacontig,2430,2896,466
KT879917_1,metacontig,1765,2190,425
st_R29_M109801_S77_4,metacontig,1063,1512,449
MH388503_3,metacontig,2698,3154,456
st_R29_M167113_S1_1,metacontig,409,850,441
st_R29_M171611_S1_9,metacontig,1476,1933,457
ar_R29_M43026_S1_1,metacontig,104,550,446
KJ420747_3,metacontig,1759,2186,427
mm_R29_M3393_S1_1,metacontig,695,1074,379
MN728810_5,metacontig,2695,3163,468
HQ880243_3,metacontig,2493,2931,438
NC_018833_2,metacontig,2309,2770,461
st_R29_M53056_S2_5,metacontig,2431,2852,421
st_R29_M109801_S86_3,metacontig,650,1101,451
st_R29_M112705_S1_1,metacontig,205,618,413
ar_R29_M17242_S1_2,metacontig,2405,2889,484
st_R29_M88543_S1_2,metacontig,134,595,461
st_R29_M72995_S1_2,metacontig,2402,2878,476
NC_024073_1,metacontig,1760,2187,427
al_R29_M486_S1_1,metacontig,84,569,485
al_R29_M103_S1_1,metacontig,34,480,446
KY024318_2,metacontig,1556,2032,476
LR897979_1,metacontig,1791,2228,437
MF420353_1,metacontig,2540,2964,424
ar_R29_M43114_S1_1,metacontig,2732,3214,482
sa_R29_M2523_S1_1,metacontig,4,405,401
st_R29_M34692_S1_2,metacontig,1115,1598,483
ar_R29_M105_S1_8,metacontig,1942,2356,414
EU556224_1,metacontig,1768,2199,431
ar_R29_M3158_S4_3,metacontig,1675,2148,473
ar_R29_M7069_S779_4,metacontig,1528,2001,473
mm_R29_M6500_S1_3,metacontig,132,577,445
ar_R29_M23688_S1_1,metacontig,1210,1701,491
ar_R29_M17263_S1_1,metacontig,7,459,452
st_R29_M129929_S1_2,metacontig,1468,1922,454
MK904599_1,metacontig,1783,2213,430
st_R29_M109801_S91_3,metacontig,307,763,456
st_R29_M209304_S1_1,metacontig,2349,2790,441
st_R29_M380924_S1_1,metacontig,1239,1725,486
st_R29_M15038_S1_2,metacontig,1537,2017,480
mm_R29_M7602_S1_2,metacontig,730,1136,406
DQ989309_6,metacontig,1923,2327,404
ar_R29_M22121_S1_2,metacontig,488,974,486
MH188004_2,metacontig,1544,2011,467
st_R29_M42938_S1_1,metacontig,35,442,407
st_R29_M49742_S1_1,metacontig,3,353,350
MK427057_1,metacontig,2398,2834,436
NC_035457_8,metacontig,1803,2274,471
MK405594_2,metacontig,2370,2807,437
ar_R29_M13915_S1_1,metacontig,346,812,466
KM272628_2,metacontig,2662,3133,471
st_R29_M35742_S1_1,metacontig,269,695,426
KJ659491_1,metacontig,1772,2203,431
al_R29_M109_S1_8,metacontig,724,1172,448
ar_R29_M4717_S1_4,metacontig,1208,1647,439
st_R29_M105253_S1_1,metacontig,47,461,414
st_R29_M33669_S1_1,metacontig,748,1220,472
ma_R29_M400_S1_3,metacontig,422,879,457
MN369038_1,metacontig,1761,2182,421
ar_R29_M10784_S1_1,metacontig,2419,2883,464
ar_R29_M38345_S3_3,metacontig,106,564,458
st_R29_M161969_S1_1,metacontig,1206,1651,445
st_R29_M332612_S1_11,metacontig,2355,2830,475
ar_R29_M20545_S3_1,metacontig,323,805,482
st_R29_M27344_S1_2,metacontig,101,514,413
mm_R29_M2132_S1_1,metacontig,7,383,376
st_R29_M314228_S1_2,metacontig,1196,1658,462
ar_R29_M20571_S1_1,metacontig,2527,2989,462
KT879922_1,metacontig,1739,2172,433
HQ917061_9,metacontig,600,1026,426
ar_R29_M7069_S358_1,metacontig,2451,2900,449
ar_R29_M41379_S1_1,metacontig,532,966,434
am_R29_M173_S1_1,metacontig,228,608,380
ar_R29_M18481_S1_1,metacontig,410,883,473
st_R29_M59995_S1_2,metacontig,26,431,405
st_R29_M195601_S1_1,metacontig,699,1145,446
st_R29_M427186_S1_3,metacontig,214,687,473
st_R29_M129446_S1_1,metacontig,183,636,453
st_R29_M176916_S1_2,metacontig,52,513,461
MN755860_1,metacontig,1909,2338,429
ar_R29_M14154_S1_1,metacontig,13,430,417
st_R29_M245453_S1_1,metacontig,211,673,462
ar_R29_M7069_S344_6,metacontig,2665,3138,473
st_R29_M436915_S1_2,metacontig,2505,2966,461
st_R29_M109801_S81_1,metacontig,941,1390,449
mm_R29_M2158_S1_5,metacontig,102,588,486
AB433629_1,metacontig,1776,2207,431
MK127536_1,metacontig,2493,2943,450
ar_R29_M35147_S1_1,metacontig,91,481,390
st_R29_M2914_S1_2,metacontig,9,492,483
AJ005695_1,metacontig,1760,2187,427
MN124782_4,metacontig,2489,2947,458
ar_R29_M7069_S958_3,metacontig,441,900,459
MN598013_4,metacontig,1819,2244,425
NC_007216_1,metacontig,2356,2822,466
fi_R29_M1777_S1_5,metacontig,70,539,469
st_R29_M25835_S1_1,metacontig,188,640,452
KT879916_1,metacontig,1769,2195,426
ar_R29_M43549_S2_3,metacontig,580,1055,475
st_R29_M81122_S1_2,metacontig,7,413,406
st_R29_M193089_S1_1,metacontig,220,679,459
MN933867_3,metacontig,2772,3213,441
GQ475302_2,metacontig,1467,1903,436
ar_R29_M36071_S1_1,metacontig,296,776,480
st_R29_M131780_S1_3,metacontig,356,810,454
st_R29_M197652_S3_5,metacontig,1604,2044,440
mm_R29_M7418_S1_1,metacontig,892,1364,472
st_R29_M49683_S1_2,metacontig,444,876,432
fi_R29_M242_S1_4,metacontig,1244,1678,434
al_R29_M89_S1_1,metacontig,110,538,428
MK110656_2,metacontig,2359,2813,454
MT081378_1,metacontig,1771,2196,425
JQ301467_2,metacontig,1872,2252,380
EF202833_3,metacontig,1840,2254,414
st_R29_M101323_S1_1,metacontig,3,412,409
st_R29_M314237_S1_1,metacontig,22,443,421
ar_R29_M41740_S1_21,metacontig,2076,2565,489
mm_R29_M4692_S2_1,metacontig,1087,1568,481
ar_R29_M4024_S1_3,metacontig,2309,2771,462
KM268901_4,metacontig,1942,2343,401
ar_R29_M30423_S1_5,metacontig,2461,2934,473
st_R29_M43287_S1_1,metacontig,240,699,459
NC_029076_1,metacontig,2644,3079,435
MK392509_4,metacontig,2668,3122,454
ar_R29_M7069_S197_15,metacontig,777,1250,473
MK904591_1,metacontig,1869,2290,421
ar_R29_M7069_S1014_1,metacontig,800,1281,481
st_R29_M239888_S1_6,metacontig,91,566,475
st_R29_M400596_S1_1,metacontig,46,449,403
MN059595_2,metacontig,2691,3125,434
ar_R29_M11638_S1_2,metacontig,2640,3118,478
st_R29_M22921_S1_2,metacontig,35,456,421
AJ252242_3,metacontig,2487,2924,437
FJ384560_3,metacontig,1843,2257,414
AY593835_6,metacontig,1939,2349,410
st_R29_M43308_S1_2,metacontig,277,736,459
ar_R29_M21576_S1_1,metacontig,2554,3035,481
st_R29_M182773_S1_3,metacontig,1261,1699,438
KT879927_1,metacontig,1766,2174,408
JX294310_1,metacontig,2339,2773,434
ar_R29_M7069_S582_6,metacontig,2298,2771,473
ar_R29_M27087_S1_1,metacontig,58,534,476
st_R29_M153931_S1_2,metacontig,105,558,453
st_R29_M284053_S1_9,metacontig,264,726,462
mm_R29_M2302_S1_1,metacontig,48,497,449
GQ223227_1,metacontig,1793,2198,405
mm_R29_M6041_S7_1,metacontig,200,676,476
mm_R29_M139_S1_3,metacontig,1348,1811,463
ar_R29_M15329_S1_1,metacontig,16,388,372
st_R29_M67105_S1_2,metacontig,2,330,328
st_R29_M426336_S1_2,metacontig,487,969,482
ar_R29_M40074_S1_1,metacontig,1138,1607,469
MN059500_1,metacontig,2504,2923,419
st_R29_M119341_S1_1,metacontig,215,642,427
HM008917_3,metacontig,1923,2325,402
st_R29_M55714_S1_2,metacontig,1218,1680,462
st_R29_M109801_S99_3,metacontig,249,680,431
MH844588_1,metacontig,2471,2929,458
ar_R29_M7069_S1066_2,metacontig,646,1119,473
KJ933864_4,metacontig,1932,2339,407
ar_R29_M34132_S1_1,metacontig,1525,1952,427
MN059591_1,metacontig,2712,3174,462
ar_R29_M7069_S306_8,metacontig,2709,3187,478
KT729506_1,metacontig,2409,2857,448
mm_R29_M3296_S1_1,metacontig,100,485,385
st_R29_M290616_S1_4,metacontig,187,649,462
st_R29_M197807_S1_1,metacontig,14,375,361
MK652145_1,metacontig,1764,2192,428
MT334824_3,metacontig,2480,2948,468
sa_R29_M2921_S1_6,metacontig,2341,2756,415
st_R29_M277004_S1_3,metacontig,832,1263,431
st_R29_M4674_S1_1,metacontig,1682,2157,475
ar_R29_M7069_S1234_1,metacontig,295,769,474
st_R29_M112704_S1_1,metacontig,325,746,421
st_R29_M348423_S1_18,metacontig,1244,1704,460
ar_R29_M35098_S1_4,metacontig,1688,2161,473
ar_R29_M15265_S1_11,metacontig,1687,2111,424
mm_R29_M1643_S1_1,metacontig,1075,1528,453
ar_R29_M7069_S189_3,metacontig,1898,2384,486
ar_R29_M7069_S205_14,metacontig,2694,3167,473
st_R29_M403109_S1_1,metacontig,2,432,430
AF055846_1,metacontig,1772,2200,428
NC_016964_2,metacontig,1984,2416,432
LC081216_3,metacontig,1741,2167,426
st_R29_M374324_S1_1,metacontig,20,439,419
NC_019415_1,metacontig,2343,2771,428
NC_036389_1,metacontig,2512,2980,468
GQ183020_1,metacontig,1776,2203,427
AY462107_2,metacontig,1753,2179,426
ar_R29_M32118_S1_1,metacontig,2806,3277,471
al_R29_M860_S1_1,metacontig,10,378,368
KX575832_1,metacontig,2537,2970,433
MN598010_2,metacontig,1741,2167,426
ar_R29_M7064_S1_11,metacontig,1580,2033,453
st_R29_M410253_S1_1,metacontig,14,426,412
st_R29_M38734_S1_1,metacontig,843,1296,453
mm_R29_M2048_S1_1,metacontig,135,572,437
ar_R29_M36458_S1_2,metacontig,1160,1639,479
KY556675_1,metacontig,1740,2170,430
ar_R29_M7069_S713_2,metacontig,962,1437,475
sp_R29_M343_S1_8,metacontig,684,1139,455
MN059570_1,metacontig,2703,3128,425
ar_R29_M18972_S1_11,metacontig,1294,1759,465
st_R29_M436946_S1_1,metacontig,1328,1800,472
st_R29_M164733_S1_3,metacontig,3,400,397
st_R29_M299043_S1_6,metacontig,536,995,459
ar_R29_M7069_S313_1,metacontig,2664,3137,473
AB252582_1,metacontig,1764,2194,430
ar_R29_M19776_S1_1,metacontig,2139,2605,466
DQ989323_5,metacontig,1921,2327,406
LC006971_1,metacontig,1926,2358,432
mm_R29_M228_S1_1,metacontig,1307,1769,462
st_R29_M55468_S1_8,metacontig,2431,2850,419
KT879919_2,metacontig,1795,2204,409
NC_009996_1,metacontig,1736,2146,410
st_R29_M74895_S1_1,metacontig,497,951,454
FJ445148_1,metacontig,1742,2167,425
st_R29_M4649_S1_1,metacontig,167,585,418
MK904592_1,metacontig,1761,2196,435
st_R29_M79131_S1_1,metacontig,11,483,472
ar_R29_M3158_S6_4,metacontig,381,837,456
st_R29_M196849_S1_2,metacontig,1014,1489,475
st_R29_M263665_S1_1,metacontig,7,408,401
ar_R29_M15784_S1_3,metacontig,2166,2643,477
ar_R29_M7069_S918_1,metacontig,1027,1524,497
ar_R29_M17777_S1_1,metacontig,1879,2352,473
KY072818_4,metacontig,1933,2339,406
ar_R29_M10562_S1_1,metacontig,1408,1879,471
ar_R29_M38750_S1_8,metacontig,2663,3136,473
st_R29_M252085_S1_1,metacontig,2418,2842,424
st_R29_M101191_S1_7,metacontig,1222,1690,468
AY593813_2,metacontig,1937,2342,405
MN059562_1,metacontig,2668,3108,440
MK241979_3,metacontig,2454,2864,410
ar_R29_M18207_S1_1,metacontig,559,1003,444
al_R29_M413_S1_2,metacontig,1139,1611,472
mm_R29_M6978_S1_3,metacontig,499,985,486
ar_R29_M18459_S1_4,metacontig,2464,2939,475
NC_015934_2,metacontig,1929,2340,411
AY508696_5,metacontig,1743,2169,426
st_R29_M398597_S1_1,metacontig,1296,1772,476
mm_R29_M5793_S20_2,metacontig,2469,2917,448
MG873158_1,metacontig,1765,2190,425
ma_R29_M1382_S1_1,metacontig,30,379,349
KY711418_1,metacontig,2357,2796,439
mm_R29_M5595_S1_17,metacontig,468,964,496
AB040749_16,metacontig,2044,2438,394
AB219834_1,metacontig,2716,3169,453
NC_033695_4,metacontig,1750,2176,426
LC496108_6,metacontig,1676,2142,466
MN933872_2,metacontig,3279,3752,473
ar_R29_M19060_S1_2,metacontig,360,836,476
ar_R29_M6923_S1_1,metacontig,2113,2599,486
MN606293_1,metacontig,1268,1696,428
st_R29_M53037_S1_2,metacontig,404,833,429
st_R29_M374319_S1_1,metacontig,16,450,434
st_R29_M200547_S1_1,metacontig,1,349,348
KY271948_1,metacontig,1777,2194,417
KX545380_2,metacontig,1709,2117,408
st_R29_M29348_S1_1,metacontig,46,498,452
MH107056_2,metacontig,2391,2858,467
mm_R29_M1906_S1_1,metacontig,18,421,403
ar_R29_M4767_S1_3,metacontig,1085,1541,456
st_R29_M51735_S1_1,metacontig,4,376,372
sa_R29_M1579_S1_1,metacontig,686,1161,475
NC_014790_1,metacontig,2392,2852,460
st_R29_M259076_S1_2,metacontig,59,494,435
st_R29_M409142_S1_5,metacontig,486,934,448
sa_R29_M2214_S1_3,metacontig,4,418,414
st_R29_M308391_S1_11,metacontig,1644,2128,484
ar_R29_M6979_S1_2,metacontig,2383,2859,476
ar_R29_M19377_S1_2,metacontig,458,932,474
NC_003377_2,metacontig,2330,2751,421
st_R29_M38056_S2_4,metacontig,1648,2102,454
st_R29_M10278_S1_2,metacontig,109,514,405
MK904603_1,metacontig,1779,2196,417
st_R29_M409908_S1_2,metacontig,62,471,409
st_R29_M410247_S1_7,metacontig,2654,3094,440
MT648692_1,metacontig,2325,2777,452
st_R29_M102519_S1_1,metacontig,406,833,427
MN598011_4,metacontig,1743,2169,426
st_R29_M222565_S1_1,metacontig,94,509,415
ar_R29_M23859_S1_1,metacontig,282,767,485
AM235750_1,metacontig,1777,2207,430
NC_008714_2,metacontig,1739,2165,426
st_R29_M195705_S2_2,metacontig,267,702,435
st_R29_M412419_S1_6,metacontig,9,390,381
mm_R29_M2526_S2_1,metacontig,8,362,354
st_R29_M237418_S1_1,metacontig,1239,1699,460
NC_003742_1,metacontig,2384,2819,435
DQ315670_1,metacontig,1777,2207,430
NC_035450_6,metacontig,1804,2274,470
ar_R29_M22354_S1_1,metacontig,2443,2900,457
st_R29_M208758_S1_2,metacontig,25,467,442
st_R29_M137823_S1_4,metacontig,936,1421,485
KP233897_4,metacontig,1935,2350,415
KU871313_2,metacontig,1944,2376,432
st_R29_M317281_S1_1,metacontig,2375,2844,469
MG818986_2,metacontig,2669,3142,473
st_R29_M359637_S1_1,metacontig,21,432,411
NC_043532_2,metacontig,2342,2784,442
MK904602_1,metacontig,1828,2248,420
mm_R29_M6249_S1_3,metacontig,1375,1846,471
mm_R29_M8148_S11_1,metacontig,752,1196,444
fi_R29_M915_S1_5,metacontig,2025,2441,416
EF051629_1,metacontig,1772,2205,433
ar_R29_M18599_S1_1,metacontig,11,477,466
NC_040802_3,metacontig,2405,2811,406
MK521918_2,metacontig,1959,2393,434
st_R29_M380934_S1_5,metacontig,331,796,465
ar_R29_M20648_S1_1,metacontig,684,1169,485
GQ183034_1,metacontig,1759,2187,428
LC150010_3,metacontig,1747,2173,426
st_R29_M212630_S1_1,metacontig,207,577,370
AF092924_3,metacontig,2392,2864,472
mm_R29_M2292_S1_1,metacontig,1000,1471,471
st_R29_M365878_S1_10,metacontig,2487,2933,446
MN598009_3,metacontig,1754,2180,426
ar_R29_M21554_S2_1,metacontig,5,423,418
st_R29_M41488_S1_1,metacontig,7,392,385
st_R29_M426363_S1_2,metacontig,10,401,391
KY067444_1,metacontig,1764,2194,430
GQ183029_1,metacontig,1739,2170,431
st_R29_M69224_S1_1,metacontig,132,548,416
ar_R29_M7069_S315_1,metacontig,2564,3042,478
KF982784_2,metacontig,2375,2836,461
ar_R29_M7069_S971_2,metacontig,818,1315,497
st_R29_M51308_S1_9,metacontig,2407,2866,459
st_R29_M44767_S1_2,metacontig,18,424,406
ar_R29_M25514_S1_1,metacontig,2432,2881,449
NC_016403_1,metacontig,2093,2484,391
KX577780_1,metacontig,2402,2835,433
ar_R29_M12351_S1_1,metacontig,87,573,486
st_R29_M34870_S1_1,metacontig,124,601,477
mm_R29_M1246_S2_1,metacontig,54,537,483
st_R29_M225947_S1_3,metacontig,2152,2619,467
ar_R29_M3993_S1_1,metacontig,207,680,473
ar_R29_M10282_S1_1,metacontig,312,761,449
st_R29_M73756_S1_2,metacontig,1314,1742,428
NC_009757_2,metacontig,1251,1697,446
st_R29_M15040_S1_1,metacontig,16,434,418
MN598025_3,metacontig,1838,2263,425
mm_R29_M1043_S1_1,metacontig,504,927,423
MH898481_2,metacontig,2441,2898,457
KT879921_1,metacontig,1774,2192,418
st_R29_M260190_S1_1,metacontig,45,432,387
KT879915_1,metacontig,1740,2170,430
st_R29_M290618_S1_2,metacontig,1219,1681,462
ar_R29_M14602_S1_4,metacontig,1150,1623,473
MN059592_1,metacontig,2651,3077,426
MN059569_1,metacontig,2712,3144,432
MH779472_1,metacontig,2540,2983,443
AY593791_5,metacontig,1943,2349,406
MN427526_1,metacontig,1745,2171,426
st_R29_M38002_S1_12,metacontig,2396,2886,490
st_R29_M111903_S1_1,metacontig,95,560,465
st_R29_M339813_S1_1,metacontig,100,535,435
MN356037_2,metacontig,2338,2760,422
sa_R29_M631_S1_6,metacontig,1786,2217,431
MN059630_2,metacontig,2711,3150,439
NC_023984_4,metacontig,1703,2120,417
mm_R29_M2589_S1_5,metacontig,1098,1579,481
mm_R29_M1501_S1_1,metacontig,470,915,445
st_R29_M184855_S1_7,metacontig,1745,2240,495
ar_R29_M7069_S867_2,metacontig,2,391,389
ar_R29_M34780_S1_4,metacontig,1551,2000,449
st_R29_M145493_S1_3,metacontig,2604,3085,481
ar_R29_M24294_S1_2,metacontig,2341,2818,477
st_R29_M253057_S1_1,metacontig,1133,1599,466
ar_R29_M29333_S1_3,metacontig,236,716,480
st_R29_M406063_S1_4,metacontig,1130,1604,474
mm_R29_M5913_S1_8,metacontig,118,621,503
mm_R29_M2212_S1_7,metacontig,625,1088,463
MH779476_1,metacontig,2536,2988,452
MN203192_1,metacontig,2457,2900,443
st_R29_M10275_S1_4,metacontig,503,937,434
st_R29_M35541_S1_1,metacontig,923,1465,542
st_R29_M293929_S1_1,metacontig,3,329,326
st_R29_M115690_S1_1,metacontig,14,446,432
st_R29_M81433_S1_1,metacontig,377,853,476
st_R29_M257192_S1_1,metacontig,1506,1987,481
MN059618_2,metacontig,2653,3079,426
ar_R29_M16013_S1_6,metacontig,1515,2053,538
KY444649_2,metacontig,1932,2339,407
JX050181_1,metacontig,1777,2208,431
AB604610_1,metacontig,2471,2906,435
ar_R29_M6746_S1_1,metacontig,5,317,312
st_R29_M216278_S1_2,metacontig,15,494,479
ar_R29_M7069_S170_3,metacontig,2666,3139,473
st_R29_M33156_S1_2,metacontig,1540,2022,482
fi_R29_M1253_S1_3,metacontig,17,455,438
al_R29_M208_S1_2,metacontig,243,673,430
MN059563_1,metacontig,2579,3004,425
KF958311_1,metacontig,1779,2200,421
st_R29_M320994_S1_7,metacontig,1388,1866,478
st_R29_M374308_S1_1,metacontig,1,418,417
ar_R29_M24022_S1_1,metacontig,2426,2876,450
MN059634_2,metacontig,2682,3139,457
st_R29_M166773_S3_1,metacontig,50,434,384
st_R29_M116287_S1_1,metacontig,111,579,468
st_R29_M71908_S1_1,metacontig,4,353,349
st_R29_M40729_S1_1,metacontig,185,640,455
AY593849_4,metacontig,1945,2344,399
ar_R29_M12318_S1_3,metacontig,1410,1887,477
st_R29_M312087_S1_1,metacontig,29,442,413
st_R29_M401660_S1_2,metacontig,76,523,447
MH779473_1,metacontig,2528,2981,453
mm_R29_M2772_S1_2,metacontig,383,857,474
st_R29_M121953_S6_1,metacontig,78,552,474
LC150008_1,metacontig,1763,2189,426
ar_R29_M6392_S2_7,metacontig,2551,3054,503
ar_R29_M7069_S864_4,metacontig,1279,1752,473
MN059597_1,metacontig,2713,3164,451
KT726985_1,metacontig,1779,2205,426
MK639928_5,metacontig,1748,2174,426
st_R29_M167123_S1_1,metacontig,243,680,437
st_R29_M113101_S1_1,metacontig,62,511,449
st_R29_M437139_S1_6,metacontig,400,868,468
KP345888_3,metacontig,1755,2181,426
st_R29_M144780_S1_6,metacontig,10,477,467
ar_R29_M17867_S1_1,metacontig,2005,2480,475
NC_029854_3,metacontig,1741,2167,426
MN203202_1,metacontig,1352,1812,460
ma_R29_M5694_S1_1,metacontig,13,438,425
ar_R29_M27194_S5_2,metacontig,24,438,414
ar_R29_M5775_S1_2,metacontig,2598,3083,485
mm_R29_M850_S1_2,metacontig,192,663,471
NC_010735_1,metacontig,2353,2842,489
st_R29_M85559_S1_1,metacontig,140,583,443
st_R29_M130154_S2_1,metacontig,403,806,403
st_R29_M125817_S1_1,metacontig,46,506,460
st_R29_M441813_S1_1,metacontig,14,418,404
ar_R29_M7069_S329_5,metacontig,2360,2834,474
MT602078_8,metacontig,1937,2340,403
st_R29_M35741_S1_2,metacontig,303,755,452
MK795517_2,metacontig,2488,2969,481
st_R29_M16105_S1_1,metacontig,13,417,404
fi_R29_M1471_S1_4,metacontig,434,889,455
st_R29_M351923_S1_1,metacontig,11,379,368
JX441355_1,metacontig,1792,2204,412
ar_R29_M43549_S1_2,metacontig,2413,2888,475
st_R29_M109801_S87_1,metacontig,932,1345,413
st_R29_M420038_S1_4,metacontig,1815,2246,431
st_R29_M126545_S1_1,metacontig,1560,2040,480
st_R29_M209066_S1_5,metacontig,266,698,432
ar_R29_M18825_S1_1,metacontig,563,1042,479
LC133331_1,metacontig,1880,2291,411
KF790759_4,metacontig,2706,3161,455
MN059587_1,metacontig,2711,3138,427
fi_R29_M1569_S1_1,metacontig,21,436,415
st_R29_M125227_S1_1,metacontig,1,329,328
ar_R29_M7069_S732_5,metacontig,1214,1685,471
MG725874_3,metacontig,1934,2335,401
st_R29_M80098_S1_1,metacontig,390,860,470
am_R29_M585_S1_1,metacontig,87,547,460
MT498832_2,metacontig,2443,2897,454
ar_R29_M21329_S1_1,metacontig,38,440,402
st_R29_M5593_S1_1,metacontig,790,1272,482
st_R29_M365103_S1_3,metacontig,2287,2776,489
st_R29_M6761_S1_1,metacontig,95,519,424
st_R29_M441778_S1_5,metacontig,772,1257,485
st_R29_M197678_S1_1,metacontig,128,555,427
NC_015626_3,metacontig,1947,2348,401
mm_R29_M7779_S1_1,metacontig,1284,1731,447
ar_R29_M16765_S1_2,metacontig,8,466,458
st_R29_M353694_S1_1,metacontig,5,355,350
ar_R29_M29524_S1_1,metacontig,383,868,485
mm_R29_M5075_S1_1,metacontig,10,465,455
ma_R29_M2908_S1_1,metacontig,298,754,456
st_R29_M200441_S1_1,metacontig,227,653,426
GQ183018_2,metacontig,1764,2190,426
ar_R29_M1892_S1_2,metacontig,2,420,418
ar_R29_M9425_S1_1,metacontig,856,1332,476
ma_R29_M294_S1_1,metacontig,1361,1793,432
mm_R29_M3670_S1_4,metacontig,1092,1574,482
MT125685_7,metacontig,2082,2489,407
AY508697_5,metacontig,1753,2179,426
ar_R29_M31040_S1_7,metacontig,1258,1742,484
sa_R29_M2158_S1_2,metacontig,931,1372,441
EU475877_3,metacontig,2584,3026,442
st_R29_M212282_S1_5,metacontig,2496,2951,455
ar_R29_M16078_S1_1,metacontig,376,834,458
mm_R29_M8148_S8_7,metacontig,1840,2284,444
MN917672_1,metacontig,1103,1576,473
ma_R29_M2330_S1_7,metacontig,1222,1686,464
st_R29_M375167_S1_1,metacontig,94,518,424
st_R29_M409395_S7_2,metacontig,511,931,420
st_R29_M238647_S1_2,metacontig,1281,1744,463
ar_R29_M18608_S1_1,metacontig,146,609,463
ar_R29_M17484_S1_1,metacontig,2062,2526,464
mm_R29_M6041_S6_1,metacontig,24,444,420
ar_R29_M32614_S1_1,metacontig,1769,2253,484
ar_R29_M7069_S150_4,metacontig,2691,3188,497
AY593844_6,metacontig,1949,2345,396
st_R29_M37690_S1_1,metacontig,7,411,404
NC_010954_1,metacontig,2391,2802,411
ar_R29_M38954_S1_3,metacontig,2508,2972,464
ma_R29_M2838_S2_3,metacontig,1762,2187,425
st_R29_M30764_S1_6,metacontig,1602,2071,469
st_R29_M185872_S2_1,metacontig,87,565,478
st_R29_M427262_S1_2,metacontig,19,433,414
DQ989316_4,metacontig,1952,2356,404
ar_R29_M31584_S1_2,metacontig,331,781,450
ar_R29_M19458_S1_1,metacontig,73,520,447
JN819203_2,metacontig,996,1399,403
am_R29_M282_S1_4,metacontig,176,605,429
ar_R29_M25966_S1_1,metacontig,2567,3037,470
NC_021566_1,metacontig,2691,3188,497
NC_015941_3,metacontig,1969,2410,441
st_R29_M87724_S1_1,metacontig,236,714,478
st_R29_M86541_S1_1,metacontig,13,427,414
ar_R29_M32593_S1_1,metacontig,21,484,463
st_R29_M111411_S1_3,metacontig,240,601,361
st_R29_M355508_S15_2,metacontig,240,714,474
ar_R29_M7069_S136_1,metacontig,1248,1707,459
ar_R29_M37412_S1_3,metacontig,1200,1641,441
ar_R29_M19828_S1_3,metacontig,2502,2966,464
MN059636_1,metacontig,2605,3058,453
st_R29_M102448_S1_10,metacontig,2594,3062,468
ar_R29_M35111_S1_5,metacontig,1580,2060,480
st_R29_M333429_S1_2,metacontig,100,536,436
st_R29_M89262_S1_2,metacontig,63,502,439
mm_R29_M1246_S1_1,metacontig,546,1032,486
st_R29_M55983_S1_1,metacontig,4,375,371
MG571548_3,metacontig,1755,2180,425
KC560801_2,metacontig,1960,2363,403
MH428831_2,metacontig,2360,2818,458
KY312545_2,metacontig,1778,2169,391
ar_R29_M170_S2_10,metacontig,1532,1992,460
ar_R29_M11096_S1_1,metacontig,166,644,478
st_R29_M374320_S1_1,metacontig,14,428,414
st_R29_M71894_S1_1,metacontig,18,369,351
mm_R29_M6041_S1_5,metacontig,1328,1803,475
st_R29_M123026_S1_1,metacontig,831,1242,411
ar_R29_M7069_S51_1,metacontig,2715,3189,474
st_R29_M306903_S1_4,metacontig,795,1240,445
FJ175661_3,metacontig,1955,2359,404
st_R29_M197673_S1_1,metacontig,147,603,456
HQ917060_3,metacontig,1741,2170,429
st_R29_M17602_S1_3,metacontig,24,394,370
st_R29_M21742_S1_3,metacontig,582,1051,469
st_R29_M335821_S1_2,metacontig,18,423,405
ar_R29_M42084_S1_2,metacontig,722,1212,490
st_R29_M375302_S3_6,metacontig,630,1073,443
st_R29_M235399_S1_1,metacontig,4,387,383
st_R29_M429672_S1_1,metacontig,6,464,458
st_R29_M129705_S1_1,metacontig,144,599,455
ar_R29_M11172_S1_1,metacontig,20,453,433
NC_040601_2,metacontig,2509,2987,478
ar_R29_M7069_S191_11,metacontig,2669,3142,473
mm_R29_M1559_S1_3,metacontig,387,855,468
st_R29_M320_S1_1,metacontig,1308,1753,445
st_R29_M70863_S1_7,metacontig,2525,2976,451
ar_R29_M6930_S1_6,metacontig,1220,1682,462
MF806525_1,metacontig,1751,2173,422
ar_R29_M27194_S1_1,metacontig,239,682,443
st_R29_M235712_S2_3,metacontig,132,593,461
ar_R29_M34601_S1_2,metacontig,277,714,437
EU004682_3,metacontig,1240,1671,431
ch_R29_M161_S1_5,metacontig,1172,1639,467
mm_R29_M1899_S1_2,metacontig,1273,1778,505
mm_R29_M4022_S1_1,metacontig,668,1088,420
st_R29_M99765_S1_3,metacontig,502,912,410
NC_038309_1,metacontig,1767,2191,424
st_R29_M381211_S1_7,metacontig,1176,1630,454
AF123432_2,metacontig,1755,2180,425
ar_R29_M22460_S1_1,metacontig,66,527,461
st_R29_M82760_S1_1,metacontig,3,408,405
ar_R29_M38464_S1_14,metacontig,1044,1498,454
ma_R29_M1276_S1_5,metacontig,1299,1747,448
ar_R29_M7069_S606_4,metacontig,2073,2570,497
st_R29_M97393_S1_1,metacontig,7,381,374
EU004663_2,metacontig,1241,1672,431
st_R29_M53058_S1_1,metacontig,442,898,456
st_R29_M272338_S1_1,metacontig,1,396,395
MT602089_7,metacontig,1941,2326,385
AY593843_3,metacontig,1948,2347,399
MT863268_5,metacontig,1932,2338,406
sa_R29_M3341_S1_1,metacontig,677,1099,422
MN059605_1,metacontig,2711,3153,442
st_R29_M21167_S1_1,metacontig,44,454,410
st_R29_M116399_S1_1,metacontig,694,1168,474
ar_R29_M4709_S1_2,metacontig,1164,1608,444
st_R29_M23618_S1_1,metacontig,1,394,393
st_R29_M256903_S1_1,metacontig,119,599,480
sa_R29_M392_S1_8,metacontig,1657,2073,416
st_R29_M425036_S1_1,metacontig,200,656,456
LC150009_1,metacontig,1755,2180,425
st_R29_M212407_S1_1,metacontig,689,1164,475
MN598017_1,metacontig,1755,2180,425
MN598032_3,metacontig,1819,2244,425
KU172420_1,metacontig,1760,2185,425
ar_R29_M7069_S1157_1,metacontig,289,771,482
ar_R29_M22807_S1_2,metacontig,274,754,480
MG676340_6,metacontig,1712,2183,471
mm_R29_M1229_S1_6,metacontig,1107,1556,449
st_R29_M355508_S13_2,metacontig,530,1003,473
st_R29_M389198_S1_2,metacontig,1464,1921,457
st_R29_M197658_S1_1,metacontig,213,669,456
fu_R29_M3706_S2_1,metacontig,97,575,478
fi_R29_M666_S1_1,metacontig,62,515,453
MN598039_5,metacontig,1757,2182,425
ma_R29_M949_S1_5,metacontig,2428,2899,471
st_R29_M110765_S1_2,metacontig,166,644,478
NC_040611_4,metacontig,1122,1536,414
ar_R29_M29220_S1_3,metacontig,2098,2577,479
KJ152157_2,metacontig,2396,2835,439
NC_005029_1,metacontig,2715,3146,431
AF123433_4,metacontig,1775,2200,425
NC_032804_2,metacontig,1540,2016,476
fi_R29_M1290_S1_10,metacontig,371,839,468
KY828925_1,metacontig,2376,2813,437
ar_R29_M7069_S236_5,metacontig,2506,3042,536
AF414372_1,metacontig,1755,2182,427
st_R29_M276662_S4_1,metacontig,109,551,442
MN598012_2,metacontig,1838,2263,425
ar_R29_M8632_S10_4,metacontig,2,331,329
st_R29_M49677_S1_2,metacontig,233,689,456
mm_R29_M5000_S1_2,metacontig,106,574,468
st_R29_M17503_S1_1,metacontig,221,677,456
st_R29_M24682_S1_3,metacontig,145,627,482
st_R29_M232585_S1_1,metacontig,38,448,410
st_R29_M45905_S1_1,metacontig,206,680,474
st_R29_M233710_S1_2,metacontig,11,444,433
sp_R29_M117_S1_1,metacontig,483,953,470
ar_R29_M20183_S1_1,metacontig,2591,3074,483
KT879920_1,metacontig,1757,2176,419
al_R29_M742_S1_2,metacontig,50,521,471
MN598021_5,metacontig,1756,2181,425
MN598008_4,metacontig,1755,2180,425
ar_R29_M10665_S1_2,metacontig,1178,1637,459
ar_R29_M7069_S929_1,metacontig,985,1453,468
st_R29_M75942_S1_3,metacontig,401,847,446
st_R29_M220300_S1_1,metacontig,530,989,459
MG650158_1,metacontig,1819,2244,425
st_R29_M107067_S1_2,metacontig,32,443,411
ar_R29_M38541_S1_1,metacontig,88,566,478
st_R29_M121274_S1_1,metacontig,5,408,403
st_R29_M297012_S1_1,metacontig,224,659,435
ar_R29_M7069_S1281_2,metacontig,135,612,477
FM178558_1,metacontig,1772,2203,431
MG873159_1,metacontig,1765,2196,431
AF540910_6,metacontig,1931,2330,399
ar_R29_M2707_S1_4,metacontig,2541,3005,464
MN369031_1,metacontig,1760,2183,423
ar_R29_M7069_S585_5,metacontig,965,1440,475
st_R29_M74591_S1_1,metacontig,1131,1594,463
st_R29_M440723_S1_2,metacontig,2,386,384
sp_R29_M808_S1_5,metacontig,1098,1564,466
st_R29_M82729_S1_6,metacontig,1547,2008,461
MF379362_2,metacontig,1874,2320,446
st_R29_M318255_S1_4,metacontig,584,990,406
st_R29_M23197_S2_1,metacontig,62,524,462
st_R29_M130279_S1_1,metacontig,875,1348,473
MN598014_2,metacontig,1843,2263,420
MT502378_3,metacontig,2330,2765,435
st_R29_M405503_S1_4,metacontig,7,409,402
st_R29_M51160_S1_1,metacontig,164,572,408
MH484165_2,metacontig,1804,2230,426
ar_R29_M5885_S1_2,metacontig,1535,2007,472
KT879930_1,metacontig,1773,2196,423
ar_R29_M14252_S1_2,metacontig,14,445,431
MN598026_3,metacontig,1826,2245,419
st_R29_M121953_S4_6,metacontig,835,1308,473
NC_023985_1,metacontig,2281,2670,389
ar_R29_M7069_S421_8,metacontig,2488,2985,497
NC_008311_3,metacontig,1240,1671,431
st_R29_M16619_S1_2,metacontig,274,730,456
MH053321_3,metacontig,1943,2344,401
AF285170_4,metacontig,2239,2668,429
st_R29_M226356_S1_2,metacontig,1281,1718,437
MN598016_3,metacontig,1824,2244,420
NC_021178_3,metacontig,995,1399,404
MN598037_3,metacontig,1744,2174,430
KC345605_3,metacontig,2595,3030,435
MT602083_4,metacontig,1939,2321,382
HQ663846_3,metacontig,1741,2167,426
mm_R29_M5575_S1_1,metacontig,6,430,424
sa_R29_M1501_S1_1,metacontig,315,728,413
ar_R29_M35791_S1_3,metacontig,1098,1571,473
st_R29_M17563_S1_1,metacontig,10,413,403
MN598018_4,metacontig,1741,2170,429
LC556993_1,metacontig,1569,2007,438
st_R29_M399741_S1_2,metacontig,260,716,456
st_R29_M86717_S1_5,metacontig,1189,1667,478
FJ445167_1,metacontig,1732,2158,426
mm_R29_M941_S1_3,metacontig,1107,1598,491
mm_R29_M2990_S1_1,metacontig,794,1259,465
st_R29_M67095_S1_1,metacontig,7,326,319
MH206616_1,metacontig,2385,2845,460
st_R29_M406276_S1_1,metacontig,215,676,461
ar_R29_M18674_S1_4,metacontig,1842,2351,509
NC_007180_1,metacontig,2410,2820,410
ar_R29_M7069_S105_7,metacontig,1764,2232,468
sp_R29_M710_S1_1,metacontig,1206,1662,456
am_R29_M280_S1_1,metacontig,278,694,416
ar_R29_M8049_S2_1,metacontig,984,1461,477
MK904608_1,metacontig,1776,2202,426
ar_R29_M25987_S2_1,metacontig,53,395,342
KY614052_1,metacontig,2490,2924,434
st_R29_M315127_S1_2,metacontig,2533,3000,467
st_R29_M102206_S1_2,metacontig,112,547,435
mm_R29_M7863_S1_1,metacontig,1122,1566,444
AF499641_1,metacontig,1784,2210,426
MG800832_2,metacontig,2424,2866,442
mm_R29_M6144_S1_9,metacontig,398,874,476
st_R29_M355508_S4_7,metacontig,1233,1706,473
st_R29_M121953_S3_1,metacontig,1233,1706,473
ar_R29_M21423_S1_1,metacontig,1172,1585,413
NC_036588_1,metacontig,2252,2682,430
FJ445183_2,metacontig,1741,2167,426
mm_R29_M1624_S1_1,metacontig,1131,1605,474
st_R29_M39735_S1_3,metacontig,13,406,393
st_R29_M6763_S1_1,metacontig,406,862,456
KM667941_5,metacontig,1743,2169,426
st_R29_M298453_S1_1,metacontig,1949,2420,471
st_R29_M79894_S1_1,metacontig,32,440,408
MN116647_7,metacontig,2050,2444,394
MK904597_1,metacontig,1769,2177,408
EF017707_1,metacontig,2602,3066,464
MN059637_1,metacontig,2607,3046,439
mm_R29_M4585_S1_1,metacontig,136,605,469
fi_R29_M950_S20_7,metacontig,29,394,365
MF678824_5,metacontig,1947,2344,397
st_R29_M87714_S2_4,metacontig,1261,1738,477
ma_R29_M4111_S1_2,metacontig,527,1005,478
ar_R29_M4093_S1_8,metacontig,2468,2909,441
fi_R29_M786_S1_3,metacontig,430,887,457
st_R29_M66581_S1_1,metacontig,26,431,405
st_R29_M355508_S5_5,metacontig,1233,1706,473
ar_R29_M16738_S1_1,metacontig,6,335,329
st_R29_M171131_S1_3,metacontig,243,681,438
st_R29_M355508_S3_6,metacontig,1233,1706,473
st_R29_M310922_S1_3,metacontig,845,1318,473
MH719217_3,metacontig,1819,2244,425
ar_R29_M6597_S1_3,metacontig,2432,2864,432
fi_R29_M1196_S1_2,metacontig,2270,2688,418
mm_R29_M2214_S1_1,metacontig,1376,1835,459
MN549985_1,metacontig,2511,2933,422
ar_R29_M7069_S1128_1,metacontig,518,989,471
GQ223228_1,metacontig,1751,2153,402
ar_R29_M3893_S1_8,metacontig,992,1435,443
ar_R29_M8041_S1_1,metacontig,240,587,347
st_R29_M54924_S1_2,metacontig,67,496,429
fi_R29_M1006_S1_2,metacontig,913,1341,428
st_R29_M258070_S1_2,metacontig,232,705,473
sa_R29_M2007_S1_4,metacontig,1931,2338,407
MT127560_1,metacontig,1223,1706,483
ar_R29_M26225_S1_1,metacontig,284,772,488
ar_R29_M7450_S1_1,metacontig,363,838,475
KR349276_3,metacontig,1240,1671,431
MN598023_5,metacontig,1757,2182,425
NC_003988_1,metacontig,1780,2204,424
ar_R29_M7069_S1417_1,metacontig,7,483,476
st_R29_M343184_S1_3,metacontig,8,342,334
ar_R29_M30902_S1_1,metacontig,2717,3191,474
ar_R29_M11033_S1_1,metacontig,1148,1607,459
st_R29_M314941_S1_1,metacontig,1251,1723,472
JX174177_1,metacontig,1792,2218,426
st_R29_M137733_S1_4,metacontig,1423,1918,495
MN059580_2,metacontig,2599,3025,426
ar_R29_M42906_S1_1,metacontig,1205,1697,492
st_R29_M343182_S1_3,metacontig,2,340,338
MH713899_3,metacontig,2395,2837,442
st_R29_M209067_S1_1,metacontig,4,384,380
st_R29_M439137_S1_3,metacontig,25,411,386
FJ445135_1,metacontig,1759,2185,426
mm_R29_M732_S1_1,metacontig,4,345,341
MF678294_1,metacontig,1809,2235,426
mm_R29_M8148_S1_16,metacontig,2639,3081,442
NC_010415_1,metacontig,1783,2208,425
ar_R29_M19175_S1_5,metacontig,2433,2909,476
st_R29_M35724_S1_1,metacontig,754,1179,425
st_R29_M152408_S1_2,metacontig,293,757,464
st_R29_M18161_S1_1,metacontig,61,494,433
MT019688_1,metacontig,1774,2199,425
ri_R29_M164_S1_2,metacontig,17,481,464
KJ934637_12,metacontig,2061,2454,393
sa_R29_M1640_S1_1,metacontig,2,382,380
mm_R29_M324_S1_1,metacontig,119,596,477
ar_R29_M6240_S1_14,metacontig,2465,2927,462
st_R29_M167114_S1_3,metacontig,690,1124,434
MF370941_5,metacontig,2008,2422,414
ar_R29_M30907_S1_1,metacontig,930,1405,475
mm_R29_M5168_S1_2,metacontig,76,564,488
st_R29_M26879_S1_1,metacontig,672,1149,477
st_R29_M173889_S1_2,metacontig,366,777,411
ar_R29_M32273_S2_5,metacontig,206,702,496
st_R29_M67885_S1_3,metacontig,765,1175,410
NC_016441_2,metacontig,2374,2789,415
ar_R29_M7069_S235_1,metacontig,2563,3033,470
st_R29_M311114_S1_3,metacontig,148,586,438
ma_R29_M2838_S3_3,metacontig,1762,2187,425
NC_023175_2,metacontig,2607,3074,467
mm_R29_M7073_S1_1,metacontig,13,446,433
KC667561_1,metacontig,1756,2181,425
st_R29_M133559_S1_5,metacontig,15,370,355
st_R29_M238654_S1_1,metacontig,311,773,462
GQ183035_1,metacontig,1760,2191,431
st_R29_M303608_S1_1,metacontig,62,485,423
KC345606_2,metacontig,2594,3029,435
st_R29_M299124_S1_1,metacontig,973,1466,493
EF555644_2,metacontig,1789,2214,425
KU315176_2,metacontig,2406,2844,438
EF015886_3,metacontig,1800,2226,426
st_R29_M398592_S1_4,metacontig,80,491,411
st_R29_M212683_S1_2,metacontig,130,582,452
fi_R29_M1668_S1_3,metacontig,1135,1598,463
EU004680_4,metacontig,1241,1672,431
NC_014413_2,metacontig,1859,2258,399
ar_R29_M2534_S4_1,metacontig,263,754,491
AF499635_1,metacontig,1787,2213,426
MH053341_5,metacontig,1931,2315,384
JQ814852_3,metacontig,1938,2370,432
FJ007373_1,metacontig,1751,2178,427
JX433019_2,metacontig,2698,3125,427
MN059558_1,metacontig,2691,3120,429
st_R29_M317104_S1_3,metacontig,480,960,480
DQ995648_1,metacontig,1801,2227,426
st_R29_M374341_S3_3,metacontig,10,480,470
fu_R29_M569_S1_2,metacontig,1083,1560,477
ar_R29_M12380_S1_1,metacontig,376,857,481
st_R29_M237441_S1_15,metacontig,1125,1573,448
MN823689_1,metacontig,1503,1938,435
ar_R29_M5819_S1_1,metacontig,7,367,360
MN914196_1,metacontig,1801,2227,426
ar_R29_M40333_S1_1,metacontig,90,488,398
st_R29_M380031_S1_1,metacontig,55,473,418
JN542510_1,metacontig,1809,2235,426
ar_R29_M24864_S1_1,metacontig,1181,1668,487
NC_036802_1,metacontig,2366,2813,447
ma_R29_M4212_S1_1,metacontig,12,477,465
ar_R29_M29194_S1_6,metacontig,1130,1618,488
st_R29_M323625_S1_2,metacontig,219,661,442
st_R29_M311109_S1_11,metacontig,1262,1724,462
ar_R29_M35364_S1_1,metacontig,340,815,475
st_R29_M107068_S2_2,metacontig,418,824,406
LR027548_1,metacontig,21,447,426
sp_R29_M838_S1_7,metacontig,1162,1639,477
st_R29_M80992_S1_1,metacontig,105,489,384
KY855432_1,metacontig,1944,2379,435
st_R29_M319374_S1_1,metacontig,12,416,404
fi_R29_M1633_S1_5,metacontig,741,1168,427
MW298058_9,metacontig,1819,2242,423
ar_R29_M35102_S1_1,metacontig,849,1319,470
st_R29_M166760_S6_2,metacontig,44,453,409
st_R29_M188912_S1_1,metacontig,7,410,403
st_R29_M165698_S1_1,metacontig,3,333,330
mm_R29_M4692_S14_1,metacontig,53,517,464
MW161172_2,metacontig,2421,2864,443
st_R29_M446073_S1_23,metacontig,1467,1912,445
mm_R29_M2031_S1_2,metacontig,356,827,471
st_R29_M102439_S1_1,metacontig,1062,1502,440
DQ473510_1,metacontig,1766,2190,424
FJ751914_1,metacontig,1811,2236,425
ma_R29_M3840_S1_7,metacontig,1917,2346,429
ar_R29_M15822_S1_1,metacontig,623,1051,428
st_R29_M82219_S1_1,metacontig,45,452,407
st_R29_M157134_S1_4,metacontig,713,1187,474
ar_R29_M23426_S1_3,metacontig,50,543,493
MT371967_1,metacontig,1272,1688,416
ar_R29_M4193_S1_1,metacontig,956,1429,473
st_R29_M102441_S1_1,metacontig,1983,2425,442
FJ445141_1,metacontig,1740,2166,426
mm_R29_M4692_S4_2,metacontig,524,995,471
ma_R29_M5489_S1_2,metacontig,1956,2385,429
st_R29_M40754_S1_3,metacontig,17,401,384
FJ445189_1,metacontig,1736,2161,425
st_R29_M439141_S1_12,metacontig,410,874,464
st_R29_M319341_S1_1,metacontig,693,1150,457
sa_R29_M1453_S1_9,metacontig,1691,2130,439
MH286883_1,metacontig,2530,2983,453
mm_R29_M4399_S1_3,metacontig,1102,1559,457
st_R29_M156621_S1_2,metacontig,2393,2878,485
st_R29_M210165_S1_1,metacontig,122,560,438
AY673831_3,metacontig,1761,2187,426
KT721735_3,metacontig,2376,2799,423
st_R29_M9027_S1_3,metacontig,144,624,480
ar_R29_M37271_S1_1,metacontig,309,780,471
ar_R29_M12019_S1_9,metacontig,1252,1733,481
st_R29_M108710_S1_1,metacontig,59,443,384
st_R29_M226356_S2_4,metacontig,25,411,386
st_R29_M177763_S1_1,metacontig,706,1151,445
MK904600_1,metacontig,1882,2284,402
ar_R29_M23698_S1_3,metacontig,1849,2320,471
DQ989305_4,metacontig,1950,2356,406
MT050464_1,metacontig,2495,2965,470
st_R29_M446310_S1_1,metacontig,597,1034,437
EF173422_1,metacontig,1791,2212,421
KT456531_2,metacontig,2367,2811,444
st_R29_M405867_S1_2,metacontig,1604,2095,491
MT990976_1,metacontig,2523,2975,452
NC_005778_1,metacontig,2353,2793,440
NC_007433_2,metacontig,2688,3135,447
MT542698_3,metacontig,1827,2244,417
NC_003797_1,metacontig,2725,3181,456
st_R29_M107068_S1_5,metacontig,2602,3079,477
ar_R29_M35973_S1_8,metacontig,1610,2037,427
st_R29_M57139_S1_2,metacontig,26,448,422
MK988418_2,metacontig,2603,3095,492
ar_R29_M34183_S1_3,metacontig,516,949,433
mm_R29_M2923_S2_7,metacontig,1039,1505,466
st_R29_M119856_S1_1,metacontig,652,1131,479
ar_R29_M28141_S1_1,metacontig,18,488,470
ar_R29_M4454_S1_3,metacontig,1293,1709,416
HG965222_1,metacontig,1867,2322,455
MG197985_2,metacontig,2556,3035,479
st_R29_M220303_S1_2,metacontig,1577,2041,464
NC_027919_10,metacontig,2147,2541,394
mm_R29_M2244_S1_2,metacontig,216,635,419
st_R29_M444318_S1_5,metacontig,1163,1603,440
KF699344_2,metacontig,2528,3007,479
mm_R29_M3456_S1_2,metacontig,1136,1545,409
st_R29_M171181_S1_1,metacontig,276,727,451
st_R29_M164813_S1_1,metacontig,1234,1707,473
KX808644_1,metacontig,1770,2196,426
ar_R29_M7660_S1_1,metacontig,1307,1785,478
st_R29_M15041_S1_1,metacontig,3,409,406
DQ473489_1,metacontig,1799,2221,422
st_R29_M41916_S1_2,metacontig,1010,1504,494
st_R29_M306902_S1_2,metacontig,1226,1689,463
ar_R29_M20780_S1_11,metacontig,1661,2141,480
KP890664_2,metacontig,1774,2196,422
al_R29_M282_S1_1,metacontig,21,441,420
st_R29_M235712_S1_10,metacontig,1222,1683,461
JX048594_3,metacontig,1241,1671,430
NC_024489_1,metacontig,1177,1625,448
ar_R29_M8040_S1_2,metacontig,800,1298,498
st_R29_M420406_S1_10,metacontig,1234,1696,462
am_R29_M412_S1_13,metacontig,2008,2469,461
KP266577_3,metacontig,1796,2222,426
KJ152154_1,metacontig,2356,2787,431
MT731495_1,metacontig,2636,3092,456
KT581587_2,metacontig,1776,2202,426
st_R29_M13137_S1_1,metacontig,51,423,372
MF405299_1,metacontig,2602,3061,459
MN418119_3,metacontig,2426,2852,426
mm_R29_M4660_S1_1,metacontig,1477,1964,487
fi_R29_M145_S1_3,metacontig,10,384,374
st_R29_M17471_S1_2,metacontig,80,493,413
ar_R29_M15396_S1_2,metacontig,2452,2920,468
ar_R29_M21499_S1_4,metacontig,1425,1971,546
ar_R29_M18804_S1_2,metacontig,58,595,537
st_R29_M363361_S1_1,metacontig,6,382,376
LC482263_1,metacontig,2605,3038,433
FJ445132_1,metacontig,1798,2199,401
EU840952_1,metacontig,1782,2205,423
st_R29_M19477_S2_6,metacontig,1,468,467
MK138531_1,metacontig,2371,2818,447
MK512666_2,metacontig,1797,2223,426
JX083210_2,metacontig,2477,2918,441
st_R29_M286516_S1_15,metacontig,1221,1669,448
st_R29_M23197_S1_3,metacontig,1426,1888,462
ar_R29_M6501_S1_1,metacontig,589,1067,478
ma_R29_M1560_S1_5,metacontig,14,441,427
sa_R29_M178_S1_4,metacontig,2268,2690,422
NC_003537_1,metacontig,2472,2906,434
ar_R29_M12686_S1_2,metacontig,419,895,476
KX162709_1,metacontig,1788,2213,425
NC_005028_1,metacontig,2534,3014,480
mm_R29_M5756_S1_2,metacontig,17,478,461
ar_R29_M7069_S885_2,metacontig,14,466,452
EF173420_1,metacontig,1781,2187,406
st_R29_M209065_S1_1,metacontig,322,769,447
ar_R29_M11207_S1_1,metacontig,8,423,415
AF326751_1,metacontig,1820,2247,427
ar_R29_M34406_S1_4,metacontig,166,637,471
ar_R29_M43035_S1_1,metacontig,341,801,460
ar_R29_M32273_S1_3,metacontig,1132,1627,495
ar_R29_M7165_S1_1,metacontig,2822,3290,468
ar_R29_M43768_S1_1,metacontig,232,702,470
st_R29_M51199_S1_1,metacontig,138,551,413
DQ480420_4,metacontig,1767,2192,425
ar_R29_M7069_S181_1,metacontig,2500,2980,480
st_R29_M355359_S1_1,metacontig,148,553,405
st_R29_M177269_S1_2,metacontig,986,1442,456
mm_R29_M5515_S1_1,metacontig,1219,1679,460
KX494871_1,metacontig,1804,2214,410
st_R29_M88203_S1_2,metacontig,84,492,408
st_R29_M31796_S1_1,metacontig,28,437,409
ar_R29_M7069_S1205_1,metacontig,237,709,472
ar_R29_M40711_S1_3,metacontig,1753,2253,500
sa_R29_M1136_S1_2,metacontig,1205,1626,421
sp_R29_M220_S1_1,metacontig,1219,1659,440
st_R29_M161903_S1_1,metacontig,25,381,356
st_R29_M363395_S27_4,metacontig,153,574,421
ar_R29_M28485_S1_2,metacontig,326,788,462
st_R29_M111486_S1_2,metacontig,73,494,421
al_R29_M194_S1_1,metacontig,46,507,461
AF499643_1,metacontig,1801,2226,425
sa_R29_M2581_S2_6,metacontig,1115,1547,432
mm_R29_M463_S1_1,metacontig,114,528,414
ar_R29_M7069_S223_1,metacontig,2636,3114,478
MG212489_2,metacontig,1785,2210,425
MK652136_3,metacontig,1777,2202,425
st_R29_M314823_S1_3,metacontig,195,613,418
st_R29_M432313_S1_3,metacontig,759,1204,445
ar_R29_M29939_S1_10,metacontig,1730,2199,469
MN749145_2,metacontig,1772,2197,425
KY941931_2,metacontig,1814,2239,425
st_R29_M120776_S1_1,metacontig,820,1278,458
NC_010521_2,metacontig,2400,2825,425
KM362429_2,metacontig,1740,2165,425
al_R29_M734_S1_1,metacontig,28,432,404
ar_R29_M7069_S701_2,metacontig,1348,1818,470
st_R29_M293526_S1_1,metacontig,16,349,333
FJ445129_1,metacontig,1742,2168,426
MN059635_1,metacontig,2715,3140,425
st_R29_M375502_S1_3,metacontig,1,305,304
FJ445163_1,metacontig,1742,2168,426
st_R29_M9101_S2_3,metacontig,28,449,421
DQ321720_2,metacontig,1648,2073,425
mm_R29_M2203_S1_6,metacontig,1614,2076,462
DQ995647_1,metacontig,1801,2227,426
mm_R29_M734_S1_7,metacontig,911,1364,453
st_R29_M313650_S1_2,metacontig,620,1055,435
MG602232_3,metacontig,2469,2911,442
ar_R29_M1671_S1_1,metacontig,162,687,525
st_R29_M230519_S1_1,metacontig,908,1354,446
st_R29_M437354_S1_1,metacontig,1740,2151,411
AY010722_1,metacontig,2603,3082,479
fu_R29_M352_S1_1,metacontig,277,758,481
MK561972_1,metacontig,1182,1652,470
AY027810_1,metacontig,2578,3056,478
mm_R29_M4692_S1_2,metacontig,1461,1932,471
MN059607_1,metacontig,2609,3036,427
AJ131403_2,metacontig,2332,2744,412
FJ445159_1,metacontig,1732,2158,426
fu_R29_M472_S1_3,metacontig,167,648,481
st_R29_M28002_S1_1,metacontig,11,407,396
ar_R29_M6568_S1_3,metacontig,1098,1579,481
st_R29_M121070_S1_1,metacontig,178,596,418
st_R29_M252595_S1_1,metacontig,123,607,484
AY162218_1,metacontig,2603,3036,433
MK988416_1,metacontig,2601,3069,468
KC345608_3,metacontig,2596,3031,435
mm_R29_M3941_S1_2,metacontig,217,696,479
st_R29_M258317_S1_6,metacontig,686,1157,471
al_R29_M240_S1_1,metacontig,479,917,438
MG602227_3,metacontig,2393,2826,433
st_R29_M314229_S1_6,metacontig,23,473,450
KF979337_3,metacontig,2058,2494,436
st_R29_M112157_S1_4,metacontig,122,539,417
LR897980_1,metacontig,1790,2222,432
MH517019_1,metacontig,1747,2172,425
sa_R29_M422_S1_1,metacontig,1120,1565,445
MG602230_1,metacontig,2460,2873,413
st_R29_M57971_S2_1,metacontig,38,457,419
st_R29_M319608_S1_5,metacontig,228,659,431
MW035311_3,metacontig,2370,2830,460
NC_025889_1,metacontig,1278,1731,453
MH053306_4,metacontig,1934,2340,406
st_R29_M239610_S1_1,metacontig,51,518,467
st_R29_M175608_S1_2,metacontig,1129,1573,444
MW019505_1,metacontig,2512,2932,420
MK988417_3,metacontig,2601,3036,435
st_R29_M133008_S1_2,metacontig,56,470,414
ar_R29_M35343_S1_1,metacontig,32,449,417
ar_R29_M20410_S1_1,metacontig,2431,2889,458
al_R29_M822_S1_1,metacontig,229,646,417
ma_R29_M2374_S1_2,metacontig,1981,2410,429
JQ807996_1,metacontig,2326,2794,468
st_R29_M212059_S1_1,metacontig,105,499,394
ar_R29_M38262_S1_1,metacontig,234,703,469
st_R29_M307230_S1_2,metacontig,348,784,436
ar_R29_M28852_S1_1,metacontig,1600,2065,465
mm_R29_M1934_S1_6,metacontig,1308,1820,512
ar_R29_M11571_S1_3,metacontig,2498,2968,470
st_R29_M319610_S1_8,metacontig,1890,2323,433
fi_R29_M1020_S1_1,metacontig,42,523,481
ar_R29_M33913_S1_2,metacontig,492,959,467
st_R29_M102468_S1_2,metacontig,1023,1492,469
st_R29_M320993_S1_6,metacontig,1285,1754,469
AF465514_1,metacontig,1788,2214,426
sa_R29_M1366_S2_3,metacontig,273,710,437
st_R29_M131095_S1_2,metacontig,53,457,404
AF326761_3,metacontig,1759,2185,426
KJ152155_3,metacontig,2374,2803,429
al_R29_M202_S1_2,metacontig,19,440,421
st_R29_M400441_S1_3,metacontig,1425,1895,470
st_R29_M111499_S1_2,metacontig,93,506,413
ar_R29_M40256_S1_1,metacontig,1149,1612,463
fi_R29_M836_S1_9,metacontig,1509,1917,408
MT792642_1,metacontig,1734,2162,428
st_R29_M367453_S1_4,metacontig,91,513,422
st_R29_M120511_S1_1,metacontig,2,438,436
st_R29_M184845_S1_8,metacontig,1639,2123,484
sa_R29_M1086_S1_3,metacontig,12,367,355
AF546702_1,metacontig,1783,2208,425
st_R29_M110292_S1_1,metacontig,691,1099,408
st_R29_M289983_S1_2,metacontig,9,417,408
st_R29_M51408_S1_1,metacontig,469,887,418
st_R29_M226469_S1_2,metacontig,59,499,440
st_R29_M251742_S1_3,metacontig,251,661,410
al_R29_M467_S1_3,metacontig,108,596,488
st_R29_M130399_S1_5,metacontig,181,614,433
ar_R29_M9011_S1_3,metacontig,2537,3011,474
st_R29_M439119_S1_6,metacontig,442,906,464
st_R29_M70855_S1_3,metacontig,812,1257,445
KJ675507_2,metacontig,1725,2147,422
mm_R29_M7583_S1_6,metacontig,1847,2277,430
D00239_1,metacontig,1736,2161,425
ar_R29_M29645_S2_1,metacontig,53,431,378
NC_024487_2,metacontig,1632,2057,425
sa_R29_M1926_S1_1,metacontig,15,377,362
fu_R29_M3071_S3_1,metacontig,678,1159,481
FJ445126_2,metacontig,1763,2189,426
st_R29_M67563_S1_1,metacontig,323,756,433
ar_R29_M29353_S1_2,metacontig,48,468,420
KX162708_2,metacontig,1814,2239,425
NC_015394_1,metacontig,2393,2837,444
HQ882182_3,metacontig,1770,2196,426
st_R29_M121270_S1_1,metacontig,410,827,417
st_R29_M73172_S1_3,metacontig,2460,2938,478
mm_R29_M3009_S1_1,metacontig,438,886,448
mm_R29_M5780_S1_3,metacontig,221,687,466
ar_R29_M3088_S1_3,metacontig,2595,3061,466
AF111953_2,metacontig,1796,2221,425
ar_R29_M13195_S1_6,metacontig,2608,3074,466
ar_R29_M10570_S1_3,metacontig,230,691,461
KJ645793_1,metacontig,2457,2872,415
mm_R29_M6918_S1_3,metacontig,61,532,471
st_R29_M74589_S1_1,metacontig,3,420,417
st_R29_M450732_S1_7,metacontig,333,753,420
st_R29_M117779_S1_1,metacontig,775,1258,483
st_R29_M319613_S1_1,metacontig,146,576,430
KY242359_2,metacontig,2425,2860,435
st_R29_M43268_S1_1,metacontig,57,476,419
st_R29_M437325_S2_3,metacontig,3,374,371
ar_R29_M39777_S1_2,metacontig,1207,1679,472
ar_R29_M12169_S1_1,metacontig,2481,2953,472
EU882728_3,metacontig,2581,3066,485
mm_R29_M2533_S1_1,metacontig,19,480,461
st_R29_M440720_S1_1,metacontig,6,353,347
ar_R29_M34500_S1_4,metacontig,1021,1492,471
NC_009742_1,metacontig,2379,2812,433
ar_R29_M29357_S2_3,metacontig,493,967,474
KY981580_2,metacontig,1776,2201,425
st_R29_M204881_S1_1,metacontig,15,370,355
fu_R29_M907_S58_1,metacontig,351,832,481
ar_R29_M28061_S1_1,metacontig,2302,2778,476
st_R29_M46043_S1_2,metacontig,74,485,411
st_R29_M363395_S28_3,metacontig,73,484,411
st_R29_M407508_S1_3,metacontig,2414,2844,430
NC_013695_1,metacontig,1752,2179,427
KT895257_1,metacontig,2591,3072,481
AF499636_2,metacontig,1790,2215,425
NC_004542_3,metacontig,1465,1905,440
JF260919_1,metacontig,1791,2216,425
st_R29_M297365_S1_1,metacontig,88,541,453
DQ374153_1,metacontig,2603,3081,478
JQ898342_9,metacontig,1826,2214,388
EF173415_2,metacontig,1764,2187,423
ar_R29_M27968_S1_1,metacontig,819,1278,459
KM076650_1,metacontig,2478,2889,411
st_R29_M61899_S1_9,metacontig,1792,2264,472
DQ995638_3,metacontig,1792,2218,426
st_R29_M424818_S1_1,metacontig,149,552,403
KT879918_1,metacontig,1800,2185,385
ar_R29_M22759_S1_1,metacontig,2599,3068,469
KP903372_1,metacontig,2497,2915,418
st_R29_M86438_S1_1,metacontig,42,456,414
st_R29_M12654_S1_1,metacontig,8,357,349
ma_R29_M1929_S1_7,metacontig,1808,2268,460
DQ995633_2,metacontig,1790,2215,425
ar_R29_M19729_S1_4,metacontig,2519,2991,472
MH706768_1,metacontig,1189,1648,459
st_R29_M54546_S1_1,metacontig,98,510,412
KU355273_1,metacontig,1769,2194,425
LC495296_2,metacontig,1787,2209,422
MK904587_1,metacontig,1865,2287,422
st_R29_M33785_S1_1,metacontig,194,722,528
fu_R29_M32_S1_1,metacontig,1459,1939,480
st_R29_M63763_S33_2,metacontig,394,812,418
MN227144_4,metacontig,1921,2327,406
st_R29_M165242_S1_1,metacontig,88,555,467
FJ445154_1,metacontig,1764,2190,426
KF982854_3,metacontig,1771,2196,425
KF495604_3,metacontig,1797,2222,425
st_R29_M303606_S1_6,metacontig,1692,2116,424
ar_R29_M23994_S1_1,metacontig,12,383,371
st_R29_M30859_S1_1,metacontig,1598,2092,494
FJ445180_1,metacontig,1776,2202,426
st_R29_M237445_S1_1,metacontig,70,509,439
FJ445123_1,metacontig,1782,2208,426
NC_024766_1,metacontig,1828,2219,391
st_R29_M63763_S62_3,metacontig,500,921,421
MG602233_3,metacontig,2468,2881,413
ar_R29_M6355_S1_2,metacontig,1996,2451,455
sa_R29_M2340_S1_6,metacontig,1166,1645,479
ar_R29_M40910_S1_2,metacontig,263,734,471
KX162712_1,metacontig,1786,2211,425
EF555645_2,metacontig,1785,2210,425
MF975780_1,metacontig,1876,2316,440
st_R29_M238334_S1_5,metacontig,684,1158,474
sp_R29_M54_S1_1,metacontig,2,408,406
st_R29_M322968_S1_5,metacontig,892,1301,409
st_R29_M297043_S1_3,metacontig,8,325,317
LR216006_1,metacontig,1884,2324,440
st_R29_M110128_S1_1,metacontig,5,449,444
st_R29_M363395_S22_1,metacontig,498,917,419
st_R29_M77548_S1_1,metacontig,4,376,372
FJ445147_1,metacontig,1745,2170,425
st_R29_M188901_S1_10,metacontig,4,391,387
MG720260_3,metacontig,1801,2226,425
st_R29_M76070_S1_1,metacontig,28,432,404
JX569711_1,metacontig,1786,2211,425
MK061425_2,metacontig,1764,2190,426
st_R29_M50327_S1_2,metacontig,132,544,412
AF499639_2,metacontig,1791,2216,425
st_R29_M63763_S52_8,metacontig,596,1015,419
st_R29_M363395_S20_6,metacontig,511,930,419
ar_R29_M19343_S1_4,metacontig,2565,3020,455
ma_R29_M181_S1_9,metacontig,1917,2346,429
ar_R29_M7069_S203_7,metacontig,2633,3102,469
MK089787_4,metacontig,1578,2004,426
NC_035459_3,metacontig,2562,3045,483
KJ830760_1,metacontig,2386,2812,426
st_R29_M363581_S1_2,metacontig,772,1280,508
ma_R29_M1418_S1_2,metacontig,1915,2344,429
KP793687_1,metacontig,1787,2212,425
NC_028964_4,metacontig,2059,2495,436
mm_R29_M7641_S1_6,metacontig,594,1059,465
fu_R29_M1447_S1_10,metacontig,1354,1785,431
ar_R29_M7069_S767_3,metacontig,339,863,524
st_R29_M363397_S1_1,metacontig,26,431,405
mm_R29_M7664_S3_2,metacontig,352,825,473
st_R29_M115622_S1_1,metacontig,46,548,502
fi_R29_M854_S1_2,metacontig,1834,2266,432
JF317017_2,metacontig,1779,2188,409
JX275140_1,metacontig,1785,2210,425
ar_R29_M33250_S1_2,metacontig,1682,2117,435
LR027526_1,metacontig,507,933,426
KU372652_1,metacontig,1788,2213,425
ar_R29_M36350_S1_4,metacontig,1145,1637,492
KX891411_2,metacontig,1732,2158,426
ar_R29_M38983_S1_1,metacontig,636,1116,480
mm_R29_M6130_S1_1,metacontig,150,560,410
mm_R29_M4447_S1_1,metacontig,199,693,494
MH118087_2,metacontig,1793,2221,428
JN091707_5,metacontig,2602,3076,474
D90457_1,metacontig,1792,2217,425
KJ489414_2,metacontig,1766,2191,425
KP036484_4,metacontig,1770,2196,426
FJ445138_2,metacontig,1763,2191,428
KU183495_1,metacontig,1792,2218,426
KX162684_2,metacontig,1814,2239,425
LC036580_2,metacontig,1917,2346,429
MH785183_1,metacontig,1787,2212,425
DQ995635_2,metacontig,1793,2218,425
LC371337_2,metacontig,2576,3049,473
KX424991_1,metacontig,1765,2193,428
FJ445119_1,metacontig,1743,2166,423
st_R29_M363245_S1_1,metacontig,5,412,407
MK791148_1,metacontig,1771,2196,425
AF111984_2,metacontig,1787,2213,426
JF260921_1,metacontig,1793,2217,424
st_R29_M348741_S1_1,metacontig,8,327,319
MN496161_3,metacontig,1779,2204,425
mm_R29_M3633_S1_1,metacontig,47,500,453
st_R29_M196029_S8_3,metacontig,129,601,472
st_R29_M256336_S1_16,metacontig,2586,3057,471
st_R29_M55010_S1_3,metacontig,109,513,404
st_R29_M313649_S1_5,metacontig,2407,2840,433
AF465512_2,metacontig,1823,2248,425
DQ995634_2,metacontig,1790,2216,426
KY684757_2,metacontig,1808,2214,406
st_R29_M403090_S1_1,metacontig,262,675,413
ar_R29_M12509_S1_1,metacontig,2592,3074,482
NC_040790_1,metacontig,2675,3133,458
st_R29_M23120_S1_7,metacontig,315,755,440
FJ445145_1,metacontig,1784,2209,425
MG642820_2,metacontig,1759,2185,426
KY369874_2,metacontig,1779,2209,430
FJ751915_2,metacontig,1796,2222,426
st_R29_M446379_S1_9,metacontig,1104,1502,398
st_R29_M63763_S3_2,metacontig,989,1410,421
MH484166_2,metacontig,1789,2214,425
st_R29_M64207_S1_1,metacontig,30,445,415
MH444652_2,metacontig,2593,3039,446
FJ445117_1,metacontig,1742,2168,426
fi_R29_M218_S2_12,metacontig,1700,2117,417
st_R29_M323778_S1_5,metacontig,1071,1485,414
AF465516_4,metacontig,1783,2208,425
st_R29_M336229_S1_1,metacontig,13,435,422
st_R29_M55703_S1_11,metacontig,115,589,474
NC_012802_1,metacontig,1743,2121,378
ar_R29_M42877_S1_1,metacontig,120,590,470
ar_R29_M36126_S1_4,metacontig,2413,2893,480
st_R29_M363395_S19_6,metacontig,953,1371,418
MN602325_6,metacontig,2040,2473,433
MN914205_2,metacontig,1787,2213,426
MN817130_2,metacontig,1797,2222,425
ar_R29_M43911_S1_2,metacontig,1522,2006,484
ar_R29_M9079_S1_1,metacontig,2614,3083,469
KP290111_2,metacontig,1781,2207,426
ar_R29_M34905_S1_10,metacontig,1555,2007,452
fu_R29_M5737_S1_1,metacontig,14,443,429
KT026108_1,metacontig,2431,2845,414
KP202389_2,metacontig,1781,2206,425
LC279542_1,metacontig,1786,2212,426
st_R29_M117857_S1_1,metacontig,63,478,415
M12197_3,metacontig,1785,2210,425
LC036582_1,metacontig,1947,2376,429
st_R29_M389640_S1_1,metacontig,482,971,489
al_R29_M801_S1_6,metacontig,1090,1594,504
mm_R29_M57_S1_1,metacontig,67,501,434
st_R29_M450912_S1_1,metacontig,1,369,368
ar_R29_M4311_S1_1,metacontig,2495,2961,466
NC_010736_3,metacontig,2436,2863,427
KF961187_5,metacontig,2345,2744,399
MK512667_2,metacontig,1809,2235,426
KX505964_2,metacontig,2435,2858,423
st_R29_M447837_S1_1,metacontig,30,434,404
am_R29_M595_S1_5,metacontig,29,516,487
al_R29_M358_S1_1,metacontig,322,801,479
st_R29_M51405_S2_1,metacontig,203,616,413
NC_005904_3,metacontig,2306,2744,438
st_R29_M63763_S6_1,metacontig,2524,2942,418
AF538841_1,metacontig,1796,2221,425
NC_024769_3,metacontig,2348,2747,399
st_R29_M200488_S1_2,metacontig,1267,1755,488
NC_031688_1,metacontig,1441,1918,477
ar_R29_M8049_S1_13,metacontig,562,1074,512
ar_R29_M14136_S1_2,metacontig,335,821,486
LC552941_1,metacontig,2242,2681,439
mm_R29_M3740_S1_1,metacontig,76,439,363
mm_R29_M4371_S1_2,metacontig,1584,2035,451
st_R29_M38025_S2_2,metacontig,13,391,378
MF678307_1,metacontig,1765,2191,426
st_R29_M130236_S1_1,metacontig,1,326,325
st_R29_M403106_S1_1,metacontig,443,907,464
HQ738289_1,metacontig,1785,2210,425
MG720259_2,metacontig,1764,2189,425
HM245295_8,metacontig,325,796,471
st_R29_M315390_S1_1,metacontig,127,536,409
sp_R29_M710_S2_9,metacontig,57,475,418
NC_029309_1,metacontig,611,1049,438
JF838278_3,metacontig,1788,2213,425
AF465511_2,metacontig,1795,2220,425
FJ445160_1,metacontig,1743,2163,420
ar_R29_M21902_S1_5,metacontig,263,725,462
DQ473509_1,metacontig,1743,2163,420
KY369877_1,metacontig,1732,2156,424
st_R29_M42957_S1_2,metacontig,224,634,410
KF990476_1,metacontig,1780,2205,425
st_R29_M118644_S1_1,metacontig,30,436,406
ma_R29_M4757_S2_1,metacontig,165,527,362
ar_R29_M38096_S1_3,metacontig,270,631,361
sa_R29_M2651_S1_2,metacontig,13,490,477
AY302557_4,metacontig,1757,2182,425
KX162686_3,metacontig,1786,2211,425
st_R29_M63763_S73_1,metacontig,128,539,411
ar_R29_M8534_S1_1,metacontig,460,943,483
ar_R29_M29864_S1_1,metacontig,875,1357,482
JX275184_1,metacontig,1785,2210,425
MT005828_2,metacontig,2309,2726,417
fu_R29_M1260_S1_2,metacontig,143,620,477
st_R29_M17313_S15_4,metacontig,1045,1458,413
JF260918_2,metacontig,1791,2216,425
ar_R29_M8497_S1_6,metacontig,33,414,381
MT347976_3,metacontig,1769,2194,425
ar_R29_M15181_S1_1,metacontig,416,871,455
ar_R29_M40018_S1_10,metacontig,2546,2993,447
sa_R29_M2792_S1_3,metacontig,148,570,422
st_R29_M215655_S1_1,metacontig,1,387,386
st_R29_M395115_S1_4,metacontig,2431,2902,471
DQ473507_1,metacontig,1746,2169,423
ar_R29_M16441_S1_7,metacontig,2791,3245,454
mm_R29_M5309_S1_3,metacontig,1112,1587,475
st_R29_M209080_S1_1,metacontig,1,402,401
MF678312_2,metacontig,1779,2205,426
MH732737_2,metacontig,1796,2222,426
HQ415759_3,metacontig,1836,2249,413
fi_R29_M1347_S1_1,metacontig,1283,1718,435
st_R29_M406032_S1_1,metacontig,16,491,475
ar_R29_M40687_S1_4,metacontig,2699,3159,460
KR919804_2,metacontig,1845,2271,426
ar_R29_M15871_S1_1,metacontig,103,575,472
MG212487_2,metacontig,1786,2210,424
MN242373_9,metacontig,1943,2382,439
JF260923_1,metacontig,1793,2218,425
mm_R29_M6912_S5_1,metacontig,4,340,336
mm_R29_M6197_S1_4,metacontig,6,400,394
KU981083_1,metacontig,2300,2713,413
LR027550_5,metacontig,418,844,426
mm_R29_M4489_S1_2,metacontig,1558,2002,444
FJ914252_3,metacontig,1784,2209,425
sa_R29_M1366_S1_4,metacontig,1157,1594,437
KP289439_2,metacontig,1777,2203,426
FJ445125_1,metacontig,1734,2159,425
fi_R29_M715_S1_1,metacontig,1301,1704,403
MK167031_1,metacontig,1783,2212,429
KY981567_2,metacontig,1775,2201,426
st_R29_M358658_S8_12,metacontig,398,890,492
EF186077_1,metacontig,1757,2180,423
MN914204_2,metacontig,1791,2217,426
st_R29_M358662_S2_5,metacontig,296,775,479
fi_R29_M766_S1_1,metacontig,1743,2179,436
st_R29_M286910_S1_1,metacontig,145,642,497
DQ358078_1,metacontig,1786,2211,425
X04468_2,metacontig,1798,2223,425
MH752987_3,metacontig,1777,2207,430
DQ473511_1,metacontig,1782,2208,426
DQ473506_1,metacontig,1744,2168,424
LR897982_2,metacontig,1791,2202,411
ar_R29_M33563_S1_1,metacontig,2460,2926,466
mm_R29_M2838_S1_2,metacontig,1553,2059,506
FJ445136_1,metacontig,1771,2196,425
MK643150_3,metacontig,1602,2029,427
ar_R29_M36123_S1_1,metacontig,1083,1593,510
MF405191_3,metacontig,2484,2896,412
st_R29_M102437_S1_6,metacontig,2596,3038,442
JX976770_2,metacontig,1769,2194,425
st_R29_M393479_S1_10,metacontig,2365,2796,431
JN596588_3,metacontig,1757,2182,425
st_R29_M63763_S34_1,metacontig,1665,2083,418
st_R29_M363395_S1_1,metacontig,2511,2929,418
st_R29_M358646_S1_5,metacontig,510,1002,492
st_R29_M63763_S7_1,metacontig,2574,2995,421
st_R29_M33799_S1_3,metacontig,1899,2377,478
AB205396_4,metacontig,1791,2217,426
st_R29_M264669_S1_1,metacontig,158,635,477
ar_R29_M25789_S1_3,metacontig,2417,2895,478
ar_R29_M39305_S1_1,metacontig,1136,1672,536
MN914198_1,metacontig,1813,2238,425
st_R29_M355363_S1_2,metacontig,36,441,405
MT557572_2,metacontig,2543,2973,430
KF129411_1,metacontig,1790,2216,426
NC_039235_5,metacontig,2350,2749,399
mm_R29_M4355_S1_1,metacontig,22,427,405
ar_R29_M38657_S1_2,metacontig,2234,2698,464
MF973166_1,metacontig,1769,2194,425
ar_R29_M29046_S1_2,metacontig,1556,1982,426
MT814604_3,metacontig,1773,2199,426
ar_R29_M1631_S1_7,metacontig,1603,2028,425
KT633943_1,metacontig,2594,3026,432
KY369878_2,metacontig,1727,2141,414
st_R29_M63763_S39_1,metacontig,1494,1912,418
FJ445122_1,metacontig,1739,2164,425
MN749151_1,metacontig,1777,2202,425
NC_001859_4,metacontig,1756,2181,425
MG212429_1,metacontig,1796,2221,425
GQ323774_3,metacontig,1719,2142,423
st_R29_M408540_S1_1,metacontig,223,607,384
st_R29_M314236_S1_1,metacontig,29,411,382
ar_R29_M10645_S1_2,metacontig,296,778,482
mm_R29_M5165_S1_3,metacontig,1134,1599,465
st_R29_M171599_S1_1,metacontig,349,795,446
st_R29_M54601_S1_2,metacontig,12,324,312
JF260926_2,metacontig,1788,2214,426
AF524866_2,metacontig,1784,2209,425
st_R29_M358658_S5_7,metacontig,249,742,493
JQ397329_2,metacontig,1774,2199,425
KP984753_2,metacontig,1797,2222,425
am_R29_M471_S1_1,metacontig,718,1128,410
MK689071_1,metacontig,1789,2214,425
KT161266_1,metacontig,1783,2208,425
DQ995646_2,metacontig,1790,2216,426
ar_R29_M9684_S1_9,metacontig,1704,2137,433
NC_021786_1,metacontig,2306,2731,425
st_R29_M259961_S1_1,metacontig,2354,2752,398
ar_R29_M40298_S1_1,metacontig,1304,1783,479
st_R29_M22648_S3_1,metacontig,25,432,407
ar_R29_M31659_S1_1,metacontig,653,1069,416
AY421762_5,metacontig,1781,2210,429
KY792585_2,metacontig,1771,2196,425
EF582386_2,metacontig,1785,2208,423
NC_023858_6,metacontig,2416,2815,399
NC_038304_3,metacontig,1764,2160,396
ar_R29_M17825_S1_1,metacontig,1206,1689,483
MN722419_1,metacontig,2485,2899,414
st_R29_M315391_S1_1,metacontig,2425,2852,427
MH118077_1,metacontig,1779,2205,426
DQ341354_4,metacontig,1770,2196,426
sa_R29_M236_S1_4,metacontig,696,1104,408
mm_R29_M4941_S1_1,metacontig,4,345,341
st_R29_M237383_S4_2,metacontig,94,574,480
fi_R29_M989_S1_7,metacontig,480,926,446
LR027540_6,metacontig,1764,2190,426
ar_R29_M6981_S1_1,metacontig,548,1009,461
st_R29_M164655_S1_5,metacontig,243,699,456
KY703697_1,metacontig,1797,2209,412
st_R29_M211685_S8_2,metacontig,13,402,389
KP890662_2,metacontig,1753,2175,422
KJ807813_1,metacontig,2517,2935,418
ar_R29_M20599_S3_3,metacontig,142,632,490
MK286375_1,metacontig,2334,2774,440
FJ445175_1,metacontig,1742,2168,426
AY556057_2,metacontig,1775,2200,425
ar_R29_M41833_S1_8,metacontig,561,981,420
AY278553_2,metacontig,1787,2212,425
st_R29_M450742_S2_3,metacontig,80,493,413
MF678331_2,metacontig,1762,2187,425
sa_R29_M2567_S1_2,metacontig,1122,1531,409
st_R29_M63763_S8_1,metacontig,2567,2985,418
st_R29_M416789_S1_1,metacontig,1,400,399
fu_R29_M907_S75_1,metacontig,146,528,382
DQ995644_2,metacontig,1793,2217,424
AF499640_3,metacontig,1793,2218,425
KF781524_1,metacontig,1757,2182,425
st_R29_M401686_S1_7,metacontig,1100,1498,398
MH043137_1,metacontig,1780,2205,425
st_R29_M140140_S1_1,metacontig,17,367,350
MF678343_4,metacontig,1763,2187,424
AY302544_2,metacontig,1785,2210,425
NC_012698_1,metacontig,1861,2305,444
AJ312438_1,metacontig,2520,2931,411
KR815992_2,metacontig,1773,2199,426
ar_R29_M40709_S1_1,metacontig,635,1095,460
st_R29_M17313_S2_11,metacontig,2307,2720,413
mm_R29_M3664_S1_1,metacontig,447,918,471
AF268065_1,metacontig,1759,2185,426
st_R29_M119682_S1_1,metacontig,9,423,414
st_R29_M380858_S1_4,metacontig,250,759,509
KY941933_1,metacontig,1784,2209,425
ar_R29_M17553_S1_1,metacontig,1268,1679,411
st_R29_M111268_S1_1,metacontig,124,549,425
MH118064_3,metacontig,1779,2205,426
NC_001886_5,metacontig,2241,2668,427
ar_R29_M20011_S1_1,metacontig,2652,3138,486
KY855433_2,metacontig,1920,2349,429
NC_014411_7,metacontig,2132,2562,430
st_R29_M295992_S1_2,metacontig,198,659,461
st_R29_M367923_S1_1,metacontig,1663,2108,445
KF312882_1,metacontig,1769,2194,425
MN914203_2,metacontig,1789,2214,425
AF405669_1,metacontig,1788,2213,425
MH484164_1,metacontig,1802,2214,412
MN369044_2,metacontig,1762,2185,423
st_R29_M238366_S1_2,metacontig,131,599,468
AY421769_3,metacontig,1796,2222,426
AF114383_1,metacontig,1761,2187,426
st_R29_M89204_S1_8,metacontig,398,880,482
MH043136_2,metacontig,1769,2194,425
FJ445171_1,metacontig,1779,2205,426
st_R29_M426368_S1_2,metacontig,791,1280,489
FJ445118_2,metacontig,1775,2200,425
st_R29_M408381_S1_18,metacontig,1227,1723,496
AY302543_3,metacontig,1802,2227,425
KU586450_2,metacontig,2333,2771,438
ch_R29_M90_S1_3,metacontig,1219,1685,466
mm_R29_M3077_S1_1,metacontig,52,522,470
st_R29_M67007_S1_7,metacontig,1123,1580,457
ar_R29_M623_S1_2,metacontig,132,481,349
st_R29_M205188_S1_5,metacontig,714,1085,371
MN688647_2,metacontig,2386,2830,444
AY302546_2,metacontig,1760,2185,425
mm_R29_M5767_S1_1,metacontig,230,637,407
MN749140_2,metacontig,1797,2222,425
st_R29_M197519_S1_1,metacontig,187,677,490
KY941934_1,metacontig,1784,2210,426
ar_R29_M31732_S1_2,metacontig,860,1310,450
mm_R29_M4132_S1_1,metacontig,941,1405,464
st_R29_M314197_S1_1,metacontig,998,1460,462
ar_R29_M13405_S1_1,metacontig,33,385,352
st_R29_M354819_S1_1,metacontig,352,744,392
AF311939_1,metacontig,1758,2183,425
st_R29_M406069_S1_2,metacontig,10,346,336
MF678316_2,metacontig,1796,2221,425
ar_R29_M11236_S1_2,metacontig,1335,1780,445
MK561970_2,metacontig,1229,1692,463
st_R29_M133251_S1_1,metacontig,16,362,346
ar_R29_M22830_S1_9,metacontig,1210,1691,481
NC_009805_2,metacontig,2315,2764,449
MT081367_3,metacontig,1778,2204,426
KJ957190_1,metacontig,1769,2194,425
AY302549_2,metacontig,1768,2193,425
st_R29_M319606_S1_4,metacontig,305,751,446
ar_R29_M41373_S1_1,metacontig,5,469,464
st_R29_M358658_S9_9,metacontig,64,556,492
AY421764_2,metacontig,1773,2199,426
MH152412_2,metacontig,1771,2196,425
AY556070_1,metacontig,1779,2205,426
MN914201_2,metacontig,1787,2213,426
KP984754_2,metacontig,1803,2229,426
KY242358_3,metacontig,2467,2881,414
MT814605_3,metacontig,1773,2199,426
st_R29_M355345_S1_1,metacontig,257,738,481
AF465518_4,metacontig,1800,2225,425
MK262742_3,metacontig,61,496,435
mm_R29_M7664_S1_1,metacontig,1427,1900,473
HM185055_2,metacontig,1766,2191,425
KU161399_3,metacontig,1788,2213,425
ar_R29_M30599_S2_3,metacontig,998,1469,471
ar_R29_M25483_S1_2,metacontig,980,1462,482
st_R29_M281316_S1_2,metacontig,1533,2005,472
MF678309_2,metacontig,1775,2200,425
MN481403_2,metacontig,1815,2241,426
st_R29_M331339_S1_7,metacontig,2277,2749,472
st_R29_M358658_S1_7,metacontig,1213,1704,491
ar_R29_M7069_S1182_2,metacontig,265,713,448
KX171336_3,metacontig,1767,2192,425
st_R29_M122667_S1_10,metacontig,1192,1650,458
MK512668_2,metacontig,1805,2230,425
EU914918_2,metacontig,2240,2668,428
MN580136_2,metacontig,1776,2201,425
ar_R29_M3570_S1_3,metacontig,1479,1934,455
MH229997_2,metacontig,1782,2206,424
AB039780_1,metacontig,1238,1678,440
AY843298_2,metacontig,1778,2203,425
EF026081_2,metacontig,1793,2218,425
ar_R29_M36350_S2_15,metacontig,1145,1638,493
st_R29_M447845_S1_1,metacontig,12,424,412
FJ445143_1,metacontig,1741,2167,426
mm_R29_M1889_S1_2,metacontig,1200,1686,486
KM609479_2,metacontig,1769,2198,429
st_R29_M113846_S1_1,metacontig,45,475,430
AF311938_1,metacontig,1768,2193,425
MN914199_1,metacontig,1786,2211,425
st_R29_M314235_S1_3,metacontig,2502,2950,448
JX569712_1,metacontig,1824,2236,412
ch_R29_M107_S1_4,metacontig,964,1433,469
NC_031687_3,metacontig,1430,1908,478
ar_R29_M7069_S1328_1,metacontig,77,525,448
AY843301_2,metacontig,1786,2211,425
sa_R29_M216_S1_1,metacontig,4,369,365
LR027549_4,metacontig,1497,1923,426
ar_R29_M2498_S67_1,metacontig,1169,1608,439
MT250510_2,metacontig,1903,2305,402
NC_018506_1,metacontig,1906,2331,425
DQ995636_1,metacontig,1793,2218,425
st_R29_M96557_S1_1,metacontig,144,617,473
ar_R29_M6481_S1_1,metacontig,3,347,344
NC_018613_1,metacontig,1156,1626,470
MH614924_2,metacontig,1809,2235,426
NC_029306_1,metacontig,1399,1859,460
KX162680_2,metacontig,1814,2239,425
st_R29_M326728_S1_1,metacontig,981,1449,468
st_R29_M339862_S1_5,metacontig,274,672,398
ar_R29_M7069_S1313_1,metacontig,99,547,448
ar_R29_M6657_S1_4,metacontig,4,450,446
ar_R29_M36711_S1_2,metacontig,2464,2940,476
AF448783_2,metacontig,1798,2210,412
HM777023_2,metacontig,1763,2189,426
MG253034_2,metacontig,1767,2193,426
st_R29_M25008_S1_1,metacontig,9,337,328
DQ473486_2,metacontig,1791,2213,422
st_R29_M402487_S1_4,metacontig,548,1022,474
AY302542_2,metacontig,1783,2208,425
MF973199_4,metacontig,1240,1669,429
LC424104_2,metacontig,1234,1706,472
st_R29_M326661_S1_4,metacontig,169,654,485
MH118035_2,metacontig,1795,2221,426
MG602229_2,metacontig,2443,2873,430
KP638484_2,metacontig,1786,2211,425
AY843299_3,metacontig,1768,2193,425
ar_R29_M33561_S1_2,metacontig,239,671,432
MN181513_2,metacontig,1758,2183,425
X67706_3,metacontig,1769,2194,425
mm_R29_M4436_S4_1,metacontig,402,800,398
KY369885_1,metacontig,1742,2167,425
fi_R29_M1747_S3_1,metacontig,13,381,368
ar_R29_M36315_S1_1,metacontig,20,458,438
MG982664_2,metacontig,1822,2246,424
AY421768_2,metacontig,1763,2189,426
JX644073_2,metacontig,1793,2218,425
KU955338_4,metacontig,1897,2311,414
KP289436_2,metacontig,1783,2208,425
MG451806_3,metacontig,1769,2194,425
st_R29_M226466_S1_3,metacontig,1048,1470,422
st_R29_M137818_S1_1,metacontig,393,859,466
ar_R29_M41248_S1_2,metacontig,1079,1477,398
MG451804_1,metacontig,1769,2194,425
ma_R29_M163_S30_5,metacontig,601,1027,426
FJ445181_1,metacontig,1739,2164,425
fu_R29_M5451_S1_1,metacontig,5,326,321
ar_R29_M7069_S1560_1,metacontig,17,332,315
KF958309_2,metacontig,1767,2190,423
am_R29_M321_S1_3,metacontig,860,1319,459
EF667344_3,metacontig,1768,2195,427
MH118084_2,metacontig,1779,2205,426
MF678296_1,metacontig,1775,2200,425
mm_R29_M1664_S1_1,metacontig,1328,1805,477
KM077140_3,metacontig,1771,2196,425
AJ293918_1,metacontig,1784,2209,425
MF043119_1,metacontig,1765,2190,425
JX898907_1,metacontig,1766,2192,426
AY302540_2,metacontig,1775,2201,426
MH118031_1,metacontig,1768,2193,425
ar_R29_M37860_S1_1,metacontig,541,1020,479
NC_012801_3,metacontig,1748,2121,373
st_R29_M177842_S1_1,metacontig,6,354,348
ar_R29_M42186_S1_7,metacontig,1648,2115,467
ar_R29_M27857_S1_2,metacontig,2252,2734,482
JF260925_1,metacontig,1792,2217,425
FJ445128_1,metacontig,1739,2164,425
MG602234_1,metacontig,2459,2898,439
KP289365_2,metacontig,1774,2199,425
MK159694_2,metacontig,1781,2201,420
am_R29_M72_S1_2,metacontig,117,540,423
mm_R29_M7814_S1_3,metacontig,850,1311,461
AY843297_2,metacontig,1769,2194,425
MN427525_2,metacontig,1771,2198,427
ar_R29_M24871_S1_2,metacontig,31,432,401
st_R29_M430593_S1_2,metacontig,115,609,494
ar_R29_M7069_S1376_1,metacontig,27,471,444
ar_R29_M22407_S1_1,metacontig,58,454,396
ar_R29_M1552_S1_2,metacontig,929,1409,480
MN964077_3,metacontig,1785,2210,425
st_R29_M432314_S1_2,metacontig,13,420,407
st_R29_M355360_S1_2,metacontig,28,448,420
KF958310_1,metacontig,1741,2145,404
MN914202_2,metacontig,1789,2209,420
st_R29_M101321_S1_1,metacontig,28,379,351
st_R29_M72369_S1_1,metacontig,217,691,474
AY875692_2,metacontig,1767,2191,424
MN914197_3,metacontig,1786,2211,425
MN749147_2,metacontig,1764,2189,425
JQ929657_2,metacontig,1779,2204,425
ar_R29_M38157_S1_1,metacontig,818,1230,412
AF083069_2,metacontig,1771,2196,425
st_R29_M178911_S1_7,metacontig,554,973,419
AY773285_3,metacontig,1768,2193,425
KU707902_1,metacontig,1764,2189,425
GU390707_1,metacontig,1784,2209,425
KY888274_2,metacontig,1780,2206,426
MG451810_2,metacontig,1774,2180,406
st_R29_M113777_S2_4,metacontig,321,795,474
MT814408_2,metacontig,1773,2199,426
AB426610_4,metacontig,1769,2194,425
MK106196_3,metacontig,1773,2199,426
st_R29_M131537_S1_1,metacontig,12,358,346
ar_R29_M9907_S1_1,metacontig,382,873,491
st_R29_M360402_S1_2,metacontig,2436,2859,423
MK658831_2,metacontig,1784,2210,426
KY941935_2,metacontig,1877,2302,425
AY843305_2,metacontig,1794,2219,425
st_R29_M358628_S1_2,metacontig,2,333,331
ar_R29_M7069_S222_12,metacontig,1400,1839,439
ar_R29_M8598_S1_2,metacontig,1462,1959,497
FJ360546_3,metacontig,1767,2193,426
ar_R29_M35460_S1_1,metacontig,46,519,473
MH118026_1,metacontig,1769,2194,425
DQ995637_1,metacontig,1805,2218,413
MH144605_2,metacontig,1784,2209,425
KP289440_2,metacontig,1776,2202,426
st_R29_M274210_S1_1,metacontig,2,415,413
MT731332_2,metacontig,1237,1676,439
KC832502_3,metacontig,2521,2932,411
fi_R29_M803_S1_7,metacontig,356,835,479
st_R29_M410002_S1_8,metacontig,104,594,490
AY843303_2,metacontig,1773,2198,425
MG451808_1,metacontig,1767,2192,425
FJ445187_1,metacontig,1763,2184,421
KP289433_1,metacontig,1756,2182,426
FJ172447_1,metacontig,1768,2193,425
KX774483_1,metacontig,1769,2194,425
KP262053_2,metacontig,1778,2204,426
AF081485_3,metacontig,1789,2196,407
DQ995645_2,metacontig,1790,2216,426
ar_R29_M21337_S1_11,metacontig,670,1126,456
ar_R29_M7069_S1198_1,metacontig,309,757,448
AY302541_2,metacontig,1781,2206,425
MK069966_1,metacontig,1774,2199,425
MT860988_1,metacontig,2447,2920,473
MT416538_2,metacontig,765,1242,477
st_R29_M202411_S1_3,metacontig,13,427,414
EF173423_1,metacontig,1787,2209,422
AY302539_2,metacontig,1791,2216,425
ar_R29_M33325_S1_1,metacontig,212,683,471
st_R29_M272295_S1_1,metacontig,252,728,476
KY981565_2,metacontig,1776,2201,425
EU812514_3,metacontig,1765,2191,426
ar_R29_M7069_S88_9,metacontig,1926,2433,507
MN657230_1,metacontig,1776,2201,425
AY843307_1,metacontig,1763,2188,425
ar_R29_M507_S1_6,metacontig,1647,2073,426
KP266571_1,metacontig,1768,2194,426
st_R29_M311547_S1_1,metacontig,108,562,454
st_R29_M354840_S1_1,metacontig,17,405,388
AJ849942_2,metacontig,1769,2194,425
mm_R29_M6558_S1_1,metacontig,467,872,405
ar_R29_M7069_S1257_1,metacontig,234,682,448
sa_R29_M1257_S1_2,metacontig,2281,2709,428
LC126146_4,metacontig,1769,2199,430
AY843306_2,metacontig,1772,2197,425
ma_R29_M1515_S2_3,metacontig,1777,2204,427
KY369904_2,metacontig,1764,2189,425
st_R29_M374207_S1_1,metacontig,1085,1541,456
al_R29_M167_S1_2,metacontig,2,353,351
MH144606_1,metacontig,1790,2216,426
AB747374_2,metacontig,1770,2196,426
st_R29_M323795_S1_3,metacontig,487,927,440
KR091311_1,metacontig,2307,2739,432
NC_038306_2,metacontig,1763,2189,426
MH144601_2,metacontig,1770,2195,425
ar_R29_M12678_S1_1,metacontig,16,384,368
ar_R29_M33547_S1_7,metacontig,1955,2436,481
ma_R29_M4394_S1_1,metacontig,1783,2209,426
sa_R29_M2462_S1_1,metacontig,1273,1745,472
KC880382_3,metacontig,1788,2213,425
st_R29_M212643_S1_1,metacontig,1490,1960,470
MH043135_1,metacontig,1768,2194,426
ar_R29_M32675_S1_1,metacontig,11,387,376
HM775882_3,metacontig,1785,2210,425
FJ445146_1,metacontig,1748,2163,415
st_R29_M37336_S2_1,metacontig,208,615,407
AB769164_1,metacontig,1792,2217,425
st_R29_M426199_S1_1,metacontig,247,632,385
st_R29_M441803_S2_1,metacontig,18,371,353
MH144600_1,metacontig,1771,2196,425
KC238669_3,metacontig,1789,2214,425
ar_R29_M7069_S1184_1,metacontig,284,732,448
AY843300_1,metacontig,1770,2195,425
st_R29_M402498_S1_1,metacontig,378,861,483
KY271949_3,metacontig,1803,2229,426
MF678340_4,metacontig,1774,2199,425
FJ445144_1,metacontig,1784,2210,426
AY302551_3,metacontig,1769,2194,425
fi_R29_M1402_S1_1,metacontig,2,401,399
ar_R29_M30356_S1_5,metacontig,118,620,502
ar_R29_M41097_S1_1,metacontig,418,873,455
st_R29_M365786_S1_2,metacontig,1123,1571,448
KX810066_2,metacontig,1810,2234,424
NC_024120_4,metacontig,2417,2841,424
AY302547_2,metacontig,1796,2222,426
ar_R29_M13917_S1_2,metacontig,1850,2318,468
NC_018572_4,metacontig,2434,2860,426
JN205461_1,metacontig,1732,2143,411
mm_R29_M6432_S1_1,metacontig,259,713,454
JX017383_2,metacontig,1796,2222,426
ar_R29_M7069_S509_3,metacontig,1562,2049,487
st_R29_M182845_S1_4,metacontig,98,622,524
KT965725_1,metacontig,1795,2220,425
KF501389_3,metacontig,1779,2205,426
fi_R29_M957_S1_7,metacontig,1130,1620,490
ar_R29_M24548_S1_1,metacontig,11,425,414
AY302550_5,metacontig,1767,2192,425
HQ728260_3,metacontig,1784,2210,426
MG982663_2,metacontig,1786,2212,426
st_R29_M96549_S1_5,metacontig,1702,2147,445
ar_R29_M25056_S1_3,metacontig,52,483,431
st_R29_M69213_S2_1,metacontig,302,757,455
JF260922_2,metacontig,1793,2218,425
sa_R29_M1841_S1_3,metacontig,1813,2203,390
st_R29_M13221_S2_1,metacontig,1249,1635,386
st_R29_M184687_S1_1,metacontig,86,554,468
MF678337_2,metacontig,1782,2208,426
ar_R29_M35183_S1_1,metacontig,452,943,491
EF667343_3,metacontig,1760,2187,427
AY302552_3,metacontig,1778,2203,425
st_R29_M355361_S1_13,metacontig,2446,2874,428
st_R29_M13114_S1_2,metacontig,127,533,406
st_R29_M272284_S1_1,metacontig,90,584,494
st_R29_M209314_S1_1,metacontig,85,575,490
ar_R29_M38455_S1_3,metacontig,536,952,416
KP266568_3,metacontig,1778,2203,425
JX476161_1,metacontig,1760,2185,425
ar_R29_M7094_S1_3,metacontig,2421,2882,461
mm_R29_M2497_S1_1,metacontig,1143,1616,473
FJ445156_1,metacontig,1754,2165,411
AB192877_2,metacontig,1767,2193,426
AY843308_2,metacontig,1811,2237,426
MK791150_4,metacontig,1793,2217,424
MT814608_3,metacontig,1773,2199,426
MK012537_3,metacontig,1762,2187,425
KJ857508_1,metacontig,1790,2216,426
ar_R29_M10292_S1_2,metacontig,1314,1775,461
ar_R29_M2799_S1_1,metacontig,51,478,427
AY302560_3,metacontig,1800,2225,425
AF241359_2,metacontig,1800,2225,425
ar_R29_M27692_S1_1,metacontig,2407,2892,485
MH144604_1,metacontig,1768,2193,425
DQ473492_1,metacontig,1738,2164,426
ma_R29_M1466_S1_1,metacontig,227,725,498
ar_R29_M38356_S1_1,metacontig,956,1426,470
ar_R29_M35982_S1_10,metacontig,1991,2481,490
KX610685_2,metacontig,1784,2210,426
st_R29_M402496_S1_3,metacontig,745,1226,481
NC_001490_2,metacontig,1786,2209,423
KC897073_1,metacontig,1767,2193,426
FJ445161_2,metacontig,1803,2213,410
KY369299_7,metacontig,2464,2887,423
MT396083_1,metacontig,2592,3049,457
KF537633_1,metacontig,1801,2226,425
NC_033793_8,metacontig,2550,2974,424
MF678333_3,metacontig,1764,2190,426
st_R29_M63763_S29_10,metacontig,1010,1431,421
st_R29_M447831_S1_3,metacontig,2470,2884,414
KC292019_3,metacontig,1803,2229,426
ar_R29_M41956_S1_4,metacontig,2522,2991,469
KU935739_1,metacontig,1236,1676,440
fi_R29_M1277_S1_1,metacontig,105,561,456
JN596587_1,metacontig,1789,2214,425
MF083153_3,metacontig,1773,2199,426
MH118029_3,metacontig,1772,2198,426
ar_R29_M39198_S1_1,metacontig,3,419,416
AY843304_3,metacontig,1760,2186,426
FJ445188_2,metacontig,1813,2213,400
KP289442_2,metacontig,1784,2210,426
GU550508_3,metacontig,1759,2183,424
MK904598_1,metacontig,1884,2271,387
ar_R29_M17603_S1_2,metacontig,208,676,468
ar_R29_M15599_S1_1,metacontig,729,1195,466
mm_R29_M905_S1_1,metacontig,1569,2035,466
JX017380_2,metacontig,1769,2194,425
MN481500_6,metacontig,1771,2196,425
NC_035458_1,metacontig,2539,2970,431
mm_R29_M8226_S1_2,metacontig,336,825,489
st_R29_M184817_S1_1,metacontig,2676,3171,495
st_R29_M281317_S1_1,metacontig,1534,1984,450
st_R29_M393478_S1_2,metacontig,360,792,432
AY421767_2,metacontig,1779,2205,426
mm_R29_M2525_S1_2,metacontig,9,402,393
ar_R29_M19984_S1_1,metacontig,1974,2458,484
st_R29_M82761_S1_1,metacontig,4,299,295
MF678347_1,metacontig,1757,2182,425
ar_R29_M32545_S1_1,metacontig,14,350,336
ma_R29_M6285_S1_7,metacontig,1771,2198,427
ar_R29_M3482_S1_7,metacontig,552,1026,474
ma_R29_M1515_S1_3,metacontig,1777,2204,427
st_R29_M336228_S1_2,metacontig,1121,1539,418
MF678300_2,metacontig,1763,2189,426
FJ445173_1,metacontig,1762,2190,428
MH118025_2,metacontig,1770,2195,425
st_R29_M225945_S1_8,metacontig,2374,2799,425
st_R29_M327064_S1_1,metacontig,2,391,389
ar_R29_M7265_S1_2,metacontig,1740,2214,474
st_R29_M103309_S1_2,metacontig,18,364,346
KT006374_1,metacontig,1757,2183,426
st_R29_M15067_S1_5,metacontig,1387,1851,464
st_R29_M122740_S1_1,metacontig,1363,1844,481
GU942820_4,metacontig,1777,2203,426
NC_024070_4,metacontig,2078,2495,417
MH118085_3,metacontig,1776,2202,426
AB426609_2,metacontig,1804,2229,425
MK791151_2,metacontig,1766,2191,425
NC_027122_1,metacontig,1453,1891,438
ar_R29_M18228_S1_1,metacontig,2477,2946,469
mm_R29_M1103_S1_2,metacontig,225,678,453
MF678310_1,metacontig,1762,2188,426
JX476169_2,metacontig,1774,2199,425
GU942822_3,metacontig,1775,2201,426
ar_R29_M22390_S1_1,metacontig,5,390,385
ar_R29_M41956_S8_2,metacontig,711,1182,471
MN823681_2,metacontig,1475,1960,485
st_R29_M74672_S1_3,metacontig,10,401,391
AF326754_1,metacontig,1763,2189,426
KU566507_2,metacontig,1764,2189,425
st_R29_M317240_S1_2,metacontig,5,349,344
KF958308_3,metacontig,1790,2212,422
st_R29_M171634_S1_1,metacontig,132,547,415
st_R29_M87714_S10_2,metacontig,1653,2119,466
AB705311_2,metacontig,1766,2191,425
MK800121_1,metacontig,1769,2194,425
KR706309_3,metacontig,1773,2199,426
LN854562_2,metacontig,1756,2182,426
st_R29_M209069_S1_1,metacontig,11,361,350
am_R29_M433_S1_1,metacontig,525,939,414
ar_R29_M12305_S1_1,metacontig,1303,1775,472
ar_R29_M37803_S1_1,metacontig,1745,2230,485
NC_008580_5,metacontig,1415,1854,439
ma_R29_M5862_S1_4,metacontig,655,1123,468
st_R29_M124295_S1_1,metacontig,47,387,340
st_R29_M4505_S47_2,metacontig,47,387,340
MT681985_2,metacontig,1735,2143,408
FJ445178_1,metacontig,1754,2168,414
MH144607_1,metacontig,1776,2201,425
st_R29_M431811_S1_1,metacontig,51,391,340
JF260917_1,metacontig,1800,2216,416
FJ445131_2,metacontig,1739,2165,426
MH118054_2,metacontig,1779,2205,426
ar_R29_M41133_S1_1,metacontig,1,399,398
mm_R29_M261_S1_1,metacontig,500,921,421
KP137550_7,metacontig,1483,1923,440
MH752986_2,metacontig,1787,2212,425
ar_R29_M20189_S1_1,metacontig,1395,1872,477
KJ786965_2,metacontig,2448,2889,441
mm_R29_M4706_S3_1,metacontig,395,820,425
MF678320_1,metacontig,1784,2209,425
MK800120_3,metacontig,1783,2208,425
st_R29_M262723_S1_1,metacontig,3,345,342
ar_R29_M34482_S8_5,metacontig,50,422,372
ar_R29_M25932_S1_6,metacontig,709,1152,443
AF105342_3,metacontig,1758,2183,425
ar_R29_M10855_S1_2,metacontig,218,556,338
EF173414_1,metacontig,1732,2158,426
st_R29_M129323_S2_6,metacontig,498,941,443
st_R29_M26092_S1_1,metacontig,2,346,344
st_R29_M381762_S1_1,metacontig,1015,1513,498
st_R29_M18646_S1_2,metacontig,2,356,354
mm_R29_M460_S1_1,metacontig,134,544,410
fi_R29_M1244_S1_2,metacontig,10,415,405
AB039777_1,metacontig,1236,1676,440
MT317174_3,metacontig,1329,1857,528
st_R29_M69212_S1_2,metacontig,102,547,445
st_R29_M145501_S1_7,metacontig,1502,1988,486
st_R29_M353606_S1_1,metacontig,215,639,424
st_R29_M4505_S34_2,metacontig,47,387,340
st_R29_M381213_S1_1,metacontig,9,334,325
st_R29_M119920_S1_1,metacontig,1464,1947,483
ch_R29_M317_S1_2,metacontig,1231,1705,474
st_R29_M277569_S1_1,metacontig,416,890,474
GQ865517_2,metacontig,1798,2219,421
ma_R29_M6732_S1_5,metacontig,1495,1920,425
MF085000_1,metacontig,2605,3085,480
D00627_3,metacontig,1791,2215,424
st_R29_M182820_S1_1,metacontig,308,666,358
FJ445190_1,metacontig,1737,2163,426
st_R29_M387629_S1_3,metacontig,345,795,450
MN590273_2,metacontig,1764,2189,425
ar_R29_M32103_S1_1,metacontig,12,442,430
ar_R29_M15692_S1_3,metacontig,2516,2987,471
KY981578_1,metacontig,1776,2201,425
ar_R29_M17278_S1_1,metacontig,2466,2944,478
st_R29_M297543_S1_3,metacontig,242,642,400
sp_R29_M305_S1_1,metacontig,21,319,298
MN166093_4,metacontig,1781,2206,425
MN166092_2,metacontig,1764,2189,425
st_R29_M212297_S1_4,metacontig,444,914,470
MH745407_2,metacontig,1770,2196,426
mm_R29_M4948_S2_1,metacontig,85,537,452
MN964082_3,metacontig,1774,2199,425
MF678338_3,metacontig,1761,2189,428
DQ473512_1,metacontig,1727,2153,426
LK021688_3,metacontig,1793,2219,426
JX678288_1,metacontig,1789,2212,423
MF678342_2,metacontig,1774,2199,425
ar_R29_M7069_S284_1,metacontig,2556,2998,442
ar_R29_M20292_S1_2,metacontig,2125,2588,463
st_R29_M15219_S1_3,metacontig,440,913,473
st_R29_M272289_S1_6,metacontig,1592,2067,475
ar_R29_M25835_S1_3,metacontig,60,530,470
MG780414_3,metacontig,1758,2183,425
st_R29_M263241_S1_7,metacontig,1203,1656,453
AY302556_5,metacontig,1755,2180,425
st_R29_M308554_S1_6,metacontig,1248,1729,481
am_R29_M63_S1_1,metacontig,14,380,366
KY888273_1,metacontig,1775,2200,425
st_R29_M52909_S1_3,metacontig,1588,2067,479
MF678348_4,metacontig,1769,2194,425
JX854435_2,metacontig,1769,2194,425
ma_R29_M2915_S1_2,metacontig,2183,2628,445
MN164688_1,metacontig,1760,2185,425
ar_R29_M7069_S1521_1,metacontig,17,439,422
st_R29_M23291_S3_1,metacontig,24,355,331
ar_R29_M7069_S1010_1,metacontig,783,1231,448
MH614925_2,metacontig,1795,2220,425
MN306034_1,metacontig,1758,2181,423
ar_R29_M33990_S1_1,metacontig,1091,1565,474
JX047864_5,metacontig,1415,1855,440
X84981_3,metacontig,1795,2220,425
EF174469_1,metacontig,1762,2187,425
AY843302_3,metacontig,1774,2199,425
st_R29_M393564_S1_1,metacontig,71,482,411
MK904605_1,metacontig,1812,2220,408
KJ196297_1,metacontig,1237,1676,439
NC_019712_2,metacontig,1479,1923,444
ar_R29_M20599_S1_10,metacontig,1130,1615,485
mm_R29_M1204_S1_7,metacontig,3,359,356
MH118024_2,metacontig,1772,2198,426
ar_R29_M9290_S1_1,metacontig,1289,1770,481
ar_R29_M24469_S1_1,metacontig,769,1240,471
ar_R29_M21094_S1_1,metacontig,1883,2355,472
AY421766_4,metacontig,1773,2198,425
KY012321_3,metacontig,1776,2202,426
mm_R29_M837_S1_1,metacontig,1304,1764,460
st_R29_M137827_S1_4,metacontig,4,359,355
st_R29_M209068_S1_1,metacontig,11,361,350
ar_R29_M12966_S1_1,metacontig,65,536,471
ar_R29_M7069_S1196_1,metacontig,312,760,448
mm_R29_M3092_S1_1,metacontig,443,916,473
MN841301_2,metacontig,1432,1888,456
st_R29_M69058_S1_3,metacontig,1175,1688,513
DQ534205_2,metacontig,1781,2206,425
st_R29_M355508_S10_1,metacontig,1113,1535,422
st_R29_M45929_S1_1,metacontig,4,356,352
ar_R29_M11091_S1_1,metacontig,370,822,452
JF905564_3,metacontig,1772,2198,426
mm_R29_M4629_S1_3,metacontig,1282,1748,466
sa_R29_M599_S1_1,metacontig,114,536,422
st_R29_M71896_S1_1,metacontig,8,343,335
FJ445151_1,metacontig,1791,2213,422
st_R29_M136574_S1_4,metacontig,1366,1831,465
ma_R29_M2445_S1_1,metacontig,2026,2492,466
ar_R29_M37067_S1_6,metacontig,1412,1844,432
FJ445134_1,metacontig,1779,2204,425
st_R29_M118387_S1_18,metacontig,2649,3133,484
ar_R29_M25184_S1_2,metacontig,89,533,444
MN749146_3,metacontig,1764,2189,425
KM269481_6,metacontig,1416,1856,440
ar_R29_M1626_S3_2,metacontig,142,497,355
KP289364_3,metacontig,1792,2218,426
st_R29_M265238_S1_2,metacontig,93,572,479
st_R29_M239691_S1_1,metacontig,163,659,496
MN369041_2,metacontig,1772,2180,408
ar_R29_M36344_S1_6,metacontig,1968,2450,482
st_R29_M72970_S1_3,metacontig,788,1248,460
NC_022332_2,metacontig,1825,2256,431
MG720261_1,metacontig,1776,2189,413
DQ473491_1,metacontig,1746,2169,423
NC_024488_2,metacontig,1584,2010,426
NC_024768_7,metacontig,2344,2743,399
NC_001472_4,metacontig,1760,2184,424
ar_R29_M42450_S1_2,metacontig,784,1253,469
DQ473500_1,metacontig,1737,2163,426
MN749159_3,metacontig,1782,2207,425
NC_025961_1,metacontig,1736,2140,404
mm_R29_M5577_S1_5,metacontig,1176,1642,466
ar_R29_M35386_S1_1,metacontig,827,1251,424
st_R29_M441521_S1_1,metacontig,28,431,403
st_R29_M363569_S1_2,metacontig,307,800,493
KT353723_3,metacontig,1780,2207,427
st_R29_M69213_S1_1,metacontig,1789,2241,452
ar_R29_M29791_S1_6,metacontig,2544,3013,469
MN369037_1,metacontig,1744,2169,425
st_R29_M307236_S1_2,metacontig,1720,2162,442
ma_R29_M163_S3_9,metacontig,1783,2209,426
KF114860_3,metacontig,2484,2887,403
ar_R29_M32041_S1_1,metacontig,575,1044,469
ar_R29_M19326_S1_5,metacontig,1150,1607,457
KR061300_3,metacontig,2317,2759,442
st_R29_M312082_S1_2,metacontig,2,371,369
st_R29_M263180_S1_7,metacontig,1253,1735,482
am_R29_M180_S1_1,metacontig,2,353,351
MH144598_2,metacontig,1797,2222,425
st_R29_M137825_S1_7,metacontig,1197,1646,449
am_R29_M453_S1_1,metacontig,1151,1637,486
ar_R29_M29791_S4_1,metacontig,1173,1641,468
mm_R29_M5225_S1_5,metacontig,1016,1512,496
FJ445155_1,metacontig,1806,2211,405
MG957117_2,metacontig,1767,2193,426
AB647321_1,metacontig,1770,2194,424
ar_R29_M10976_S1_2,metacontig,156,640,484
mm_R29_M5537_S1_13,metacontig,646,1107,461
ar_R29_M7069_S1403_2,metacontig,82,559,477
st_R29_M137831_S1_1,metacontig,7,410,403
MK117063_1,metacontig,1151,1606,455
MK682510_1,metacontig,2535,2982,447
st_R29_M339865_S1_2,metacontig,1056,1494,438
MN749142_2,metacontig,1782,2207,425
MN597453_1,metacontig,1771,2196,425
NC_035455_8,metacontig,1800,2288,488
st_R29_M16835_S1_4,metacontig,93,510,417
st_R29_M295822_S1_1,metacontig,493,970,477
st_R29_M185946_S1_1,metacontig,3,343,340
NC_034206_2,metacontig,1840,2232,392
ar_R29_M9245_S1_1,metacontig,2418,2884,466
LC506514_4,metacontig,1771,2196,425
ar_R29_M23324_S1_1,metacontig,213,685,472
KJ755190_4,metacontig,1791,2197,406
ar_R29_M42342_S1_4,metacontig,1976,2444,468
KY369902_1,metacontig,1804,2206,402
MN749143_1,metacontig,1763,2189,426
ar_R29_M28314_S1_2,metacontig,1055,1527,472
fi_R29_M1681_S1_23,metacontig,1226,1719,493
AY421763_3,metacontig,1765,2191,426
st_R29_M60154_S1_1,metacontig,268,690,422
MG756705_3,metacontig,1766,2191,425
ar_R29_M7069_S1082_1,metacontig,264,729,465
ar_R29_M19682_S6_4,metacontig,695,1127,432
ar_R29_M13012_S2_1,metacontig,204,683,479
AB039782_1,metacontig,1241,1681,440
FJ445164_1,metacontig,1759,2180,421
MF678311_2,metacontig,1766,2191,425
LC369228_1,metacontig,1248,1679,431
ar_R29_M41956_S2_1,metacontig,2517,2987,470
ar_R29_M40327_S1_5,metacontig,1450,1919,469
JF260924_1,metacontig,1850,2262,412
st_R29_M407507_S1_1,metacontig,2397,2829,432
st_R29_M39698_S1_12,metacontig,1593,2078,485
AF326764_2,metacontig,1784,2197,413
ar_R29_M41906_S1_2,metacontig,1449,1896,447
st_R29_M315385_S1_3,metacontig,2468,2877,409
mm_R29_M4948_S3_1,metacontig,464,915,451
fu_R29_M1466_S1_2,metacontig,529,1017,488
ar_R29_M40239_S1_2,metacontig,523,991,468
ar_R29_M14336_S1_1,metacontig,387,868,481
NC_040836_1,metacontig,2300,2714,414
KY369884_2,metacontig,1762,2191,429
st_R29_M259700_S1_2,metacontig,1,420,419
st_R29_M85549_S1_2,metacontig,219,614,395
ar_R29_M29985_S1_2,metacontig,15,338,323
AM182028_1,metacontig,2465,2912,447
ar_R29_M31396_S1_2,metacontig,1595,2071,476
MG602235_2,metacontig,2457,2892,435
sa_R29_M1969_S1_5,metacontig,2121,2588,467
mm_R29_M6797_S1_1,metacontig,88,543,455
st_R29_M407534_S1_2,metacontig,134,540,406
KX060810_2,metacontig,1764,2190,426
ar_R29_M42229_S1_2,metacontig,2468,2947,479
NC_038301_3,metacontig,2520,2991,471
fi_R29_M1768_S1_1,metacontig,905,1393,488
mm_R29_M1829_S1_5,metacontig,43,411,368
ar_R29_M5834_S1_4,metacontig,2506,2983,477
st_R29_M436910_S1_5,metacontig,2495,2966,471
DQ995643_2,metacontig,1792,2217,425
MT372476_1,metacontig,1339,1776,437
GQ415051_1,metacontig,1761,2160,399
MN203191_4,metacontig,2326,2769,443
st_R29_M336425_S1_1,metacontig,148,598,450
KC811837_2,metacontig,2320,2748,428
FJ445140_1,metacontig,1789,2192,403
ar_R29_M41279_S1_8,metacontig,381,852,471
st_R29_M184686_S1_10,metacontig,259,713,454
MT357993_1,metacontig,1329,1766,437
st_R29_M96556_S1_3,metacontig,684,1168,484
st_R29_M57098_S1_1,metacontig,110,587,477
MN823682_7,metacontig,1252,1734,482
FJ445152_1,metacontig,1747,2172,425
ar_R29_M7069_S1065_2,metacontig,306,798,492
ma_R29_M3869_S1_1,metacontig,438,820,382
MN314969_1,metacontig,2317,2783,466
st_R29_M233703_S1_1,metacontig,383,844,461
ar_R29_M7069_S887_2,metacontig,1195,1690,495
mm_R29_M7628_S2_1,metacontig,490,970,480
st_R29_M181230_S1_2,metacontig,260,730,470
ar_R29_M171_S1_1,metacontig,205,678,473
al_R29_M385_S1_2,metacontig,213,659,446
st_R29_M124636_S1_1,metacontig,3,415,412
DQ473488_1,metacontig,1790,2214,424
mm_R29_M5990_S1_7,metacontig,1359,1831,472
DQ473502_1,metacontig,1739,2164,425
ma_R29_M3376_S1_1,metacontig,1835,2230,395
st_R29_M299278_S1_1,metacontig,256,739,483
ar_R29_M4227_S1_1,metacontig,13,429,416
DQ473497_2,metacontig,1737,2162,425
st_R29_M226416_S1_12,metacontig,73,514,441
MT372469_1,metacontig,1338,1775,437
mm_R29_M2396_S1_1,metacontig,288,743,455
BK011042_1,metacontig,1582,2060,478
st_R29_M324578_S1_2,metacontig,355,762,407
st_R29_M308168_S1_1,metacontig,629,1068,439
FJ445114_1,metacontig,1753,2166,413
st_R29_M273886_S1_3,metacontig,152,625,473
sa_R29_M587_S1_1,metacontig,550,960,410
st_R29_M72328_S1_1,metacontig,11,366,355
NC_012798_1,metacontig,1736,2109,373
ar_R29_M26789_S1_6,metacontig,1222,1693,471
mm_R29_M351_S1_1,metacontig,482,927,445
st_R29_M442463_S1_3,metacontig,281,678,397
JX294351_3,metacontig,1873,2257,384
st_R29_M71891_S1_1,metacontig,153,474,321
st_R29_M19956_S1_3,metacontig,6,376,370
st_R29_M436913_S1_1,metacontig,86,550,464
NC_017967_1,metacontig,2438,2890,452
MK204481_2,metacontig,2620,3056,436
ar_R29_M13199_S1_1,metacontig,23,376,353
ar_R29_M34371_S2_2,metacontig,2602,3057,455
mm_R29_M4907_S1_1,metacontig,115,538,423
ar_R29_M7069_S1263_1,metacontig,120,597,477
MN807750_1,metacontig,1834,2229,395
NC_004013_2,metacontig,2338,2816,478
fi_R29_M1903_S1_2,metacontig,791,1220,429
JQ613567_3,metacontig,1234,1666,432
ma_R29_M3376_S2_8,metacontig,1835,2230,395
st_R29_M268499_S1_2,metacontig,12,412,400
st_R29_M295944_S1_1,metacontig,601,1074,473
fi_R29_M959_S1_2,metacontig,696,1112,416
st_R29_M222313_S1_1,metacontig,4,387,383
NC_022802_5,metacontig,1953,2362,409
M22458_4,metacontig,1901,2305,404
ar_R29_M41534_S1_3,metacontig,2531,3012,481
ma_R29_M3376_S3_1,metacontig,1141,1536,395
NC_034444_4,metacontig,1444,1884,440
ar_R29_M18710_S1_2,metacontig,1597,2036,439
ma_R29_M3384_S1_2,metacontig,390,796,406
MN102111_3,metacontig,1735,2143,408
ar_R29_M42760_S1_1,metacontig,1867,2346,479
NC_040716_1,metacontig,2618,3122,504
fi_R29_M939_S1_1,metacontig,502,903,401
st_R29_M50552_S1_2,metacontig,111,495,384
fi_R29_M914_S2_4,metacontig,461,912,451
st_R29_M161645_S1_2,metacontig,866,1358,492
ar_R29_M7069_S786_5,metacontig,798,1246,448
NC_022745_1,metacontig,2264,2689,425
MH188008_1,metacontig,2775,3279,504
ma_R29_M4895_S1_3,metacontig,1932,2335,403
MF356497_2,metacontig,2578,3016,438
FJ445150_1,metacontig,1751,2175,424
BK011046_1,metacontig,1582,2059,477
st_R29_M42119_S1_2,metacontig,15,321,306
DQ294633_3,metacontig,1903,2306,403
LC466941_2,metacontig,2444,2868,424
mm_R29_M6225_S1_3,metacontig,1151,1605,454
KR018369_1,metacontig,1852,2231,379
am_R29_M125_S1_5,metacontig,2102,2499,397
fi_R29_M1178_S1_5,metacontig,518,999,481
al_R29_M449_S1_2,metacontig,4,344,340
ar_R29_M27559_S1_7,metacontig,2479,2939,460
ar_R29_M19682_S7_1,metacontig,991,1418,427
MK904607_1,metacontig,1906,2278,372
st_R29_M436925_S1_4,metacontig,168,635,467
mm_R29_M2668_S1_1,metacontig,1990,2452,462
mm_R29_M2869_S1_1,metacontig,419,877,458
ar_R29_M41139_S1_5,metacontig,2184,2625,441
sa_R29_M592_S1_4,metacontig,2394,2817,423
AF093797_1,metacontig,1324,1761,437
st_R29_M436962_S1_1,metacontig,1530,1981,451
ar_R29_M7069_S617_9,metacontig,976,1449,473
st_R29_M213361_S1_1,metacontig,1193,1673,480
MW080377_2,metacontig,1781,2206,425
MT372474_2,metacontig,1337,1773,436
ar_R29_M13345_S1_7,metacontig,929,1403,474
st_R29_M53301_S1_4,metacontig,2690,3187,497
mm_R29_M7628_S1_2,metacontig,1140,1620,480
ar_R29_M34145_S1_6,metacontig,1792,2235,443
FJ445185_1,metacontig,1739,2164,425
MK689070_2,metacontig,1784,2187,403
MN853134_3,metacontig,1833,2228,395
mm_R29_M3641_S1_1,metacontig,1618,2081,463
st_R29_M374279_S1_15,metacontig,2491,2917,426
ar_R29_M43638_S1_2,metacontig,1628,2106,478
st_R29_M188878_S1_2,metacontig,391,856,465
GQ223229_2,metacontig,1761,2190,429
mm_R29_M6893_S1_1,metacontig,1278,1735,457
MT499387_4,metacontig,1903,2305,402
ar_R29_M14609_S1_1,metacontig,1746,2200,454
NC_024471_3,metacontig,2241,2667,426
NC_007522_2,metacontig,1083,1556,473
st_R29_M353619_S1_1,metacontig,220,561,341
st_R29_M253516_S1_3,metacontig,1282,1740,458
st_R29_M210538_S1_8,metacontig,1597,2073,476
st_R29_M86_S1_1,metacontig,1594,2068,474
ar_R29_M15026_S1_4,metacontig,3,359,356
st_R29_M47585_S1_1,metacontig,1479,1939,460
MN738554_2,metacontig,1615,2047,432
ar_R29_M41363_S1_3,metacontig,993,1466,473
EF193004_2,metacontig,1418,1858,440
mm_R29_M4948_S1_6,metacontig,1560,1999,439
NC_004016_4,metacontig,1652,2054,402
st_R29_M38947_S1_6,metacontig,1588,2063,475
NC_044856_2,metacontig,1339,1776,437
ar_R29_M27145_S1_1,metacontig,18,370,352
LC342058_1,metacontig,1325,1762,437
st_R29_M4414_S10_1,metacontig,3,378,375
DQ473493_1,metacontig,1744,2167,423
st_R29_M295991_S1_2,metacontig,1293,1740,447
mm_R29_M5011_S1_1,metacontig,410,886,476
mm_R29_M1004_S1_1,metacontig,1048,1519,471
KY312544_1,metacontig,1967,2358,391
NC_023987_1,metacontig,2136,2573,437
FJ445120_1,metacontig,1778,2203,425
ar_R29_M6120_S1_1,metacontig,1329,1747,418
st_R29_M416634_S1_1,metacontig,5,430,425
mm_R29_M4310_S1_9,metacontig,72,542,470
st_R29_M390490_S1_1,metacontig,322,675,353
MN823680_2,metacontig,2706,3186,480
mm_R29_M3661_S1_1,metacontig,2,349,347
st_R29_M426356_S1_1,metacontig,1031,1498,467
MW298059_8,metacontig,1811,2226,415
AB039774_2,metacontig,1327,1764,437
KJ881010_2,metacontig,1847,2226,379
NC_018400_3,metacontig,2060,2493,433
KX231802_5,metacontig,1902,2306,404
KJ196290_1,metacontig,1245,1677,432
EF173425_1,metacontig,1777,2182,405
ar_R29_M10358_S1_2,metacontig,5,375,370
st_R29_M167144_S1_1,metacontig,20,387,367
st_R29_M115688_S1_2,metacontig,1811,2287,476
sa_R29_M2146_S1_1,metacontig,2215,2637,422
KP289435_3,metacontig,1769,2198,429
KY369887_1,metacontig,1775,2200,425
st_R29_M57095_S1_1,metacontig,19,360,341
MN841302_1,metacontig,1467,1924,457
st_R29_M319297_S1_2,metacontig,21,377,356
FJ445127_1,metacontig,1747,2166,419
ar_R29_M5682_S1_3,metacontig,2486,2960,474
AY421761_1,metacontig,1791,2217,426
st_R29_M366372_S1_1,metacontig,318,788,470
AF356822_3,metacontig,1901,2305,404
FJ445169_2,metacontig,1811,2217,406
MK561968_1,metacontig,1146,1594,448
ar_R29_M36180_S1_1,metacontig,39,433,394
JX989075_3,metacontig,1236,1676,440
st_R29_M27830_S1_1,metacontig,9,361,352
st_R29_M320998_S1_4,metacontig,109,536,427
st_R29_M348398_S1_1,metacontig,607,1043,436
NC_039209_2,metacontig,1874,2256,382
ar_R29_M38808_S1_4,metacontig,1189,1647,458
ar_R29_M24925_S1_1,metacontig,2339,2811,472
LC386152_2,metacontig,1847,2228,381
MH218656_1,metacontig,1328,1765,437
st_R29_M76414_S1_1,metacontig,164,607,443
mm_R29_M321_S1_1,metacontig,1132,1576,444
NC_019031_3,metacontig,2375,2799,424
al_R29_M537_S1_2,metacontig,187,648,461
MH218723_2,metacontig,1302,1776,474
ar_R29_M29163_S1_3,metacontig,138,557,419
ar_R29_M37690_S1_8,metacontig,1384,1857,473
MK189163_2,metacontig,2115,2550,435
ar_R29_M29627_S1_3,metacontig,2489,2956,467
st_R29_M64253_S1_3,metacontig,22,400,378
ri_R29_M24_S1_1,metacontig,5,441,436
st_R29_M276646_S1_1,metacontig,34,397,363
ar_R29_M38181_S1_2,metacontig,2369,2843,474
MN788417_4,metacontig,2261,2667,406
st_R29_M176022_S1_3,metacontig,1459,1922,463
st_R29_M2112_S1_4,metacontig,3,397,394
am_R29_M349_S1_1,metacontig,2059,2439,380
mm_R29_M7451_S1_3,metacontig,785,1248,463
DQ473508_1,metacontig,1769,2194,425
st_R29_M255366_S1_1,metacontig,2,382,380
KC667563_2,metacontig,1847,2228,381
ar_R29_M43816_S1_1,metacontig,14,456,442
fi_R29_M914_S1_11,metacontig,1888,2339,451
ar_R29_M29645_S1_1,metacontig,16,376,360
am_R29_M441_S1_2,metacontig,1930,2310,380
ar_R29_M3539_S1_2,metacontig,103,542,439
NC_040675_3,metacontig,1121,1624,503
st_R29_M259729_S1_2,metacontig,144,525,381
ar_R29_M7069_S984_1,metacontig,799,1247,448
MN218779_2,metacontig,1902,2321,419
KF311743_4,metacontig,1791,2217,426
st_R29_M441508_S1_1,metacontig,184,671,487
ar_R29_M7069_S102_1,metacontig,2471,2963,492
st_R29_M87116_S1_1,metacontig,2,347,345
ar_R29_M7069_S66_20,metacontig,1441,1917,476
LC496784_1,metacontig,2338,2817,479
MF373609_4,metacontig,1174,1614,440
NC_027917_1,metacontig,2648,3104,456
MN122335_4,metacontig,1232,1669,437
mm_R29_M7855_S1_2,metacontig,1239,1685,446
st_R29_M381005_S1_4,metacontig,1374,1820,446
FJ445170_1,metacontig,1741,2162,421
st_R29_M216659_S2_1,metacontig,1121,1592,471
ar_R29_M14078_S1_5,metacontig,1669,2124,455
KX356608_4,metacontig,1756,2156,400
mm_R29_M5887_S1_4,metacontig,867,1305,438
NC_001959_1,metacontig,1329,1766,437
mm_R29_M2776_S1_1,metacontig,1568,2029,461
am_R29_M575_S1_1,metacontig,557,963,406
fu_R29_M1345_S1_16,metacontig,1523,1985,462
ar_R29_M42037_S1_1,metacontig,1252,1752,500
st_R29_M196031_S1_1,metacontig,319,778,459
st_R29_M209748_S1_14,metacontig,871,1266,395
st_R29_M406047_S1_2,metacontig,2,375,373
MH118041_4,metacontig,1804,2230,426
LR027533_4,metacontig,1776,2202,426
ar_R29_M13185_S1_1,metacontig,407,922,515
st_R29_M426345_S1_1,metacontig,18,362,344
st_R29_M71597_S3_1,metacontig,238,696,458
ar_R29_M7069_S1411_1,metacontig,197,573,376
MT372477_1,metacontig,1337,1765,428
NC_003985_2,metacontig,1849,2228,379
fu_R29_M4273_S1_4,metacontig,1027,1492,465
st_R29_M9005_S1_3,metacontig,146,457,311
ar_R29_M13646_S1_2,metacontig,522,999,477
FJ445186_1,metacontig,1802,2208,406
MT372465_2,metacontig,1328,1765,437
KX686489_1,metacontig,1835,2230,395
ar_R29_M42201_S1_1,metacontig,652,1156,504
sa_R29_M67_S1_2,metacontig,1177,1620,443
mm_R29_M3845_S1_2,metacontig,12,354,342
ar_R29_M36438_S1_2,metacontig,2425,2916,491
KC757344_1,metacontig,1836,2231,395
KC507895_1,metacontig,1765,2191,426
MF362994_3,metacontig,2606,3005,399
KM873617_1,metacontig,1828,2223,395
ar_R29_M20233_S1_6,metacontig,484,960,476
ar_R29_M7069_S259_7,metacontig,2559,3036,477
st_R29_M310942_S1_4,metacontig,136,568,432
st_R29_M24941_S1_3,metacontig,565,1042,477
MN784123_3,metacontig,1716,2108,392
ar_R29_M33165_S1_5,metacontig,2564,3020,456
FJ445162_1,metacontig,1777,2177,400
LC386155_2,metacontig,1867,2244,377
st_R29_M363398_S1_10,metacontig,270,735,465
MN547968_2,metacontig,1897,2310,413
st_R29_M108998_S1_3,metacontig,25,383,358
st_R29_M30497_S2_2,metacontig,154,622,468
st_R29_M200475_S1_21,metacontig,1163,1610,447
DQ473494_1,metacontig,1736,2160,424
ar_R29_M23085_S1_3,metacontig,1000,1486,486
KJ495728_2,metacontig,1304,1745,441
JX443418_6,metacontig,1948,2365,417
st_R29_M89215_S1_11,metacontig,210,680,470
ar_R29_M37348_S1_1,metacontig,11,451,440
D31836_3,metacontig,1302,1745,443
JQ429405_2,metacontig,1836,2230,394
FJ445149_1,metacontig,1799,2211,412
st_R29_M411441_S1_5,metacontig,12,431,419
LC386156_1,metacontig,1867,2249,382
MT080321_4,metacontig,1875,2303,428
AY560115_1,metacontig,1302,1745,443
st_R29_M308552_S1_4,metacontig,1577,2061,484
ar_R29_M8626_S1_2,metacontig,12,442,430
ar_R29_M33932_S1_1,metacontig,201,671,470
st_R29_M102569_S1_6,metacontig,108,516,408
st_R29_M94693_S1_2,metacontig,117,542,425
ma_R29_M915_S1_2,metacontig,1172,1551,379
st_R29_M363572_S1_1,metacontig,22,442,420
st_R29_M250048_S1_1,metacontig,1381,1860,479
ar_R29_M12217_S1_3,metacontig,50,465,415
MN823678_1,metacontig,2599,3053,454
AY823305_2,metacontig,1231,1671,440
sa_R29_M1253_S1_6,metacontig,2552,3018,466
LC484284_4,metacontig,1696,2137,441
ar_R29_M6684_S1_3,metacontig,110,540,430
st_R29_M69327_S1_1,metacontig,17,382,365
st_R29_M254758_S4_1,metacontig,356,832,476
st_R29_M117685_S1_2,metacontig,359,843,484
st_R29_M156789_S1_9,metacontig,1621,2085,464
st_R29_M201011_S1_14,metacontig,1253,1731,478
st_R29_M23078_S1_1,metacontig,30,342,312
mm_R29_M29_S1_1,metacontig,16,403,387
MN908340_2,metacontig,1284,1725,441
fi_R29_M1851_S1_1,metacontig,11,363,352
DQ268580_3,metacontig,1881,2257,376
st_R29_M76364_S1_1,metacontig,1,313,312
st_R29_M88556_S1_1,metacontig,208,671,463
sa_R29_M568_S1_2,metacontig,1214,1679,465
ar_R29_M5611_S1_1,metacontig,617,1082,465
sa_R29_M206_S1_6,metacontig,804,1259,455
NC_039088_2,metacontig,1857,2260,403
st_R29_M245051_S1_1,metacontig,2233,2606,373
st_R29_M171608_S1_3,metacontig,1687,2160,473
st_R29_M366397_S1_1,metacontig,437,893,456
AB187514_1,metacontig,1339,1776,437
NC_032126_4,metacontig,1960,2372,412
ar_R29_M21475_S1_1,metacontig,232,707,475
st_R29_M293575_S1_1,metacontig,138,624,486
st_R29_M47386_S1_3,metacontig,2661,3149,488
MH697610_1,metacontig,2695,3124,429
fi_R29_M1530_S1_12,metacontig,1912,2361,449
st_R29_M122132_S1_2,metacontig,25,380,355
st_R29_M366399_S1_1,metacontig,319,790,471
KT354870_3,metacontig,1770,2196,426
st_R29_M209302_S2_9,metacontig,589,1063,474
ar_R29_M31300_S1_4,metacontig,47,537,490
ro_R29_M125_S1_17,metacontig,1389,1868,479
LN854563_1,metacontig,1325,1762,437
st_R29_M310924_S1_2,metacontig,1090,1522,432
st_R29_M234183_S1_1,metacontig,29,389,360
st_R29_M441506_S1_2,metacontig,1887,2316,429
mm_R29_M5431_S2_2,metacontig,448,916,468
mm_R29_M879_S1_1,metacontig,8,332,324
st_R29_M121453_S1_1,metacontig,15,376,361
st_R29_M410462_S1_3,metacontig,88,538,450
ar_R29_M15426_S1_2,metacontig,408,801,393
ar_R29_M18100_S1_1,metacontig,688,1166,478
DQ473504_1,metacontig,1761,2162,401
st_R29_M346680_S1_3,metacontig,29,401,372
mm_R29_M3920_S4_5,metacontig,106,610,504
st_R29_M226778_S1_1,metacontig,40,515,475
ar_R29_M11256_S1_2,metacontig,81,529,448
am_R29_M424_S1_2,metacontig,158,560,402
GU568096_3,metacontig,1771,2177,406
sa_R29_M1668_S1_1,metacontig,18,382,364
ar_R29_M11104_S1_3,metacontig,525,1012,487
st_R29_M332703_S2_1,metacontig,12,361,349
sa_R29_M210_S1_1,metacontig,7,373,366
st_R29_M18685_S1_1,metacontig,8,369,361
NC_040594_7,metacontig,1577,2025,448
st_R29_M410044_S2_1,metacontig,266,689,423
ar_R29_M42955_S2_9,metacontig,1582,2056,474
st_R29_M291443_S1_1,metacontig,756,1226,470
st_R29_M380867_S1_9,metacontig,126,569,443
HM596590_1,metacontig,1237,1677,440
FJ445172_3,metacontig,1801,2208,407
ar_R29_M5258_S1_6,metacontig,1827,2292,465
st_R29_M167065_S1_10,metacontig,303,754,451
st_R29_M54388_S1_2,metacontig,2625,3095,470
AY126474_6,metacontig,1232,1669,437
NC_035183_7,metacontig,1654,2107,453
st_R29_M26838_S1_1,metacontig,1785,2225,440
st_R29_M71597_S1_15,metacontig,1176,1633,457
MT029316_1,metacontig,1238,1678,440
st_R29_M2958_S1_1,metacontig,129,443,314
FJ445112_3,metacontig,1807,2213,406
KC748420_4,metacontig,1742,2167,425
MK965973_3,metacontig,2387,2827,440
JN859128_2,metacontig,1850,2231,381
mm_R29_M6971_S1_1,metacontig,1327,1802,475
NC_005903_4,metacontig,2320,2822,502
st_R29_M51604_S1_1,metacontig,81,521,440
st_R29_M162041_S1_1,metacontig,104,446,342
mm_R29_M2489_S1_1,metacontig,1239,1692,453
MH218730_2,metacontig,1338,1776,438
NC_035182_8,metacontig,1623,2079,456
MH379332_3,metacontig,2444,2882,438
mm_R29_M6675_S1_6,metacontig,1054,1492,438
st_R29_M436911_S1_3,metacontig,2407,2871,464
KF306213_1,metacontig,1238,1678,440
ar_R29_M7069_S234_1,metacontig,2698,3086,388
st_R29_M235396_S1_1,metacontig,931,1426,495
KM873616_1,metacontig,1830,2223,393
JF317016_2,metacontig,1760,2167,407
st_R29_M118710_S1_4,metacontig,1147,1616,469
KF920739_1,metacontig,1237,1677,440
EU542581_4,metacontig,1906,2324,418
ar_R29_M28955_S2_1,metacontig,39,503,464
MF139053_7,metacontig,1888,2304,416
st_R29_M407248_S1_5,metacontig,11,376,365
ar_R29_M17648_S1_2,metacontig,2307,2737,430
st_R29_M368372_S1_1,metacontig,643,1118,475
st_R29_M114492_S1_1,metacontig,18,396,378
AY237415_2,metacontig,1238,1678,440
ar_R29_M24200_S1_11,metacontig,1875,2329,454
M20562_3,metacontig,1903,2320,417
mm_R29_M1547_S1_4,metacontig,1318,1813,495
KY369888_1,metacontig,1780,2203,423
st_R29_M318255_S2_3,metacontig,427,807,380
HQ392821_2,metacontig,1234,1674,440
st_R29_M61901_S1_2,metacontig,1958,2404,446
MK965971_2,metacontig,2261,2687,426
st_R29_M118857_S1_1,metacontig,949,1407,458
st_R29_M9050_S1_2,metacontig,5,427,422
NC_011050_1,metacontig,1415,1856,441
MK867378_3,metacontig,1297,1740,443
MK443503_1,metacontig,1927,2318,391
st_R29_M212676_S1_15,metacontig,1075,1519,444
NC_001617_1,metacontig,1747,2166,419
MT031988_1,metacontig,1339,1776,437
mm_R29_M551_S1_2,metacontig,163,603,440
ar_R29_M30599_S3_1,metacontig,2564,3035,471
MK962352_7,metacontig,1459,1897,438
st_R29_M10562_S1_3,metacontig,1625,2101,476
mm_R29_M2790_S1_1,metacontig,1038,1527,489
st_R29_M89460_S2_1,metacontig,38,382,344
mm_R29_M3847_S1_2,metacontig,89,599,510
ma_R29_M93_S1_9,metacontig,1930,2304,374
st_R29_M355384_S1_5,metacontig,1700,2188,488
ar_R29_M22673_S1_1,metacontig,27,408,381
MN116648_4,metacontig,2086,2501,415
MT023104_1,metacontig,1793,2212,419
ar_R29_M12337_S1_6,metacontig,1864,2337,473
NC_040642_1,metacontig,1844,2250,406
st_R29_M209302_S1_6,metacontig,1467,1941,474
NC_044046_1,metacontig,1233,1673,440
MN312220_2,metacontig,1716,2108,392
ar_R29_M7093_S1_2,metacontig,2249,2706,457
NC_003501_2,metacontig,2357,2774,417
JX519211_3,metacontig,1309,1744,435
MT457853_3,metacontig,1676,2063,387
ar_R29_M12136_S1_3,metacontig,2517,3009,492
mm_R29_M1359_S1_3,metacontig,1055,1514,459
KY855435_5,metacontig,2094,2514,420
mm_R29_M2846_S1_8,metacontig,1076,1544,468
st_R29_M184723_S1_2,metacontig,1538,2057,519
ar_R29_M28955_S1_1,metacontig,2570,3047,477
ar_R29_M15886_S6_2,metacontig,259,745,486
MF327534_5,metacontig,1774,2178,404
ar_R29_M10475_S1_2,metacontig,242,618,376
am_R29_M236_S1_1,metacontig,11,442,431
ar_R29_M27577_S1_5,metacontig,49,489,440
JQ622197_1,metacontig,1238,1678,440
st_R29_M80117_S1_2,metacontig,1884,2300,416
MT160419_1,metacontig,1891,2266,375
MT353901_3,metacontig,2795,3254,459
ar_R29_M23137_S1_1,metacontig,18,431,413
mm_R29_M6102_S2_1,metacontig,15,353,338
MT008250_3,metacontig,1301,1744,443
st_R29_M417053_S1_3,metacontig,2151,2637,486
st_R29_M110122_S1_7,metacontig,1506,1967,461
st_R29_M239605_S1_1,metacontig,1329,1809,480
st_R29_M439205_S1_1,metacontig,1625,2103,478
AY560116_1,metacontig,1302,1745,443
HM181996_4,metacontig,1904,2322,418
ar_R29_M24350_S1_3,metacontig,1328,1800,472
DQ424892_2,metacontig,1301,1745,444
MH976711_6,metacontig,1911,2332,421
st_R29_M417040_S1_2,metacontig,413,884,471
mm_R29_M4057_S1_11,metacontig,1224,1712,488
st_R29_M380964_S1_8,metacontig,1331,1798,467
st_R29_M105352_S1_1,metacontig,2,357,355
ar_R29_M19287_S1_3,metacontig,1761,2254,493
ma_R29_M5256_S1_2,metacontig,26,423,397
LC209450_2,metacontig,1234,1674,440
MN866905_2,metacontig,2660,3121,461
JX519212_2,metacontig,1302,1745,443
st_R29_M146899_S1_9,metacontig,1218,1642,424
ar_R29_M5408_S1_2,metacontig,1100,1585,485
ar_R29_M22895_S1_2,metacontig,983,1452,469
st_R29_M101963_S1_1,metacontig,578,1019,441
AB426611_1,metacontig,1764,2189,425
st_R29_M141698_S1_1,metacontig,37,435,398
mm_R29_M3564_S1_4,metacontig,20,487,467
mm_R29_M5568_S1_6,metacontig,1361,1794,433
NC_039004_2,metacontig,2362,2776,414
NC_012799_2,metacontig,2372,2806,434
ar_R29_M33166_S1_2,metacontig,1,320,319
ar_R29_M7069_S825_7,metacontig,102,579,477
st_R29_M215916_S1_1,metacontig,355,825,470
MH620820_1,metacontig,33,447,414
NC_023988_1,metacontig,1816,2220,404
MN764361_2,metacontig,2192,2635,443
ar_R29_M38099_S1_5,metacontig,2716,3201,485
KP987265_1,metacontig,1303,1741,438
ar_R29_M12142_S1_3,metacontig,2199,2669,470
mm_R29_M3920_S1_3,metacontig,406,910,504
HQ652539_6,metacontig,1948,2367,419
mm_R29_M4684_S1_1,metacontig,67,512,445
st_R29_M43267_S1_1,metacontig,15,362,347
st_R29_M265849_S1_1,metacontig,105,532,427
ar_R29_M14447_S1_2,metacontig,3,345,342
mm_R29_M1813_S1_1,metacontig,298,761,463
FJ537137_1,metacontig,1238,1678,440
al_R29_M489_S1_1,metacontig,4,338,334
MF327533_3,metacontig,1766,2178,412
st_R29_M401656_S1_3,metacontig,223,744,521
ex_R29_M186_S14_2,metacontig,565,1051,486
st_R29_M210545_S1_1,metacontig,17,337,320
ar_R29_M4109_S1_1,metacontig,1081,1538,457
KY934262_2,metacontig,1339,1776,437
MT372463_2,metacontig,1302,1776,474
KT206207_2,metacontig,1302,1740,438
EU718733_5,metacontig,1886,2303,417
JQ801739_3,metacontig,1779,2191,412
ar_R29_M29193_S1_5,metacontig,1981,2457,476
st_R29_M258074_S1_1,metacontig,4,372,368
KJ196288_2,metacontig,1236,1676,440
LR897978_6,metacontig,1802,2230,428
st_R29_M74693_S1_3,metacontig,256,726,470
MH311882_1,metacontig,2601,3034,433
KM873612_1,metacontig,1831,2232,401
AB365435_2,metacontig,1238,1678,440
st_R29_M26724_S1_1,metacontig,1,355,354
st_R29_M308555_S1_30,metacontig,1246,1725,479
FJ445142_1,metacontig,1741,2162,421
MN212904_2,metacontig,1795,2206,411
st_R29_M399743_S1_1,metacontig,11,318,307
FJ445124_2,metacontig,1806,2212,406
ar_R29_M21088_S2_3,metacontig,1718,2192,474
MN181514_3,metacontig,1757,2183,426
ar_R29_M24339_S1_1,metacontig,53,464,411
fi_R29_M1373_S1_12,metacontig,1213,1652,439
ar_R29_M21088_S1_7,metacontig,294,778,484
NC_014137_1,metacontig,2530,2995,465
ar_R29_M42122_S1_4,metacontig,1167,1685,518
KX815169_2,metacontig,1304,1743,439
mm_R29_M2077_S1_1,metacontig,82,468,386
st_R29_M326667_S1_23,metacontig,1440,1912,472
MG706448_1,metacontig,1235,1674,439
am_R29_M382_S1_2,metacontig,9,306,297
MK033133_3,metacontig,1405,1835,430
st_R29_M310959_S1_1,metacontig,4,437,433
st_R29_M272339_S1_1,metacontig,266,734,468
NC_003983_4,metacontig,2160,2580,420
st_R29_M152510_S1_4,metacontig,18,467,449
ar_R29_M20988_S1_5,metacontig,74,508,434
st_R29_M88136_S1_1,metacontig,3,366,363
mm_R29_M2113_S1_2,metacontig,1116,1567,451
AY134748_1,metacontig,1238,1678,440
EF165067_3,metacontig,1905,2323,418
ar_R29_M30155_S2_6,metacontig,1404,1812,408
st_R29_M298301_S1_2,metacontig,2,324,322
fi_R29_M511_S1_6,metacontig,627,1076,449
ex_R29_M186_S10_1,metacontig,1432,1918,486
st_R29_M51296_S1_2,metacontig,642,1045,403
mm_R29_M2073_S1_1,metacontig,22,422,400
ar_R29_M15489_S1_1,metacontig,49,424,375
fi_R29_M1715_S1_3,metacontig,844,1297,453
mm_R29_M2488_S1_7,metacontig,1048,1543,495
KX371573_1,metacontig,1302,1743,441
ex_R29_M186_S2_10,metacontig,881,1367,486
ar_R29_M7069_S1596_1,metacontig,3,278,275
ar_R29_M43921_S1_2,metacontig,205,625,420
st_R29_M61851_S1_2,metacontig,201,550,349
fi_R29_M1971_S1_6,metacontig,827,1271,444
NC_040832_2,metacontig,2607,3109,502
AB983594_6,metacontig,1903,2321,418
st_R29_M110692_S1_1,metacontig,6,355,349
AY560113_2,metacontig,1302,1744,442
ma_R29_M264_S1_2,metacontig,613,995,382
st_R29_M65416_S1_1,metacontig,3,297,294
st_R29_M226468_S1_1,metacontig,6,374,368
MG708279_3,metacontig,1740,2136,396
st_R29_M113993_S6_2,metacontig,14,318,304
ar_R29_M7069_S199_6,metacontig,1719,2192,473
al_R29_M868_S1_2,metacontig,137,517,380
MF327531_6,metacontig,1793,2204,411
AF091736_4,metacontig,1417,1823,406
ex_R29_M186_S13_3,metacontig,1031,1517,486
NC_005136_4,metacontig,2243,2665,422
KU373057_3,metacontig,1302,1745,443
NC_044855_1,metacontig,1224,1664,440
ar_R29_M30302_S1_1,metacontig,745,1194,449
NC_038317_2,metacontig,1832,2231,399
st_R29_M364443_S1_7,metacontig,178,675,497
st_R29_M209313_S1_1,metacontig,386,875,489
sa_R29_M2239_S1_3,metacontig,1740,2135,395
ar_R29_M33288_S4_1,metacontig,8,334,326
NC_002551_3,metacontig,1416,1855,439
KM873615_1,metacontig,1832,2232,400
st_R29_M123025_S1_3,metacontig,109,536,427
KT000003_1,metacontig,1309,1745,436
ar_R29_M606_S1_1,metacontig,34,453,419
NC_023638_4,metacontig,2136,2550,414
st_R29_M326672_S1_9,metacontig,1145,1583,438
st_R29_M365089_S1_1,metacontig,2,332,330
ar_R29_M15886_S5_1,metacontig,1977,2463,486
ex_R29_M186_S12_3,metacontig,1153,1639,486
KM016908_1,metacontig,1309,1743,434
ar_R29_M7069_S1020_1,metacontig,666,1144,478
KM589358_6,metacontig,1833,2248,415
MN447470_1,metacontig,1236,1676,440
mm_R29_M7546_S1_21,metacontig,1793,2254,461
st_R29_M307234_S1_3,metacontig,1611,2014,403
NC_024767_4,metacontig,1753,2147,394
JF813004_2,metacontig,1921,2339,418
MN912824_3,metacontig,1287,1728,441
ar_R29_M15172_S1_3,metacontig,2370,2844,474
MH320558_1,metacontig,1444,1984,540
mm_R29_M3627_S1_12,metacontig,1278,1744,466
st_R29_M95720_S1_2,metacontig,130,578,448
st_R29_M188904_S1_2,metacontig,1,318,317
MT577805_2,metacontig,2612,3117,505
st_R29_M60834_S1_8,metacontig,932,1402,470
KC835209_2,metacontig,1302,1744,442
ex_R29_M186_S5_2,metacontig,2588,3074,486
ex_R29_M186_S6_2,metacontig,2588,3074,486
mm_R29_M3847_S2_7,metacontig,999,1491,492
NC_005281_1,metacontig,1238,1673,435
ar_R29_M24743_S1_2,metacontig,1209,1640,431
mm_R29_M7076_S2_3,metacontig,32,366,334
ex_R29_M186_S3_1,metacontig,2598,3084,486
LC556994_3,metacontig,1777,2191,414
fi_R29_M1434_S1_2,metacontig,1013,1439,426
st_R29_M324_S1_7,metacontig,1158,1629,471
NC_035198_6,metacontig,1790,2209,419
st_R29_M335772_S1_9,metacontig,2541,3016,475
mm_R29_M3337_S1_2,metacontig,75,507,432
st_R29_M171304_S1_2,metacontig,21,419,398
ar_R29_M4680_S1_1,metacontig,33,447,414
st_R29_M366370_S1_2,metacontig,1359,1829,470
st_R29_M402491_S2_1,metacontig,405,892,487
KP233830_1,metacontig,1786,2199,413
st_R29_M238677_S1_1,metacontig,6,395,389
ar_R29_M41784_S1_1,metacontig,32,458,426
MH778548_2,metacontig,1770,2188,418
st_R29_M4677_S1_5,metacontig,504,983,479
KX371572_1,metacontig,1302,1744,442
MF352143_2,metacontig,1229,1669,440
st_R29_M182196_S1_4,metacontig,1775,2217,442
MT712147_1,metacontig,1240,1680,440
LC342059_2,metacontig,1238,1678,440
st_R29_M229567_S1_1,metacontig,389,846,457
mm_R29_M616_S1_2,metacontig,150,426,276
AF479590_3,metacontig,1302,1744,442
ar_R29_M13746_S1_1,metacontig,33,435,402
st_R29_M60731_S1_1,metacontig,851,1281,430
AB126320_1,metacontig,1234,1674,440
st_R29_M197499_S1_5,metacontig,728,1191,463
ar_R29_M12016_S1_2,metacontig,172,662,490
st_R29_M129393_S1_1,metacontig,400,856,456
st_R29_M201007_S1_1,metacontig,217,625,408
ar_R29_M15738_S1_1,metacontig,225,667,442
ar_R29_M34797_S1_1,metacontig,10,371,361
st_R29_M67498_S1_1,metacontig,324,794,470
ar_R29_M21676_S1_2,metacontig,549,998,449
NC_025890_1,metacontig,1832,2232,400
st_R29_M119424_S1_2,metacontig,10,488,478
st_R29_M263667_S1_5,metacontig,2526,2996,470
ar_R29_M7069_S978_7,metacontig,9,442,433
ar_R29_M10938_S1_2,metacontig,6,430,424
st_R29_M182083_S1_1,metacontig,11,374,363
KF306214_2,metacontig,1238,1678,440
st_R29_M352750_S1_3,metacontig,278,762,484
st_R29_M424831_S1_5,metacontig,1560,2046,486
KJ495730_1,metacontig,1302,1743,441
ar_R29_M16097_S1_1,metacontig,216,693,477
st_R29_M286517_S1_1,metacontig,20,322,302
NC_034381_3,metacontig,1887,2289,402
st_R29_M366378_S1_1,metacontig,526,975,449
ar_R29_M35537_S1_1,metacontig,2352,2787,435
ar_R29_M38522_S1_2,metacontig,156,665,509
MT457854_2,metacontig,1740,2143,403
st_R29_M18239_S1_2,metacontig,91,602,511
FJ537138_1,metacontig,1238,1678,440
ar_R29_M3948_S1_1,metacontig,815,1201,386
ar_R29_M21201_S1_1,metacontig,37,437,400
NC_028970_2,metacontig,1758,2153,395
mm_R29_M1324_S1_2,metacontig,1195,1635,440
ar_R29_M30155_S4_5,metacontig,675,1081,406
KY442320_1,metacontig,1240,1680,440
mm_R29_M1797_S1_2,metacontig,150,634,484
ar_R29_M39473_S1_2,metacontig,1797,2290,493
ar_R29_M11948_S1_14,metacontig,1944,2439,495
mm_R29_M6285_S1_3,metacontig,9,365,356
sa_R29_M195_S1_1,metacontig,1,405,404
MG978107_3,metacontig,1891,2324,433
sa_R29_M3224_S1_3,metacontig,313,783,470
mm_R29_M383_S1_1,metacontig,21,399,378
fi_R29_M1381_S1_3,metacontig,2017,2464,447
st_R29_M89462_S1_1,metacontig,11,371,360
ar_R29_M18327_S1_1,metacontig,145,503,358
KP405233_1,metacontig,1896,2341,445
st_R29_M264267_S1_1,metacontig,2,408,406
st_R29_M109000_S1_1,metacontig,119,448,329
JN163911_2,metacontig,2455,2878,423
ar_R29_M1905_S1_13,metacontig,800,1271,471
st_R29_M183264_S1_7,metacontig,1966,2452,486
st_R29_M374331_S1_3,metacontig,103,513,410
st_R29_M393150_S1_1,metacontig,1712,2182,470
st_R29_M375479_S1_13,metacontig,1144,1609,465
st_R29_M318294_S1_1,metacontig,4,368,364
al_R29_M437_S1_7,metacontig,4,322,318
st_R29_M424859_S1_2,metacontig,2,481,479
st_R29_M97682_S1_13,metacontig,1127,1575,448
st_R29_M161649_S1_6,metacontig,1319,1779,460
st_R29_M54481_S1_1,metacontig,4,317,313
MN453358_1,metacontig,1235,1675,440
LN854570_1,metacontig,1240,1680,440
st_R29_M73755_S1_11,metacontig,2609,3067,458
KF958307_1,metacontig,1742,2163,421
AF361253_3,metacontig,2178,2597,419
U15301_4,metacontig,1415,1854,439
sa_R29_M3279_S1_2,metacontig,1949,2359,410
st_R29_M161723_S1_1,metacontig,6,364,358
ar_R29_M22302_S4_1,metacontig,210,710,500
ar_R29_M31642_S1_2,metacontig,288,832,544
st_R29_M119414_S1_6,metacontig,1300,1785,485
NC_025836_1,metacontig,1440,1896,456
mm_R29_M2439_S1_18,metacontig,1264,1697,433
FJ445174_2,metacontig,1805,2203,398
ar_R29_M7069_S1491_1,metacontig,5,340,335
ar_R29_M25678_S1_1,metacontig,2132,2619,487
ar_R29_M7069_S218_20,metacontig,2627,3104,477
LC389583_4,metacontig,1287,1728,441
st_R29_M290517_S1_4,metacontig,21,442,421
ar_R29_M132_S1_8,metacontig,1090,1547,457
st_R29_M355364_S1_1,metacontig,7,363,356
M86379_2,metacontig,1302,1745,443
fi_R29_M770_S1_3,metacontig,1960,2434,474
mm_R29_M6319_S1_2,metacontig,1321,1790,469
mm_R29_M7228_S1_7,metacontig,1250,1656,406
fi_R29_M367_S1_1,metacontig,12,448,436
st_R29_M23435_S1_1,metacontig,13,306,293
fi_R29_M619_S1_3,metacontig,826,1251,425
ar_R29_M35254_S1_1,metacontig,2,325,323
ar_R29_M18030_S1_2,metacontig,2657,3152,495
MN453359_1,metacontig,1235,1675,440
st_R29_M406042_S1_17,metacontig,1139,1590,451
ar_R29_M8442_S1_1,metacontig,5,388,383
MF405169_2,metacontig,1238,1678,440
st_R29_M29520_S1_3,metacontig,373,829,456
mm_R29_M3358_S1_1,metacontig,220,587,367
st_R29_M51395_S1_1,metacontig,2,336,334
ar_R29_M81_S2_2,metacontig,1526,2096,570
ar_R29_M24775_S1_1,metacontig,3,361,358
st_R29_M215926_S1_2,metacontig,2463,2893,430
st_R29_M209291_S1_7,metacontig,1881,2279,398
st_R29_M164752_S1_7,metacontig,1053,1441,388
fi_R29_M431_S1_2,metacontig,1863,2307,444
st_R29_M399953_S1_1,metacontig,954,1361,407
ar_R29_M30155_S13_2,metacontig,1304,1710,406
st_R29_M320830_S1_1,metacontig,1405,1864,459
ar_R29_M22084_S1_1,metacontig,12,367,355
st_R29_M226494_S5_11,metacontig,1420,1874,454
st_R29_M29167_S1_1,metacontig,3,413,410
fi_R29_M1604_S1_1,metacontig,6,274,268
st_R29_M76032_S1_1,metacontig,13,307,294
ar_R29_M22316_S2_2,metacontig,398,874,476
ar_R29_M8237_S1_9,metacontig,1963,2424,461
mm_R29_M3860_S1_1,metacontig,25,438,413
st_R29_M313700_S1_2,metacontig,2558,3003,445
st_R29_M412569_S1_4,metacontig,355,753,398
st_R29_M234839_S1_1,metacontig,506,934,428
fi_R29_M1651_S1_1,metacontig,8,452,444
st_R29_M113993_S10_3,metacontig,18,325,307
mm_R29_M3902_S1_1,metacontig,566,974,408
ar_R29_M7069_S1458_2,metacontig,8,396,388
ar_R29_M16217_S1_2,metacontig,2,339,337
ar_R29_M7069_S644_6,metacontig,1905,2367,462
ma_R29_M3191_S1_1,metacontig,1562,2007,445
st_R29_M210307_S1_1,metacontig,4,349,345
st_R29_M234906_S1_2,metacontig,270,748,478
st_R29_M365987_S1_3,metacontig,112,559,447
ar_R29_M19116_S1_3,metacontig,273,748,475
st_R29_M277187_S1_4,metacontig,2239,2709,470
mm_R29_M7178_S1_2,metacontig,20,502,482
ar_R29_M43655_S1_1,metacontig,112,599,487
st_R29_M205200_S1_1,metacontig,30,443,413
ar_R29_M9603_S1_2,metacontig,827,1308,481
NC_010354_2,metacontig,1886,2261,375
JX519213_2,metacontig,1302,1744,442
ar_R29_M26641_S1_1,metacontig,10,360,350
ar_R29_M42488_S1_1,metacontig,41,431,390
st_R29_M40015_S1_6,metacontig,2470,2895,425
st_R29_M441065_S1_1,metacontig,9,337,328
ar_R29_M29108_S1_1,metacontig,1579,2032,453
st_R29_M43396_S1_1,metacontig,8,359,351
fi_R29_M1262_S1_2,metacontig,2032,2478,446
st_R29_M226494_S1_2,metacontig,2240,2694,454
ar_R29_M18178_S1_1,metacontig,2,320,318
ar_R29_M21449_S1_1,metacontig,12,440,428
NC_008558_2,metacontig,2717,3149,432
st_R29_M183240_S1_1,metacontig,100,452,352
st_R29_M424847_S1_1,metacontig,1181,1668,487
st_R29_M80494_S1_1,metacontig,71,582,511
ar_R29_M30155_S14_3,metacontig,720,1126,406
st_R29_M266284_S1_1,metacontig,167,509,342
sa_R29_M1306_S1_1,metacontig,114,611,497
AF109465_4,metacontig,1302,1744,442
NC_026759_2,metacontig,1895,2351,456
fi_R29_M1111_S3_3,metacontig,18,451,433
st_R29_M441194_S1_2,metacontig,113,491,378
ar_R29_M37555_S1_1,metacontig,381,782,401
ar_R29_M26451_S1_3,metacontig,705,1195,490
ar_R29_M42336_S3_1,metacontig,418,858,440
ar_R29_M24487_S1_3,metacontig,14,330,316
st_R29_M361910_S1_1,metacontig,11,306,295
NC_038560_2,metacontig,1869,2271,402
ar_R29_M7173_S1_3,metacontig,9,410,401
st_R29_M295601_S1_1,metacontig,555,1035,480
st_R29_M24823_S1_1,metacontig,15,330,315
KJ196277_1,metacontig,1250,1690,440
ar_R29_M22302_S2_1,metacontig,940,1440,500
st_R29_M55057_S1_3,metacontig,2,385,383
st_R29_M331639_S1_4,metacontig,290,687,397
mm_R29_M3539_S1_1,metacontig,10,336,326
ar_R29_M24438_S1_1,metacontig,2268,2741,473
ar_R29_M6801_S1_4,metacontig,94,568,474
ar_R29_M39765_S1_1,metacontig,200,695,495
ar_R29_M30155_S1_5,metacontig,1510,1915,405
al_R29_M639_S1_1,metacontig,562,1002,440
ar_R29_M18882_S1_4,metacontig,828,1296,468
mm_R29_M94_S1_3,metacontig,1695,2124,429
ar_R29_M26471_S1_3,metacontig,710,1173,463
MN933899_2,metacontig,1406,1880,474
GU214989_3,metacontig,1303,1743,440
st_R29_M238669_S1_17,metacontig,1075,1517,442
fi_R29_M677_S1_4,metacontig,142,660,518
ar_R29_M7069_S999_4,metacontig,28,387,359
st_R29_M355380_S1_2,metacontig,108,568,460
ar_R29_M40914_S1_1,metacontig,1941,2436,495
st_R29_M8962_S1_3,metacontig,1471,1923,452
st_R29_M16952_S3_2,metacontig,69,451,382
mm_R29_M4189_S1_16,metacontig,1118,1514,396
ar_R29_M32862_S1_15,metacontig,2479,2954,475
ar_R29_M34649_S1_1,metacontig,922,1389,467
mm_R29_M3167_S1_2,metacontig,950,1380,430
st_R29_M202563_S1_2,metacontig,201,687,486
mm_R29_M4428_S1_21,metacontig,1299,1770,471
st_R29_M102344_S1_2,metacontig,542,1018,476
ar_R29_M27764_S1_1,metacontig,2580,3081,501
FJ445176_1,metacontig,1749,2164,415
LC209457_2,metacontig,1234,1674,440
st_R29_M299393_S1_3,metacontig,222,663,441
mm_R29_M2866_S1_2,metacontig,859,1272,413
st_R29_M362008_S1_5,metacontig,1453,1898,445
al_R29_M740_S1_13,metacontig,1682,2027,345
ar_R29_M7069_S935_3,metacontig,319,815,496
ar_R29_M10381_S1_1,metacontig,358,764,406
st_R29_M126207_S1_1,metacontig,13,377,364
ar_R29_M18226_S1_1,metacontig,1,337,336
NC_039002_3,metacontig,1801,2220,419
st_R29_M364001_S1_3,metacontig,192,644,452
KJ572401_1,metacontig,1304,1746,442
sa_R29_M384_S1_2,metacontig,416,883,467
ar_R29_M17418_S1_1,metacontig,196,647,451
JX291115_1,metacontig,1727,2151,424
mm_R29_M725_S1_7,metacontig,987,1440,453
ar_R29_M32032_S1_1,metacontig,1980,2447,467
NC_012212_1,metacontig,1201,1659,458
st_R29_M31763_S1_1,metacontig,7,344,337
ar_R29_M36522_S1_3,metacontig,1972,2442,470
ar_R29_M42336_S1_1,metacontig,1970,2410,440
st_R29_M49399_S1_1,metacontig,1,308,307
st_R29_M212255_S1_9,metacontig,1900,2350,450
st_R29_M426400_S1_3,metacontig,1560,2046,486
st_R29_M326668_S1_1,metacontig,1580,2039,459
ar_R29_M35479_S1_1,metacontig,36,445,409
st_R29_M226494_S4_2,metacontig,1950,2404,454
fi_R29_M884_S1_16,metacontig,1894,2333,439
fi_R29_M991_S1_2,metacontig,5,382,377
st_R29_M259920_S1_6,metacontig,426,851,425
st_R29_M226867_S2_4,metacontig,1471,1923,452
st_R29_M18194_S1_2,metacontig,5,328,323
ar_R29_M40965_S1_1,metacontig,30,439,409
ri_R29_M192_S1_1,metacontig,38,512,474
mm_R29_M4075_S1_3,metacontig,1622,2117,495
ar_R29_M38169_S2_2,metacontig,1738,2214,476
mm_R29_M5344_S1_5,metacontig,694,1148,454
AY560117_1,metacontig,1301,1743,442
st_R29_M210228_S1_1,metacontig,169,558,389
st_R29_M91561_S1_4,metacontig,3,374,371
mm_R29_M6610_S1_1,metacontig,155,640,485
st_R29_M144643_S1_1,metacontig,15,348,333
st_R29_M176014_S1_3,metacontig,101,547,446
ar_R29_M35401_S1_1,metacontig,43,469,426
ar_R29_M12542_S1_1,metacontig,1239,1700,461
mm_R29_M6925_S1_2,metacontig,87,557,470
ar_R29_M27696_S1_5,metacontig,493,994,501
ar_R29_M7069_S1546_1,metacontig,4,312,308
ar_R29_M24890_S1_1,metacontig,17,379,362
ar_R29_M22316_S1_1,metacontig,2564,3040,476
mm_R29_M2806_S1_3,metacontig,12,496,484
MT235242_1,metacontig,1634,2023,389
st_R29_M293436_S1_1,metacontig,18,491,473
st_R29_M441742_S1_1,metacontig,979,1418,439
st_R29_M427199_S1_1,metacontig,230,663,433
st_R29_M82593_S1_1,metacontig,3,343,340
ar_R29_M22302_S1_2,metacontig,2462,2962,500
st_R29_M51603_S1_2,metacontig,588,1058,470
st_R29_M102100_S1_4,metacontig,22,507,485
ar_R29_M7069_S347_7,metacontig,2414,2894,480
ar_R29_M13945_S1_2,metacontig,1798,2346,548
al_R29_M195_S1_1,metacontig,1016,1497,481
st_R29_M347716_S1_6,metacontig,1,363,362
st_R29_M258968_S1_2,metacontig,111,565,454
ar_R29_M30155_S19_3,metacontig,2,394,392
ar_R29_M7069_S795_6,metacontig,78,572,494
MK965972_2,metacontig,2210,2675,465
st_R29_M15050_S1_3,metacontig,247,647,400
st_R29_M105162_S1_5,metacontig,1375,1792,417
st_R29_M258304_S1_5,metacontig,1582,2068,486
BK011179_6,metacontig,1990,2418,428
ar_R29_M10310_S1_1,metacontig,5,340,335
st_R29_M12458_S1_2,metacontig,165,609,444
st_R29_M164772_S1_1,metacontig,15,357,342
st_R29_M365989_S1_3,metacontig,118,511,393
ar_R29_M34808_S1_1,metacontig,2386,2940,554
mm_R29_M5431_S1_7,metacontig,1505,1972,467
MT096527_3,metacontig,1372,1838,466
ar_R29_M10597_S1_1,metacontig,1216,1641,425
sa_R29_M234_S1_6,metacontig,2102,2540,438
ar_R29_M24362_S1_2,metacontig,2666,3163,497
ar_R29_M23498_S1_1,metacontig,22,358,336
ar_R29_M5820_S1_1,metacontig,4,421,417
st_R29_M80614_S1_3,metacontig,78,554,476
st_R29_M100971_S1_2,metacontig,37,374,337
ar_R29_M5412_S1_1,metacontig,9,383,374
mm_R29_M6348_S1_11,metacontig,13,445,432
st_R29_M339798_S1_1,metacontig,14,332,318
st_R29_M288862_S1_3,metacontig,31,388,357
st_R29_M188900_S1_1,metacontig,357,782,425
MG451803_3,metacontig,1769,2145,376
mm_R29_M7718_S1_1,metacontig,1518,1977,459
ma_R29_M6006_S1_1,metacontig,1232,1664,432
KT970059_2,metacontig,1297,1739,442
ar_R29_M23764_S1_4,metacontig,6,440,434
KX979913_1,metacontig,1869,2275,406
st_R29_M122923_S1_1,metacontig,1684,2155,471
ar_R29_M43633_S1_3,metacontig,12,418,406
st_R29_M424773_S1_1,metacontig,194,672,478
ar_R29_M15886_S2_2,metacontig,2588,3057,469
ar_R29_M9088_S1_14,metacontig,798,1278,480
mm_R29_M499_S1_1,metacontig,14,386,372
MN689942_1,metacontig,1878,2325,447
st_R29_M311998_S1_1,metacontig,912,1375,463
ar_R29_M16094_S1_1,metacontig,1,361,360
NC_035779_2,metacontig,1925,2334,409
sa_R29_M473_S1_4,metacontig,1,351,350
MN187064_3,metacontig,1236,1702,466
ar_R29_M7069_S1165_1,metacontig,434,841,407
st_R29_M226867_S1_6,metacontig,1451,1903,452
MH003837_2,metacontig,1117,1540,423
mm_R29_M1659_S1_4,metacontig,821,1328,507
st_R29_M156622_S1_1,metacontig,162,567,405
ar_R29_M7697_S1_2,metacontig,136,643,507
st_R29_M65415_S1_2,metacontig,47,388,341
ar_R29_M7069_S118_8,metacontig,1504,1998,494
st_R29_M89250_S1_3,metacontig,501,944,443
mm_R29_M3831_S1_1,metacontig,1562,2009,447
st_R29_M370577_S1_1,metacontig,1183,1684,501
ar_R29_M24619_S1_1,metacontig,2,341,339
MN737112_4,metacontig,1320,1745,425
AB083780_1,metacontig,1250,1690,440
ar_R29_M25410_S1_1,metacontig,2759,3252,493
mm_R29_M3478_S1_9,metacontig,1571,2075,504
st_R29_M381205_S1_4,metacontig,68,537,469
st_R29_M310901_S1_2,metacontig,101,598,497
st_R29_M77900_S1_2,metacontig,26,347,321
st_R29_M270168_S1_3,metacontig,95,517,422
st_R29_M298483_S1_4,metacontig,1145,1623,478
st_R29_M332677_S1_1,metacontig,11,458,447
mm_R29_M5793_S23_1,metacontig,1612,2059,447
mm_R29_M5447_S1_7,metacontig,244,690,446
NC_025835_1,metacontig,2533,3010,477
ar_R29_M14710_S1_11,metacontig,1559,2028,469
st_R29_M393579_S1_1,metacontig,1,329,328
st_R29_M129300_S1_1,metacontig,205,592,387
st_R29_M182816_S1_3,metacontig,302,797,495
st_R29_M401733_S1_1,metacontig,1152,1616,464
st_R29_M119905_S1_2,metacontig,90,506,416
ar_R29_M35075_S1_1,metacontig,33,443,410
ar_R29_M7069_S340_8,metacontig,2029,2496,467
st_R29_M374343_S1_1,metacontig,40,408,368
ar_R29_M39254_S1_1,metacontig,4,408,404
KJ789135_2,metacontig,1903,2357,454
fi_R29_M499_S1_3,metacontig,2007,2456,449
MN823679_2,metacontig,2639,3039,400
ar_R29_M33164_S1_1,metacontig,18,382,364
st_R29_M111620_S1_1,metacontig,45,365,320
ar_R29_M23138_S1_2,metacontig,1735,2241,506
mm_R29_M4064_S1_3,metacontig,1558,2077,519
st_R29_M39815_S1_1,metacontig,4,332,328
st_R29_M124902_S1_1,metacontig,4,307,303
NC_034245_2,metacontig,1860,2252,392
ar_R29_M21034_S1_1,metacontig,23,345,322
ma_R29_M3348_S1_2,metacontig,5,269,264
st_R29_M131085_S1_1,metacontig,21,335,314
st_R29_M430006_S1_13,metacontig,1170,1592,422
mm_R29_M4692_S15_1,metacontig,21,374,353
ar_R29_M34273_S7_1,metacontig,416,937,521
ex_R29_M178_S2_1,metacontig,17,358,341
HM002617_2,metacontig,1232,1699,467
fu_R29_M5435_S1_4,metacontig,175,523,348
ma_R29_M4231_S1_3,metacontig,2,318,316
ar_R29_M34273_S8_1,metacontig,252,773,521
MT502380_2,metacontig,2330,2756,426
mm_R29_M908_S1_5,metacontig,1888,2352,464
ar_R29_M11804_S1_5,metacontig,2299,2787,488
MH890547_1,metacontig,2157,2610,453
st_R29_M308165_S1_3,metacontig,91,517,426
LT898442_2,metacontig,1795,2188,393
ar_R29_M17099_S1_7,metacontig,265,790,525
MN738377_4,metacontig,1321,1746,425
st_R29_M115644_S1_1,metacontig,7,353,346
mm_R29_M381_S1_3,metacontig,69,502,433
NC_011704_2,metacontig,1319,1739,420
mm_R29_M3112_S1_1,metacontig,1328,1798,470
st_R29_M222492_S1_5,metacontig,106,510,404
st_R29_M437302_S1_2,metacontig,872,1357,485
st_R29_M211688_S5_6,metacontig,283,827,544
ar_R29_M28579_S1_1,metacontig,89,455,366
st_R29_M164748_S1_4,metacontig,1590,2034,444
st_R29_M424848_S1_1,metacontig,6,331,325
AB426608_2,metacontig,1773,2199,426
ar_R29_M34122_S1_1,metacontig,2505,2992,487
MN745079_1,metacontig,1463,1933,470
st_R29_M74790_S1_1,metacontig,1,325,324
LR899187_3,metacontig,1312,1733,421
st_R29_M253057_S2_1,metacontig,120,515,395
fi_R29_M443_S1_6,metacontig,1888,2335,447
st_R29_M363588_S1_2,metacontig,2,386,384
st_R29_M201401_S1_1,metacontig,9,340,331
st_R29_M318320_S3_6,metacontig,1146,1525,379
mm_R29_M4237_S1_2,metacontig,544,1056,512
NC_027426_3,metacontig,104,513,409
mm_R29_M6270_S1_1,metacontig,73,569,496
ar_R29_M23915_S1_4,metacontig,2806,3286,480
st_R29_M145285_S1_1,metacontig,53,392,339
mm_R29_M2509_S1_5,metacontig,1077,1512,435
mm_R29_M4886_S1_2,metacontig,1123,1596,473
st_R29_M175611_S1_2,metacontig,14,326,312
mm_R29_M7150_S1_1,metacontig,1283,1717,434
MN841300_2,metacontig,1311,1764,453
ar_R29_M15886_S7_1,metacontig,308,762,454
KX823356_3,metacontig,2460,2882,422
st_R29_M436578_S1_6,metacontig,1161,1611,450
st_R29_M197506_S1_1,metacontig,1,297,296
MK279505_1,metacontig,462,938,476
st_R29_M120816_S1_5,metacontig,91,393,302
mm_R29_M5247_S1_8,metacontig,1560,1956,396
ar_R29_M6337_S1_1,metacontig,2234,2725,491
al_R29_M138_S1_9,metacontig,792,1192,400
st_R29_M259919_S1_6,metacontig,93,562,469
ar_R29_M7069_S1426_1,metacontig,20,380,360
MH760796_1,metacontig,1650,2026,376
mm_R29_M8143_S1_2,metacontig,473,896,423
ar_R29_M13141_S1_1,metacontig,128,504,376
st_R29_M211688_S1_2,metacontig,1513,2063,550
mm_R29_M6291_S1_2,metacontig,1559,1979,420
st_R29_M402229_S1_14,metacontig,990,1479,489
ri_R29_M181_S1_10,metacontig,302,798,496
st_R29_M63876_S1_1,metacontig,77,405,328
mm_R29_M7421_S1_1,metacontig,541,962,421
fi_R29_M1581_S1_2,metacontig,255,722,467
mm_R29_M2621_S1_13,metacontig,531,974,443
st_R29_M363963_S1_1,metacontig,1,346,345
st_R29_M31057_S1_1,metacontig,6,349,343
st_R29_M381220_S1_16,metacontig,1476,1952,476
ar_R29_M9547_S1_1,metacontig,39,478,439
MN116646_5,metacontig,1898,2322,424
AF258618_4,metacontig,1322,1747,425
JX556690_4,metacontig,78,487,409
MN061492_3,metacontig,1322,1747,425
st_R29_M112187_S1_1,metacontig,31,315,284
MF766258_2,metacontig,1204,1641,437
st_R29_M293478_S1_2,metacontig,96,517,421
ar_R29_M7069_S1373_1,metacontig,25,391,366
st_R29_M80101_S1_1,metacontig,796,1262,466
st_R29_M450862_S1_1,metacontig,113,405,292
st_R29_M126958_S1_1,metacontig,17,374,357
st_R29_M264637_S1_1,metacontig,18,322,304
mm_R29_M6887_S1_5,metacontig,499,944,445
mm_R29_M5326_S1_18,metacontig,3012,3483,471
ar_R29_M34273_S6_2,metacontig,1225,1746,521
MH341583_2,metacontig,1875,2312,437
mm_R29_M3504_S1_1,metacontig,388,870,482
st_R29_M171308_S1_19,metacontig,2023,2490,467
st_R29_M319628_S1_1,metacontig,14,317,303
st_R29_M51614_S1_9,metacontig,382,870,488
mm_R29_M4971_S2_5,metacontig,811,1284,473
HM153767_3,metacontig,1906,2267,361
ar_R29_M20599_S5_1,metacontig,14,394,380
NC_034617_2,metacontig,2146,2536,390
ar_R29_M13038_S1_2,metacontig,1503,1966,463
MK606535_2,metacontig,1514,1976,462
MK799643_2,metacontig,1434,1856,422
ar_R29_M29072_S1_9,metacontig,1558,2028,470
ar_R29_M9386_S1_1,metacontig,113,555,442
st_R29_M408677_S1_2,metacontig,8,379,371
GU017972_2,metacontig,1722,2217,495
mm_R29_M2638_S2_2,metacontig,799,1259,460
st_R29_M56476_S1_1,metacontig,4,360,356
AB623037_3,metacontig,1232,1698,466
ar_R29_M25279_S1_1,metacontig,10,417,407
NC_038561_2,metacontig,1880,2302,422
st_R29_M426322_S1_1,metacontig,93,421,328
sa_R29_M2508_S1_12,metacontig,800,1232,432
ar_R29_M7069_S1617_1,metacontig,14,333,319
KP747573_3,metacontig,94,508,414
ar_R29_M3516_S1_4,metacontig,2026,2482,456
LR899142_3,metacontig,1308,1732,424
mm_R29_M5793_S72_1,metacontig,72,460,388
st_R29_M354901_S1_5,metacontig,393,912,519
st_R29_M257567_S1_2,metacontig,959,1399,440
st_R29_M332644_S1_7,metacontig,63,410,347
ar_R29_M34273_S5_3,metacontig,2009,2530,521
ar_R29_M30071_S1_5,metacontig,115,556,441
st_R29_M257135_S1_1,metacontig,2,316,314
st_R29_M358641_S1_14,metacontig,1099,1581,482
st_R29_M96699_S1_5,metacontig,105,545,440
ar_R29_M20539_S1_2,metacontig,640,1103,463
st_R29_M222290_S1_3,metacontig,3,306,303
st_R29_M363521_S1_1,metacontig,83,516,433
st_R29_M176055_S1_8,metacontig,1155,1607,452
st_R29_M72381_S1_1,metacontig,1,338,337
sa_R29_M718_S1_3,metacontig,1940,2403,463
ar_R29_M26469_S1_1,metacontig,565,1019,454
al_R29_M307_S1_1,metacontig,11,347,336
st_R29_M416846_S1_1,metacontig,1,292,291
MG755240_1,metacontig,1876,2331,455
ma_R29_M838_S1_4,metacontig,94,509,415
st_R29_M208990_S1_1,metacontig,144,615,471
mm_R29_M4442_S5_1,metacontig,11,342,331
al_R29_M789_S1_5,metacontig,1098,1544,446
ar_R29_M2228_S2_2,metacontig,342,773,431
st_R29_M355385_S1_2,metacontig,1476,1955,479
NC_009891_1,metacontig,1635,2015,380
mm_R29_M5793_S37_9,metacontig,1406,1822,416
ar_R29_M21648_S1_13,metacontig,1654,2110,456
st_R29_M415120_S1_2,metacontig,1324,1768,444
mm_R29_M38_S1_1,metacontig,3,374,371
mm_R29_M4170_S1_2,metacontig,45,402,357
mm_R29_M6862_S1_3,metacontig,944,1428,484
st_R29_M126219_S1_9,metacontig,1514,1998,484
mm_R29_M3944_S1_4,metacontig,1354,1775,421
sa_R29_M1796_S1_2,metacontig,1814,2215,401
st_R29_M402490_S1_1,metacontig,13,367,354
sa_R29_M911_S1_3,metacontig,1683,2069,386
st_R29_M89487_S1_1,metacontig,87,508,421
sp_R29_M393_S1_1,metacontig,2,279,277
ma_R29_M1830_S1_10,metacontig,107,523,416
mm_R29_M676_S1_2,metacontig,767,1276,509
st_R29_M419879_S1_8,metacontig,573,1028,455
EU003582_4,metacontig,1322,1747,425
st_R29_M146913_S1_1,metacontig,16,530,514
ar_R29_M29058_S1_1,metacontig,2,340,338
NC_027214_6,metacontig,2283,2739,456
ar_R29_M29353_S2_2,metacontig,5,394,389
mm_R29_M4269_S1_14,metacontig,327,775,448
NC_026470_4,metacontig,1865,2258,393
st_R29_M273884_S1_1,metacontig,9,333,324
st_R29_M51612_S1_8,metacontig,1617,2033,416
st_R29_M146663_S1_1,metacontig,19,354,335
mm_R29_M1956_S1_3,metacontig,683,1092,409
ar_R29_M2498_S125_6,metacontig,163,640,477
st_R29_M411438_S1_1,metacontig,1879,2304,425
ar_R29_M8520_S1_2,metacontig,45,459,414
ar_R29_M13012_S1_3,metacontig,1364,1790,426
ar_R29_M16180_S1_1,metacontig,1,319,318
mm_R29_M5465_S1_4,metacontig,90,555,465
st_R29_M142045_S1_1,metacontig,75,493,418
st_R29_M171287_S1_3,metacontig,28,369,341
st_R29_M28551_S1_2,metacontig,9,327,318
ar_R29_M40805_S1_1,metacontig,284,710,426
sa_R29_M3175_S1_2,metacontig,284,745,461
ar_R29_M7069_S769_5,metacontig,395,878,483
ar_R29_M3333_S1_2,metacontig,1974,2441,467
st_R29_M125607_S1_3,metacontig,95,522,427
st_R29_M323808_S1_3,metacontig,21,429,408
st_R29_M240111_S1_1,metacontig,175,698,523
ar_R29_M23729_S1_1,metacontig,74,509,435
st_R29_M220742_S1_2,metacontig,346,784,438
st_R29_M407794_S1_2,metacontig,120,570,450
sa_R29_M2337_S1_1,metacontig,952,1430,478
st_R29_M15173_S1_1,metacontig,16,525,509
st_R29_M119922_S1_3,metacontig,81,536,455
KY312540_1,metacontig,1796,2222,426
st_R29_M317157_S1_1,metacontig,77,528,451
NC_036583_4,metacontig,76,494,418
st_R29_M65514_S1_1,metacontig,475,964,489
ar_R29_M7069_S871_1,metacontig,1431,1742,311
ar_R29_M7069_S709_5,metacontig,639,1120,481
KX673274_4,metacontig,1723,2157,434
st_R29_M197463_S1_1,metacontig,2,269,267
ar_R29_M7069_S1213_2,metacontig,82,548,466
mm_R29_M5940_S1_4,metacontig,2246,2719,473
st_R29_M225472_S1_6,metacontig,975,1466,491
ar_R29_M7069_S996_3,metacontig,146,614,468
MF407655_4,metacontig,1316,1737,421
ar_R29_M7069_S364_3,metacontig,486,967,481
ar_R29_M7069_S1408_2,metacontig,75,420,345
fi_R29_M134_S2_3,metacontig,1078,1554,476
st_R29_M169882_S1_2,metacontig,97,498,401
mm_R29_M5542_S2_1,metacontig,569,1054,485
mm_R29_M7592_S1_2,metacontig,1182,1619,437
JX491648_2,metacontig,1791,2185,394
mm_R29_M2221_S1_8,metacontig,376,852,476
st_R29_M111991_S1_1,metacontig,825,1257,432
ar_R29_M14245_S1_1,metacontig,4,373,369
ar_R29_M35881_S1_1,metacontig,39,422,383
st_R29_M125575_S1_2,metacontig,1342,1809,467
ar_R29_M940_S1_1,metacontig,2541,3013,472
JF713712_3,metacontig,78,487,409
ar_R29_M32620_S1_1,metacontig,27,359,332
st_R29_M118155_S1_2,metacontig,5,283,278
ar_R29_M8606_S1_4,metacontig,188,661,473
MN809622_4,metacontig,71,490,419
st_R29_M314963_S1_1,metacontig,7,342,335
st_R29_M343176_S1_1,metacontig,38,331,293
ar_R29_M11503_S1_2,metacontig,5,437,432
mm_R29_M2399_S1_1,metacontig,601,1038,437
st_R29_M136031_S1_1,metacontig,57,467,410
st_R29_M407758_S1_2,metacontig,115,568,453
st_R29_M37557_S1_6,metacontig,693,1228,535
st_R29_M155628_S1_1,metacontig,11,459,448
st_R29_M256873_S1_1,metacontig,1,343,342
st_R29_M154198_S1_9,metacontig,528,949,421
MH301286_3,metacontig,1614,2090,476
ar_R29_M13828_S1_1,metacontig,1,330,329
ma_R29_M5041_S1_5,metacontig,41,456,415
ma_R29_M1830_S4_10,metacontig,107,516,409
ma_R29_M1830_S8_7,metacontig,107,516,409
mm_R29_M4918_S1_3,metacontig,1449,1938,489
mm_R29_M2885_S1_2,metacontig,10,348,338
st_R29_M225474_S1_4,metacontig,396,842,446
ma_R29_M5913_S1_3,metacontig,88,503,415
ar_R29_M11296_S3_2,metacontig,75,419,344
st_R29_M407791_S1_1,metacontig,10,361,351
ar_R29_M30351_S1_1,metacontig,189,658,469
mm_R29_M7546_S2_9,metacontig,12,429,417
ar_R29_M20661_S2_2,metacontig,194,660,466
mm_R29_M4099_S1_2,metacontig,45,437,392
st_R29_M409004_S1_3,metacontig,95,523,428
fi_R29_M696_S1_1,metacontig,39,475,436
MK606530_1,metacontig,1859,2312,453
ma_R29_M5143_S1_22,metacontig,1518,1973,455
ar_R29_M30171_S1_5,metacontig,1184,1657,473
KJ495986_3,metacontig,78,487,409
ar_R29_M7069_S342_8,metacontig,1468,1932,464
ar_R29_M41159_S1_1,metacontig,36,437,401
st_R29_M222323_S1_2,metacontig,132,587,455
ar_R29_M34005_S2_20,metacontig,2046,2509,463
ar_R29_M39322_S1_2,metacontig,32,434,402
LC215898_2,metacontig,1200,1640,440
MK733235_3,metacontig,1591,2074,483
LC047790_3,metacontig,70,498,428
sa_R29_M3172_S1_11,metacontig,2149,2639,490
ar_R29_M21158_S1_1,metacontig,38,419,381
ar_R29_M7069_S1418_1,metacontig,27,339,312
ar_R29_M36723_S1_2,metacontig,1301,1812,511
KT880667_4,metacontig,1598,1974,376
ar_R29_M32118_S4_1,metacontig,134,500,366
ma_R29_M3471_S1_14,metacontig,106,522,416
ma_R29_M5696_S1_3,metacontig,88,497,409
st_R29_M114478_S1_1,metacontig,323,779,456
ar_R29_M32405_S1_7,metacontig,1590,2071,481
st_R29_M176038_S1_1,metacontig,1549,2024,475
ar_R29_M4786_S2_2,metacontig,367,945,578
st_R29_M410278_S1_4,metacontig,289,666,377
ar_R29_M38169_S1_3,metacontig,17,428,411
ma_R29_M1171_S2_2,metacontig,37,453,416
ar_R29_M37862_S1_1,metacontig,1,347,346
MG930777_2,metacontig,94,509,415
st_R29_M171233_S1_1,metacontig,70,552,482
st_R29_M71940_S1_3,metacontig,2,274,272
ar_R29_M10378_S1_1,metacontig,38,439,401
st_R29_M111539_S1_1,metacontig,2,315,313
sa_R29_M68_S1_1,metacontig,1,325,324
st_R29_M391730_S1_1,metacontig,398,873,475
mm_R29_M2390_S1_4,metacontig,1252,1719,467
mm_R29_M4441_S1_5,metacontig,1159,1618,459
mm_R29_M19_S1_6,metacontig,1042,1498,456
am_R29_M119_S1_1,metacontig,21,374,353
st_R29_M118531_S1_6,metacontig,439,870,431
ar_R29_M7069_S183_7,metacontig,1753,2237,484
sa_R29_M3190_S1_2,metacontig,1529,1976,447
mm_R29_M5793_S10_3,metacontig,1675,2095,420
st_R29_M274242_S1_1,metacontig,72,431,359
ar_R29_M20621_S38_5,metacontig,409,874,465
ar_R29_M8952_S1_1,metacontig,38,432,394
fi_R29_M1643_S1_2,metacontig,98,569,471
st_R29_M314618_S1_2,metacontig,28,516,488
mm_R29_M133_S1_1,metacontig,14,332,318
st_R29_M222289_S1_3,metacontig,62,555,493
ar_R29_M2704_S2_2,metacontig,1223,1696,473
mm_R29_M4433_S1_1,metacontig,407,833,426
NC_002615_3,metacontig,1316,1738,422
ar_R29_M7069_S1246_3,metacontig,53,414,361
ma_R29_M1171_S1_3,metacontig,94,510,416
fi_R29_M1122_S1_2,metacontig,5,387,382
sa_R29_M2183_S1_1,metacontig,1460,1905,445
mm_R29_M5288_S1_1,metacontig,1268,1701,433
ma_R29_M355_S1_1,metacontig,28,416,388
st_R29_M284043_S1_10,metacontig,1181,1618,437
ar_R29_M8400_S1_2,metacontig,1072,1419,347
mm_R29_M1001_S1_5,metacontig,140,678,538
st_R29_M240102_S1_2,metacontig,93,518,425
ar_R29_M140_S16_2,metacontig,307,803,496
LT898419_2,metacontig,1886,2329,443
st_R29_M146885_S1_1,metacontig,1,328,327
st_R29_M387855_S1_1,metacontig,83,545,462
ar_R29_M42035_S1_1,metacontig,166,601,435
mm_R29_M5793_S12_2,metacontig,1746,2187,441
mm_R29_M768_S1_5,metacontig,97,657,560
ar_R29_M16245_S1_3,metacontig,1,281,280
ar_R29_M34005_S1_21,metacontig,1983,2434,451
KX033447_2,metacontig,74,491,417
ar_R29_M34445_S1_1,metacontig,1,332,331
st_R29_M439156_S1_1,metacontig,194,568,374
st_R29_M15076_S1_2,metacontig,93,513,420
sa_R29_M1045_S1_6,metacontig,338,840,502
mm_R29_M2081_S1_3,metacontig,190,639,449
ar_R29_M30434_S1_8,metacontig,2430,2916,486
ar_R29_M13375_S1_1,metacontig,45,437,392
sa_R29_M2301_S1_2,metacontig,36,452,416
ar_R29_M28619_S1_7,metacontig,1468,1929,461
st_R29_M244011_S1_3,metacontig,1559,2028,469
st_R29_M61902_S1_2,metacontig,1289,1752,463
NC_040529_2,metacontig,386,838,452
st_R29_M176284_S1_6,metacontig,154,612,458
sa_R29_M2334_S1_1,metacontig,38,463,425
MN646770_3,metacontig,1904,2377,473
ar_R29_M11572_S1_1,metacontig,242,630,388
sa_R29_M2021_S1_1,metacontig,101,463,362
ar_R29_M5505_S1_2,metacontig,6,345,339
mm_R29_M2178_S1_1,metacontig,981,1409,428
MT451918_2,metacontig,75,491,416
ar_R29_M41147_S1_4,metacontig,4,357,353
ar_R29_M140_S1_9,metacontig,362,847,485
sa_R29_M2763_S1_1,metacontig,41,437,396
NC_024485_1,metacontig,399,846,447
st_R29_M283757_S1_2,metacontig,124,565,441
KX060808_3,metacontig,75,491,416
ar_R29_M20621_S1_3,metacontig,1498,1962,464
ar_R29_M39656_S1_1,metacontig,3,362,359
mm_R29_M5913_S4_1,metacontig,228,615,387
st_R29_M393480_S1_1,metacontig,44,446,402
st_R29_M412533_S1_1,metacontig,450,872,422
st_R29_M35331_S1_4,metacontig,900,1300,400
DQ286292_3,metacontig,1596,2074,478
MK606538_1,metacontig,1756,2287,531
st_R29_M23642_S1_4,metacontig,97,552,455
mm_R29_M59_S1_1,metacontig,109,527,418
ar_R29_M7069_S695_11,metacontig,594,1078,484
st_R29_M136046_S1_6,metacontig,1572,1981,409
sa_R29_M2838_S1_1,metacontig,733,1161,428
LC047798_4,metacontig,74,502,428
ma_R29_M618_S1_2,metacontig,130,455,325
ar_R29_M6344_S6_3,metacontig,145,604,459
mm_R29_M3121_S1_2,metacontig,43,496,453
mm_R29_M8109_S1_15,metacontig,1322,1759,437
ma_R29_M1830_S2_12,metacontig,94,502,408
ma_R29_M1830_S6_9,metacontig,94,502,408
ma_R29_M3690_S6_4,metacontig,78,506,428
ma_R29_M125_S1_12,metacontig,94,509,415
st_R29_M386376_S1_1,metacontig,64,566,502
ar_R29_M34480_S1_3,metacontig,297,766,469
mm_R29_M6481_S2_1,metacontig,166,650,484
KP759770_4,metacontig,109,525,416
fu_R29_M1822_S1_2,metacontig,364,833,469
ma_R29_M6031_S1_2,metacontig,1796,2185,389
mm_R29_M1827_S1_2,metacontig,25,301,276
ar_R29_M2913_S1_1,metacontig,35,434,399
ar_R29_M20621_S2_3,metacontig,1501,1963,462
ar_R29_M7069_S186_7,metacontig,1934,2425,491
mm_R29_M7876_S1_11,metacontig,493,924,431
st_R29_M265522_S1_1,metacontig,1,324,323
mm_R29_M6051_S1_1,metacontig,2,323,321
NC_025432_2,metacontig,1588,1962,374
st_R29_M231307_S1_3,metacontig,2,404,402
ar_R29_M7069_S1436_1,metacontig,33,467,434
mm_R29_M5253_S1_14,metacontig,1505,1946,441
st_R29_M235696_S1_4,metacontig,331,791,460
st_R29_M109799_S1_1,metacontig,196,668,472
ar_R29_M13549_S1_1,metacontig,432,822,390
st_R29_M287468_S1_5,metacontig,2379,2826,447
ma_R29_M3139_S1_3,metacontig,94,510,416
ar_R29_M43541_S1_1,metacontig,35,435,400
ar_R29_M14616_S1_3,metacontig,2333,2826,493
st_R29_M130713_S1_1,metacontig,11,310,299
mm_R29_M6717_S1_5,metacontig,2265,2739,474
NC_034974_2,metacontig,94,508,414
ar_R29_M7069_S127_8,metacontig,1541,2054,513
MN966682_2,metacontig,1539,2010,471
fi_R29_M1382_S1_2,metacontig,189,719,530
ar_R29_M32964_S1_1,metacontig,1017,1338,321
ar_R29_M8995_S1_1,metacontig,98,568,470
st_R29_M97198_S1_2,metacontig,62,562,500
ar_R29_M14421_S1_11,metacontig,2,398,396
st_R29_M165685_S1_22,metacontig,1119,1584,465
mm_R29_M3555_S1_2,metacontig,1046,1509,463
ar_R29_M24481_S1_1,metacontig,40,428,388
ar_R29_M13445_S1_4,metacontig,576,1070,494
sa_R29_M3322_S1_1,metacontig,11,350,339
ar_R29_M4151_S1_5,metacontig,1540,2037,497
fu_R29_M4602_S1_2,metacontig,393,847,454
MK460230_3,metacontig,88,497,409
LT898434_3,metacontig,94,509,415
mm_R29_M5793_S32_16,metacontig,1432,1846,414
st_R29_M200478_S1_1,metacontig,4,335,331
st_R29_M259681_S1_1,metacontig,1030,1373,343
ar_R29_M7069_S1486_1,metacontig,24,459,435
MN102397_2,metacontig,1266,1697,431
fi_R29_M1270_S1_1,metacontig,1878,2318,440
NC_026315_4,metacontig,1815,2224,409
KR868722_2,metacontig,95,510,415
MT955613_1,metacontig,391,850,459
ma_R29_M433_S1_4,metacontig,88,497,409
st_R29_M244032_S1_3,metacontig,2,333,331
KY618834_3,metacontig,1780,2181,401
ar_R29_M34808_S2_2,metacontig,13,488,475
MK460231_2,metacontig,75,491,416
st_R29_M4817_S1_1,metacontig,7,416,409
st_R29_M232527_S1_2,metacontig,67,486,419
st_R29_M264854_S1_4,metacontig,147,568,421
st_R29_M97629_S1_2,metacontig,262,556,294
ma_R29_M163_S34_1,metacontig,66,482,416
ar_R29_M34005_S3_19,metacontig,2046,2509,463
fu_R29_M5789_S1_2,metacontig,68,549,481
ar_R29_M22412_S1_1,metacontig,1728,2236,508
mm_R29_M4466_S1_3,metacontig,205,658,453
st_R29_M61904_S1_3,metacontig,1541,1986,445
KY940077_2,metacontig,94,509,415
KP982872_2,metacontig,104,519,415
ar_R29_M6344_S8_8,metacontig,1249,1708,459
ar_R29_M7069_S1077_2,metacontig,613,920,307
MN920667_2,metacontig,66,485,419
st_R29_M444317_S1_2,metacontig,107,555,448
mm_R29_M5793_S53_1,metacontig,569,1048,479
sa_R29_M2898_S1_2,metacontig,5,326,321
st_R29_M386966_S1_1,metacontig,56,557,501
st_R29_M359663_S1_2,metacontig,50,530,480
ar_R29_M7069_S1414_2,metacontig,121,554,433
ar_R29_M5866_S1_1,metacontig,1408,1849,441
st_R29_M35553_S1_1,metacontig,62,564,502
mm_R29_M5793_S55_2,metacontig,366,845,479
st_R29_M380051_S1_4,metacontig,1140,1576,436
ma_R29_M5595_S1_4,metacontig,73,500,427
ar_R29_M33915_S1_3,metacontig,24,417,393
st_R29_M83961_S1_1,metacontig,6,372,366
al_R29_M28_S1_1,metacontig,1566,2064,498
LC380411_3,metacontig,1235,1710,475
mm_R29_M5181_S1_2,metacontig,133,416,283
ma_R29_M163_S7_3,metacontig,75,491,416
ar_R29_M29304_S1_5,metacontig,2,298,296
st_R29_M132151_S1_1,metacontig,146,594,448
st_R29_M231338_S1_2,metacontig,90,528,438
ar_R29_M10327_S1_7,metacontig,1854,2306,452
st_R29_M222490_S1_7,metacontig,103,515,412
mm_R29_M3833_S1_3,metacontig,104,609,505
ar_R29_M13739_S2_1,metacontig,44,496,452
ar_R29_M18155_S1_3,metacontig,1807,2299,492
ar_R29_M35185_S1_20,metacontig,2550,3006,456
sa_R29_M1497_S1_1,metacontig,100,382,282
ar_R29_M357_S1_2,metacontig,60,463,403
MK606529_3,metacontig,1860,2308,448
ma_R29_M163_S11_9,metacontig,75,491,416
ar_R29_M11321_S1_4,metacontig,63,476,413
LC215899_3,metacontig,1208,1646,438
st_R29_M281385_S1_2,metacontig,76,499,423
mm_R29_M4546_S1_1,metacontig,1321,1868,547
ma_R29_M6558_S1_2,metacontig,75,491,416
st_R29_M386584_S1_1,metacontig,79,518,439
JX556692_3,metacontig,69,486,417
LC215894_2,metacontig,1203,1637,434
fu_R29_M3943_S1_3,metacontig,360,847,487
LC530174_1,metacontig,526,1012,486
mm_R29_M3189_S1_4,metacontig,1185,1620,435
ar_R29_M13739_S1_1,metacontig,46,509,463
st_R29_M200548_S2_2,metacontig,20,290,270
ma_R29_M5971_S1_12,metacontig,94,503,409
ar_R29_M8632_S20_1,metacontig,7,281,274
ar_R29_M7069_S1218_2,metacontig,67,501,434
st_R29_M415087_S1_1,metacontig,408,880,472
ma_R29_M6031_S25_2,metacontig,18,387,369
LC047800_4,metacontig,70,496,426
ar_R29_M7069_S1361_3,metacontig,60,443,383
st_R29_M188943_S1_5,metacontig,21,479,458
mm_R29_M6481_S1_5,metacontig,399,892,493
mm_R29_M7367_S1_1,metacontig,976,1415,439
st_R29_M1099_S1_2,metacontig,156,436,280
mm_R29_M4643_S1_1,metacontig,1644,2108,464
st_R29_M222493_S1_1,metacontig,48,411,363
ma_R29_M163_S4_2,metacontig,75,491,416
NC_019027_2,metacontig,74,489,415
ma_R29_M6148_S1_14,metacontig,88,504,416
st_R29_M362000_S1_1,metacontig,11,332,321
ar_R29_M9489_S1_1,metacontig,78,556,478
KX673248_1,metacontig,1494,1939,445
MK279503_2,metacontig,391,838,447
st_R29_M164998_S1_1,metacontig,1,314,313
NC_023675_3,metacontig,75,491,416
LC530175_2,metacontig,524,1012,488
ar_R29_M36669_S1_1,metacontig,178,507,329
st_R29_M88637_S1_3,metacontig,72,415,343
ar_R29_M7340_S91_2,metacontig,232,561,329
st_R29_M25650_S1_1,metacontig,71,469,398
MT642666_3,metacontig,75,491,416
st_R29_M306866_S1_1,metacontig,16,337,321
st_R29_M17627_S1_1,metacontig,384,843,459
st_R29_M123065_S1_1,metacontig,620,1062,442
mm_R29_M6147_S5_1,metacontig,2,262,260
st_R29_M170334_S1_4,metacontig,101,545,444
ar_R29_M35100_S1_4,metacontig,366,795,429
LC047796_4,metacontig,89,505,416
ar_R29_M28157_S1_1,metacontig,46,480,434
MT734809_3,metacontig,79,479,400
mm_R29_M4312_S1_1,metacontig,1551,2023,472
st_R29_M405503_S2_3,metacontig,25,304,279
ar_R29_M7069_S1241_3,metacontig,116,501,385
st_R29_M445816_S1_4,metacontig,81,573,492
st_R29_M412404_S1_2,metacontig,1,312,311
mm_R29_M1343_S1_3,metacontig,1325,1812,487
ar_R29_M20661_S1_1,metacontig,917,1345,428
NC_018668_3,metacontig,1885,2250,365
ar_R29_M7069_S675_8,metacontig,117,511,394
mm_R29_M3714_S1_3,metacontig,791,1214,423
ma_R29_M6031_S21_5,metacontig,725,1117,392
fu_R29_M3598_S1_2,metacontig,458,932,474
ma_R29_M163_S29_1,metacontig,29,445,416
MK117064_3,metacontig,1203,1647,444
st_R29_M238293_S1_14,metacontig,95,523,428
MT470220_2,metacontig,75,491,416
ar_R29_M17572_S1_2,metacontig,33,449,416
st_R29_M396474_S1_1,metacontig,67,543,476
st_R29_M140144_S1_1,metacontig,7,477,470
al_R29_M335_S1_3,metacontig,3,319,316
MH425243_2,metacontig,75,491,416
mm_R29_M6729_S1_8,metacontig,46,501,455
st_R29_M340267_S1_1,metacontig,294,777,483
st_R29_M117686_S1_3,metacontig,65,449,384
ar_R29_M40981_S1_3,metacontig,984,1453,469
st_R29_M230518_S1_7,metacontig,109,484,375
sa_R29_M701_S1_15,metacontig,76,484,408
MK606534_1,metacontig,1731,2261,530
KM259923_3,metacontig,1783,2177,394
LC047787_4,metacontig,89,504,415
ma_R29_M163_S5_2,metacontig,75,491,416
st_R29_M225516_S1_1,metacontig,325,871,546
mm_R29_M4180_S1_2,metacontig,1392,1829,437
fu_R29_M5897_S4_3,metacontig,450,933,483
ma_R29_M2104_S1_11,metacontig,1892,2258,366
st_R29_M304099_S1_2,metacontig,104,505,401
ma_R29_M6031_S24_1,metacontig,19,356,337
st_R29_M212747_S1_1,metacontig,45,546,501
st_R29_M391728_S1_3,metacontig,32,428,396
mm_R29_M6994_S7_2,metacontig,8,283,275
AB522390_4,metacontig,1259,1697,438
NC_018226_3,metacontig,1797,2186,389
st_R29_M176014_S2_2,metacontig,101,492,391
ar_R29_M6344_S3_12,metacontig,2353,2811,458
ar_R29_M24314_S1_1,metacontig,35,438,403
NC_027208_1,metacontig,486,961,475
sa_R29_M2445_S1_3,metacontig,1,304,303
st_R29_M117682_S1_8,metacontig,747,1170,423
st_R29_M366380_S1_1,metacontig,11,368,357
st_R29_M129737_S1_1,metacontig,21,285,264
ar_R29_M31749_S1_5,metacontig,707,1179,472
ar_R29_M6344_S5_10,metacontig,1381,1839,458
st_R29_M16139_S1_1,metacontig,232,558,326
st_R29_M127433_S10_3,metacontig,10,291,281
ar_R29_M39505_S1_1,metacontig,43,453,410
ma_R29_M163_S35_2,metacontig,75,491,416
NC_023637_4,metacontig,1862,2302,440
fi_R29_M1645_S1_1,metacontig,976,1387,411
LC215901_3,metacontig,288,726,438
mm_R29_M4462_S1_4,metacontig,794,1193,399
st_R29_M290990_S1_2,metacontig,1110,1594,484
st_R29_M289196_S1_8,metacontig,1416,1857,441
ma_R29_M163_S25_1,metacontig,44,460,416
ma_R29_M6031_S5_7,metacontig,1793,2185,392
ma_R29_M163_S26_2,metacontig,21,437,416
mm_R29_M3059_S1_1,metacontig,35,505,470
mm_R29_M1106_S1_1,metacontig,6,458,452
st_R29_M151778_S1_1,metacontig,100,601,501
ma_R29_M163_S20_2,metacontig,75,491,416
st_R29_M178913_S1_2,metacontig,58,548,490
LC047791_2,metacontig,93,511,418
ar_R29_M34820_S1_1,metacontig,38,452,414
ma_R29_M163_S17_2,metacontig,75,491,416
st_R29_M216688_S1_3,metacontig,1793,2216,423
ma_R29_M6258_S1_11,metacontig,89,504,415
st_R29_M426214_S1_5,metacontig,474,956,482
mm_R29_M5793_S18_3,metacontig,2497,2976,479
al_R29_M275_S1_2,metacontig,42,453,411
fu_R29_M5454_S1_3,metacontig,75,558,483
LC469052_2,metacontig,1208,1646,438
st_R29_M382616_S1_2,metacontig,92,520,428
ar_R29_M7069_S176_9,metacontig,2053,2479,426
sa_R29_M1171_S1_15,metacontig,1681,2192,511
mm_R29_M6152_S1_2,metacontig,1728,2150,422
st_R29_M445804_S1_4,metacontig,120,555,435
KY435608_2,metacontig,2567,3001,434
ma_R29_M163_S24_1,metacontig,42,451,409
LC586027_1,metacontig,499,985,486
st_R29_M232314_S1_2,metacontig,76,505,429
st_R29_M105353_S1_2,metacontig,820,1104,284
MK096773_4,metacontig,75,531,456
st_R29_M269717_S1_8,metacontig,92,514,422
sa_R29_M2142_S1_1,metacontig,38,438,400
ma_R29_M163_S12_2,metacontig,75,491,416
st_R29_M348251_S1_4,metacontig,387,700,313
st_R29_M401685_S1_1,metacontig,435,907,472
ma_R29_M163_S23_3,metacontig,69,485,416
MK613068_2,metacontig,85,501,416
ma_R29_M163_S9_9,metacontig,75,491,416
KX060809_2,metacontig,85,501,416
ma_R29_M2819_S1_1,metacontig,36,454,418
ar_R29_M7069_S373_7,metacontig,2567,3001,434
MK404649_2,metacontig,94,512,418
st_R29_M400107_S1_1,metacontig,4,341,337
st_R29_M116184_S1_1,metacontig,5,433,428
mm_R29_M7699_S1_4,metacontig,1,441,440
st_R29_M323626_S1_2,metacontig,248,656,408
ma_R29_M3574_S1_1,metacontig,878,1325,447
st_R29_M216662_S1_5,metacontig,1782,2187,405
st_R29_M81828_S1_1,metacontig,1248,1607,359
fu_R29_M5082_S1_4,metacontig,393,846,453
st_R29_M276852_S1_1,metacontig,174,481,307
fu_R29_M2600_S1_9,metacontig,399,853,454
ar_R29_M6669_S1_11,metacontig,1969,2421,452
ar_R29_M14598_S1_1,metacontig,158,644,486
mm_R29_M3852_S1_10,metacontig,1318,1786,468
MN087316_2,metacontig,90,506,416
mm_R29_M6163_S1_3,metacontig,666,1144,478
ar_R29_M42907_S1_2,metacontig,2090,2514,424
st_R29_M391955_S1_2,metacontig,292,584,292
st_R29_M144752_S1_1,metacontig,1,328,327
st_R29_M170356_S1_5,metacontig,652,1085,433
ar_R29_M32167_S1_1,metacontig,56,476,420
st_R29_M364371_S1_1,metacontig,9,332,323
sa_R29_M1822_S1_21,metacontig,1501,1978,477
mm_R29_M2638_S1_1,metacontig,1149,1578,429
LC483441_1,metacontig,1216,1655,439
st_R29_M222298_S1_12,metacontig,1256,1709,453
ar_R29_M27546_S1_1,metacontig,45,446,401
ar_R29_M17165_S1_1,metacontig,33,436,403
st_R29_M323617_S1_2,metacontig,1,324,323
fi_R29_M525_S2_1,metacontig,344,779,435
mm_R29_M2075_S1_1,metacontig,1,381,380
LC047794_3,metacontig,72,490,418
ma_R29_M163_S22_4,metacontig,75,491,416
ma_R29_M301_S1_1,metacontig,1198,1619,421
KY646154_2,metacontig,85,503,418
ar_R29_M4159_S1_1,metacontig,2396,2873,477
st_R29_M92136_S2_2,metacontig,17,326,309
st_R29_M144843_S1_4,metacontig,1,342,341
NC_002470_4,metacontig,81,495,414
LC047792_2,metacontig,119,542,423
st_R29_M16993_S1_2,metacontig,434,792,358
ar_R29_M11869_S1_2,metacontig,1665,2143,478
ar_R29_M22412_S2_2,metacontig,499,934,435
ar_R29_M7069_S1018_4,metacontig,127,603,476
ar_R29_M26659_S1_1,metacontig,43,440,397
st_R29_M240112_S1_3,metacontig,308,773,465
mm_R29_M2966_S1_12,metacontig,188,655,467
MG661261_2,metacontig,71,493,422
MN920666_2,metacontig,66,477,411
KU764486_2,metacontig,75,491,416
ro_R29_M267_S1_1,metacontig,1076,1521,445
st_R29_M41504_S1_1,metacontig,386,688,302
st_R29_M309195_S1_1,metacontig,2,278,276
st_R29_M348919_S1_12,metacontig,2070,2500,430
LC215893_4,metacontig,1193,1636,443
st_R29_M406012_S1_1,metacontig,74,499,425
MK096775_2,metacontig,46,501,455
ar_R29_M32846_S1_1,metacontig,1243,1667,424
ma_R29_M3690_S2_2,metacontig,72,490,418
mm_R29_M1739_S1_2,metacontig,1381,1860,479
ar_R29_M35082_S1_1,metacontig,51,469,418
mm_R29_M8228_S1_1,metacontig,1306,1783,477
st_R29_M110294_S1_1,metacontig,6,357,351
ar_R29_M710_S1_4,metacontig,2313,2807,494
LC047788_3,metacontig,72,490,418
st_R29_M201283_S1_9,metacontig,79,528,449
MW281483_3,metacontig,2366,2838,472
st_R29_M17582_S1_8,metacontig,105,547,442
ma_R29_M3690_S1_13,metacontig,93,511,418
st_R29_M403039_S1_1,metacontig,79,492,413
st_R29_M367903_S1_1,metacontig,2,347,345
ar_R29_M2199_S1_1,metacontig,12,334,322
LC586028_1,metacontig,490,975,485
st_R29_M348421_S1_1,metacontig,607,1024,417
st_R29_M92969_S1_2,metacontig,373,675,302
ma_R29_M5074_S1_15,metacontig,89,504,415
st_R29_M367844_S1_2,metacontig,69,474,405
NC_012699_4,metacontig,1049,1465,416
LC215891_4,metacontig,1081,1522,441
ar_R29_M7069_S1374_1,metacontig,48,462,414
st_R29_M283822_S1_3,metacontig,479,961,482
st_R29_M173506_S1_1,metacontig,34,357,323
LC215896_1,metacontig,1203,1639,436
ma_R29_M4887_S1_1,metacontig,104,522,418
ar_R29_M18254_S1_1,metacontig,45,451,406
st_R29_M121199_S1_1,metacontig,2205,2685,480
st_R29_M29159_S1_1,metacontig,1,329,328
ar_R29_M5392_S1_2,metacontig,2,419,417
ma_R29_M163_S6_5,metacontig,925,1341,416
al_R29_M469_S1_4,metacontig,266,557,291
KY859988_4,metacontig,79,495,416
KM822593_3,metacontig,74,489,415
st_R29_M374228_S1_1,metacontig,457,931,474
ar_R29_M7069_S865_3,metacontig,827,1303,476
ma_R29_M163_S8_8,metacontig,75,483,408
mm_R29_M379_S1_1,metacontig,1,302,301
st_R29_M115642_S1_1,metacontig,7,390,383
st_R29_M388843_S1_2,metacontig,92,495,403
st_R29_M97433_S1_2,metacontig,1,298,297
st_R29_M420389_S1_1,metacontig,387,839,452
ar_R29_M15334_S1_2,metacontig,91,482,391
ma_R29_M5392_S1_2,metacontig,1157,1578,421
st_R29_M26859_S1_1,metacontig,7,301,294
st_R29_M16051_S1_1,metacontig,199,659,460
mm_R29_M1714_S1_7,metacontig,1061,1541,480
st_R29_M164999_S1_1,metacontig,44,545,501
MN807051_2,metacontig,80,499,419
ar_R29_M2870_S2_1,metacontig,2,355,353
AY533037_3,metacontig,400,847,447
ma_R29_M5240_S1_5,metacontig,3,415,412
ar_R29_M10750_S1_1,metacontig,1697,2235,538
ar_R29_M2727_S1_3,metacontig,94,508,414
NC_023629_2,metacontig,121,531,410
mm_R29_M7282_S1_1,metacontig,832,1298,466
st_R29_M4505_S63_2,metacontig,218,499,281
st_R29_M162016_S1_10,metacontig,400,847,447
ar_R29_M408_S1_4,metacontig,6,404,398
LC215890_1,metacontig,1183,1617,434
ar_R29_M17928_S1_1,metacontig,46,501,455
st_R29_M23134_S1_5,metacontig,86,493,407
al_R29_M725_S1_2,metacontig,62,457,395
MN102403_4,metacontig,1261,1708,447
st_R29_M95500_S1_1,metacontig,66,566,500
MN150124_3,metacontig,74,489,415
ar_R29_M2139_S1_2,metacontig,850,1316,466
ma_R29_M163_S36_2,metacontig,45,462,417
st_R29_M388842_S1_2,metacontig,85,520,435
NC_040674_5,metacontig,1098,1480,382
st_R29_M169634_S1_3,metacontig,795,1157,362
LC215897_2,metacontig,1203,1624,421
ar_R29_M36029_S1_1,metacontig,35,439,404
st_R29_M426208_S1_1,metacontig,52,556,504
mm_R29_M6820_S1_2,metacontig,744,1133,389
ar_R29_M7303_S1_1,metacontig,109,474,365
ar_R29_M7069_S405_5,metacontig,561,1041,480
st_R29_M61831_S1_1,metacontig,54,452,398
NC_025367_2,metacontig,110,563,453
AF323747_1,metacontig,2501,2936,435
ar_R29_M22924_S1_2,metacontig,13,391,378
ar_R29_M24965_S1_1,metacontig,38,454,416
ar_R29_M18104_S1_2,metacontig,44,445,401
st_R29_M393565_S1_1,metacontig,285,607,322
NC_026316_3,metacontig,1799,2179,380
ar_R29_M43566_S1_1,metacontig,43,468,425
sa_R29_M1232_S1_2,metacontig,42,410,368
st_R29_M58286_S1_4,metacontig,56,535,479
st_R29_M441210_S1_2,metacontig,98,509,411
ma_R29_M85_S1_1,metacontig,1,368,367
ar_R29_M22439_S1_3,metacontig,1254,1703,449
ar_R29_M31344_S1_1,metacontig,56,448,392
st_R29_M157127_S1_3,metacontig,351,835,484
st_R29_M308167_S1_5,metacontig,6,383,377
mm_R29_M4616_S1_17,metacontig,958,1433,475
mm_R29_M2281_S1_1,metacontig,95,559,464
mm_R29_M1883_S1_2,metacontig,84,572,488
st_R29_M33772_S1_1,metacontig,1,316,315
sa_R29_M1025_S1_2,metacontig,36,451,415
NC_013443_2,metacontig,76,486,410
mm_R29_M2407_S1_1,metacontig,2184,2661,477
ar_R29_M32789_S1_2,metacontig,64,545,481
LC215895_4,metacontig,1231,1690,459
st_R29_M253547_S1_1,metacontig,39,498,459
st_R29_M226399_S1_2,metacontig,110,529,419
KT946734_3,metacontig,82,496,414
AB522397_5,metacontig,1260,1706,446
st_R29_M23652_S1_2,metacontig,73,535,462
sa_R29_M711_S1_1,metacontig,23,373,350
st_R29_M151653_S1_5,metacontig,9,336,327
ar_R29_M30949_S1_1,metacontig,12,318,306
LC215882_3,metacontig,1226,1680,454
ar_R29_M7069_S195_8,metacontig,1491,1965,474
st_R29_M283760_S1_1,metacontig,59,558,499
st_R29_M259051_S1_2,metacontig,94,508,414
st_R29_M72370_S1_1,metacontig,971,1320,349
st_R29_M141650_S1_1,metacontig,49,521,472
ar_R29_M10916_S1_1,metacontig,48,556,508
LT898422_1,metacontig,1798,2184,386
NC_023630_5,metacontig,89,504,415
mm_R29_M2485_S1_10,metacontig,640,1137,497
ar_R29_M6344_S1_19,metacontig,1195,1647,452
AY237419_4,metacontig,1259,1706,447
MK279506_4,metacontig,411,861,450
st_R29_M237661_S1_1,metacontig,11,411,400
am_R29_M40_S1_1,metacontig,399,884,485
mm_R29_M3217_S1_1,metacontig,775,1199,424
ar_R29_M13569_S1_1,metacontig,13,353,340
MH932227_2,metacontig,2659,3097,438
mm_R29_M281_S1_1,metacontig,978,1431,453
KX000384_2,metacontig,1203,1643,440
st_R29_M336434_S1_2,metacontig,9,433,424
st_R29_M379644_S1_1,metacontig,41,445,404
st_R29_M4738_S1_1,metacontig,40,454,414
LC047797_3,metacontig,87,504,417
st_R29_M51278_S1_1,metacontig,1,332,331
st_R29_M335820_S1_2,metacontig,72,556,484
st_R29_M308550_S1_1,metacontig,100,503,403
ar_R29_M33162_S1_3,metacontig,2254,2733,479
mm_R29_M6683_S1_2,metacontig,1,251,250
ar_R29_M7069_S37_6,metacontig,1962,2442,480
mm_R29_M2376_S8_1,metacontig,40,317,277
sa_R29_M1789_S1_13,metacontig,87,483,396
ar_R29_M7069_S81_3,metacontig,2468,2944,476
sa_R29_M1508_S1_1,metacontig,41,450,409
st_R29_M318539_S1_3,metacontig,6,437,431
st_R29_M232056_S1_2,metacontig,69,502,433
mm_R29_M899_S1_3,metacontig,153,548,395
LT898424_2,metacontig,73,490,417
st_R29_M131129_S1_1,metacontig,15,362,347
ma_R29_M5471_S1_2,metacontig,1203,1644,441
MW037840_3,metacontig,98,513,415
NC_023632_2,metacontig,121,530,409
sa_R29_M597_S1_5,metacontig,61,494,433
st_R29_M213372_S1_1,metacontig,270,639,369
ar_R29_M7069_S378_2,metacontig,1693,2173,480
st_R29_M202582_S1_1,metacontig,75,585,510
fi_R29_M733_S1_1,metacontig,3,326,323
st_R29_M395671_S1_1,metacontig,49,546,497
ma_R29_M2583_S1_2,metacontig,1797,2185,388
st_R29_M60835_S1_2,metacontig,3,283,280
st_R29_M287_S1_1,metacontig,87,516,429
mm_R29_M8133_S1_4,metacontig,730,1212,482
LC215886_2,metacontig,1206,1645,439
KP067444_4,metacontig,1261,1702,441
st_R29_M226417_S1_1,metacontig,3,311,308
LT898429_1,metacontig,1797,2185,388
fi_R29_M214_S1_12,metacontig,143,575,432
ma_R29_M2583_S2_2,metacontig,46,383,337
mm_R29_M236_S1_3,metacontig,276,721,445
st_R29_M16059_S1_3,metacontig,1615,2074,459
st_R29_M61800_S1_2,metacontig,81,536,455
ar_R29_M7069_S131_3,metacontig,1962,2443,481
st_R29_M314356_S1_1,metacontig,69,489,420
sa_R29_M2348_S1_2,metacontig,29,511,482
fu_R29_M3333_S1_1,metacontig,77,500,423
sa_R29_M2034_S1_6,metacontig,438,881,443
st_R29_M38992_S1_1,metacontig,62,560,498
ma_R29_M29_S1_6,metacontig,73,481,408
ar_R29_M5167_S1_1,metacontig,134,702,568
KY940545_2,metacontig,75,492,417
ma_R29_M163_S27_6,metacontig,21,376,355
fu_R29_M3809_S1_1,metacontig,1323,1754,431
sa_R29_M2521_S1_2,metacontig,37,472,435
st_R29_M290891_S1_1,metacontig,5,448,443
ar_R29_M33450_S1_3,metacontig,196,482,286
st_R29_M177344_S1_8,metacontig,447,894,447
st_R29_M255371_S1_3,metacontig,5,419,414
st_R29_M119876_S1_1,metacontig,3,364,361
ar_R29_M7804_S1_2,metacontig,39,435,396
st_R29_M190610_S1_1,metacontig,72,487,415
AB455793_5,metacontig,1240,1702,462
st_R29_M140723_S1_1,metacontig,392,858,466
al_R29_M746_S1_3,metacontig,61,495,434
st_R29_M440621_S1_5,metacontig,72,497,425
AY646855_6,metacontig,1259,1704,445
st_R29_M405989_S1_1,metacontig,73,590,517
MK962341_2,metacontig,73,490,417
ar_R29_M22382_S1_1,metacontig,1410,1766,356
ar_R29_M22579_S1_3,metacontig,38,440,402
LC586030_2,metacontig,499,987,488
AB829252_2,metacontig,77,494,417
ma_R29_M6191_S1_1,metacontig,18,328,310
MT432184_3,metacontig,76,491,415
st_R29_M259523_S1_1,metacontig,397,818,421
NC_023631_4,metacontig,89,511,422
st_R29_M36557_S1_1,metacontig,25,450,425
st_R29_M212287_S1_1,metacontig,39,354,315
MK404646_2,metacontig,135,559,424
MK404647_2,metacontig,89,506,417
st_R29_M360133_S1_4,metacontig,1461,1894,433
ma_R29_M6031_S3_6,metacontig,24,361,337
st_R29_M290529_S1_3,metacontig,87,542,455
MT232758_3,metacontig,426,898,472
ar_R29_M34243_S1_1,metacontig,41,439,398
mm_R29_M2510_S1_1,metacontig,1,321,320
ar_R29_M29525_S1_2,metacontig,304,773,469
st_R29_M101913_S1_1,metacontig,78,572,494
mm_R29_M7170_S1_3,metacontig,497,896,399
FJ387164_1,metacontig,1228,1690,462
NC_024701_3,metacontig,98,506,408
st_R29_M24946_S1_4,metacontig,398,849,451
NC_032212_3,metacontig,2312,2899,587
al_R29_M432_S1_6,metacontig,89,500,411
st_R29_M286778_S1_1,metacontig,49,546,497
sa_R29_M1797_S1_2,metacontig,39,454,415
sp_R29_M407_S1_1,metacontig,511,979,468
st_R29_M363535_S1_6,metacontig,82,485,403
MH718886_7,metacontig,1217,1660,443
st_R29_M16999_S1_15,metacontig,703,1128,425
ma_R29_M163_S40_1,metacontig,2,356,354
mm_R29_M5674_S1_2,metacontig,150,440,290
mm_R29_M2527_S3_1,metacontig,8,244,236
MN102407_3,metacontig,1266,1714,448
ar_R29_M293_S1_1,metacontig,54,471,417
MN150125_4,metacontig,74,489,415
st_R29_M197682_S1_2,metacontig,60,534,474
st_R29_M290975_S1_6,metacontig,1444,1891,447
st_R29_M140145_S1_1,metacontig,58,559,501
st_R29_M18191_S1_3,metacontig,77,571,494
ma_R29_M163_S1_15,metacontig,318,757,439
am_R29_M413_S1_1,metacontig,1,363,362
mm_R29_M8100_S1_9,metacontig,646,1127,481
LC150612_3,metacontig,2293,2877,584
MK279500_3,metacontig,386,833,447
ar_R29_M2002_S1_2,metacontig,14,411,397
sa_R29_M2571_S1_1,metacontig,1066,1462,396
st_R29_M250626_S1_1,metacontig,87,582,495
NC_010624_3,metacontig,1240,1702,462
mm_R29_M7654_S1_7,metacontig,1,425,424
MF944258_5,metacontig,1240,1702,462
st_R29_M240547_S1_1,metacontig,4,343,339
st_R29_M75398_S1_1,metacontig,67,554,487
ri_R29_M155_S1_7,metacontig,472,947,475
ar_R29_M7069_S1284_3,metacontig,361,655,294
ma_R29_M4119_S1_2,metacontig,1246,1686,440
st_R29_M432264_S1_2,metacontig,244,566,322
ar_R29_M12056_S1_1,metacontig,55,522,467
ar_R29_M37137_S1_1,metacontig,49,525,476
st_R29_M37817_S1_1,metacontig,106,529,423
st_R29_M33129_S1_1,metacontig,59,553,494
ar_R29_M43434_S1_1,metacontig,44,471,427
ar_R29_M33538_S1_2,metacontig,59,470,411
st_R29_M226404_S1_5,metacontig,1009,1475,466
st_R29_M398648_S1_2,metacontig,297,836,539
st_R29_M8094_S1_16,metacontig,1892,2279,387
sa_R29_M2704_S1_2,metacontig,70,491,421
st_R29_M446504_S1_2,metacontig,94,521,427
LC215888_1,metacontig,1192,1631,439
sa_R29_M2156_S1_5,metacontig,64,496,432
st_R29_M58072_S1_3,metacontig,73,436,363
mm_R29_M2807_S1_4,metacontig,564,1050,486
st_R29_M205045_S1_3,metacontig,109,504,395
st_R29_M16385_S1_9,metacontig,68,524,456
MG599036_6,metacontig,1217,1660,443
NC_026813_3,metacontig,2296,2876,580
fu_R29_M5679_S1_1,metacontig,73,566,493
fu_R29_M5044_S1_12,metacontig,468,922,454
st_R29_M236059_S1_2,metacontig,53,535,482
MN565047_1,metacontig,81,500,419
ar_R29_M25480_S1_1,metacontig,46,459,413
fu_R29_M746_S1_3,metacontig,1,305,304
mm_R29_M4642_S1_1,metacontig,552,880,328
ar_R29_M22907_S1_1,metacontig,58,427,369
ar_R29_M12486_S1_5,metacontig,55,456,401
mm_R29_M5539_S1_11,metacontig,77,441,364
ar_R29_M27141_S1_1,metacontig,43,434,391
ar_R29_M25604_S1_1,metacontig,93,517,424
st_R29_M184809_S1_2,metacontig,71,477,406
KJ508818_1,metacontig,1216,1659,443
AB823732_2,metacontig,77,483,406
mm_R29_M6266_S1_1,metacontig,1026,1418,392
st_R29_M4741_S1_2,metacontig,111,545,434
st_R29_M323079_S1_7,metacontig,101,522,421
NC_015935_2,metacontig,94,495,401
st_R29_M33233_S1_2,metacontig,60,563,503
st_R29_M71597_S4_4,metacontig,40,401,361
st_R29_M239013_S1_10,metacontig,13,355,342
st_R29_M128812_S1_1,metacontig,398,850,452
st_R29_M373293_S1_1,metacontig,75,576,501
ma_R29_M145_S1_2,metacontig,77,504,427
KY855439_4,metacontig,76,503,427
st_R29_M368360_S1_1,metacontig,61,539,478
KY855442_4,metacontig,76,503,427
st_R29_M239010_S1_1,metacontig,1,280,279
MN920670_3,metacontig,68,492,424
LC215880_3,metacontig,904,1341,437
st_R29_M327022_S1_1,metacontig,32,517,485
st_R29_M310923_S1_6,metacontig,144,547,403
ar_R29_M29579_S1_1,metacontig,3,343,340
st_R29_M416826_S1_1,metacontig,96,558,462
sa_R29_M3241_S1_17,metacontig,1304,1757,453
st_R29_M216300_S1_1,metacontig,8,287,279
st_R29_M289185_S1_2,metacontig,39,406,367
st_R29_M314413_S1_2,metacontig,24,438,414
NC_004064_4,metacontig,1216,1660,444
fi_R29_M1025_S1_10,metacontig,1039,1474,435
st_R29_M252672_S1_1,metacontig,75,504,429
NC_030868_1,metacontig,392,836,444
mm_R29_M3837_S1_1,metacontig,2,307,305
sa_R29_M868_S1_1,metacontig,34,434,400
fu_R29_M5220_S1_4,metacontig,21,416,395
ar_R29_M33229_S1_1,metacontig,2,310,308
ar_R29_M38240_S1_2,metacontig,44,430,386
ma_R29_M3423_S1_7,metacontig,277,715,438
st_R29_M425591_S1_1,metacontig,59,552,493
st_R29_M425591_S4_1,metacontig,59,552,493
st_R29_M111915_S1_6,metacontig,95,521,426
ar_R29_M2870_S1_2,metacontig,12,358,346
NC_000940_1,metacontig,1252,1683,431
ar_R29_M2498_S110_2,metacontig,139,563,424
MK965898_2,metacontig,1251,1689,438
st_R29_M317231_S1_2,metacontig,76,561,485
fu_R29_M757_S1_1,metacontig,92,529,437
st_R29_M111436_S1_2,metacontig,96,418,322
st_R29_M71822_S2_2,metacontig,3,295,292
st_R29_M409767_S1_1,metacontig,83,576,493
fi_R29_M1699_S1_7,metacontig,1094,1549,455
sa_R29_M3010_S1_1,metacontig,58,470,412
ar_R29_M22386_S1_1,metacontig,1,316,315
ar_R29_M13037_S1_1,metacontig,2,341,339
st_R29_M118486_S1_2,metacontig,93,370,277
st_R29_M23656_S1_6,metacontig,172,613,441
ar_R29_M26920_S1_2,metacontig,192,675,483
MK404648_2,metacontig,94,512,418
st_R29_M321016_S1_1,metacontig,62,567,505
NC_005092_1,metacontig,2523,2957,434
LC215887_1,metacontig,941,1385,444
st_R29_M182884_S1_1,metacontig,66,542,476
st_R29_M87859_S1_1,metacontig,3,314,311
st_R29_M234715_S1_1,metacontig,52,520,468
st_R29_M60107_S1_2,metacontig,95,521,426
ro_R29_M288_S1_6,metacontig,1337,1775,438
ar_R29_M39597_S1_1,metacontig,37,438,401
st_R29_M221720_S1_7,metacontig,100,531,431
ar_R29_M34332_S1_1,metacontig,54,441,387
st_R29_M30743_S1_1,metacontig,17,457,440
ar_R29_M13170_S1_1,metacontig,71,484,413
st_R29_M326658_S1_7,metacontig,91,546,455
ar_R29_M32314_S1_2,metacontig,807,1203,396
st_R29_M371403_S1_1,metacontig,44,374,330
KT922089_4,metacontig,1251,1690,439
st_R29_M279279_S1_4,metacontig,371,823,452
st_R29_M124675_S1_5,metacontig,402,897,495
fu_R29_M2809_S1_1,metacontig,2,346,344
MN102395_4,metacontig,1235,1702,467
st_R29_M295753_S1_5,metacontig,97,532,435
KX688107_1,metacontig,1251,1692,441
st_R29_M379397_S1_4,metacontig,295,719,424
ma_R29_M1541_S1_1,metacontig,11,344,333
ar_R29_M7069_S804_1,metacontig,770,1194,424
st_R29_M220764_S1_2,metacontig,335,770,435
mm_R29_M7205_S1_1,metacontig,52,489,437
st_R29_M195604_S1_1,metacontig,72,336,264
st_R29_M284052_S1_5,metacontig,104,551,447
fu_R29_M5666_S1_4,metacontig,478,965,487
KX000383_1,metacontig,1279,1711,432
st_R29_M181229_S1_2,metacontig,71,571,500
AY646856_3,metacontig,1249,1721,472
st_R29_M234686_S1_1,metacontig,103,609,506
st_R29_M361873_S1_2,metacontig,77,568,491
fu_R29_M896_S2_2,metacontig,84,501,417
sp_R29_M609_S1_1,metacontig,244,715,471
NC_027026_5,metacontig,1271,1707,436
st_R29_M45879_S1_1,metacontig,61,454,393
mm_R29_M6829_S1_1,metacontig,5,325,320
LC215879_2,metacontig,1247,1685,438
ar_R29_M32354_S1_1,metacontig,14,417,403
ar_R29_M14767_S1_2,metacontig,43,442,399
ar_R29_M19947_S1_1,metacontig,43,439,396
st_R29_M411435_S1_1,metacontig,79,561,482
LC215885_3,metacontig,1268,1705,437
st_R29_M252962_S1_4,metacontig,357,826,469
st_R29_M60734_S1_1,metacontig,17,336,319
ar_R29_M12065_S1_1,metacontig,96,582,486
mm_R29_M1953_S1_11,metacontig,1339,1806,467
st_R29_M196851_S1_3,metacontig,387,841,454
st_R29_M60119_S1_1,metacontig,43,543,500
ar_R29_M24141_S1_9,metacontig,2359,2819,460
MK521912_2,metacontig,71,503,432
st_R29_M232093_S1_1,metacontig,63,465,402
st_R29_M238655_S1_2,metacontig,450,939,489
ar_R29_M5376_S1_1,metacontig,146,482,336
st_R29_M96700_S1_1,metacontig,139,502,363
st_R29_M145289_S1_1,metacontig,100,566,466
st_R29_M118168_S1_2,metacontig,72,524,452
ar_R29_M7069_S995_5,metacontig,413,837,424
st_R29_M288712_S1_5,metacontig,377,836,459
ar_R29_M30432_S1_1,metacontig,37,445,408
ar_R29_M42748_S2_1,metacontig,17,282,265
LC215881_1,metacontig,1247,1681,434
ar_R29_M704_S1_1,metacontig,44,448,404
st_R29_M363570_S1_1,metacontig,18,410,392
st_R29_M437172_S1_1,metacontig,69,569,500
st_R29_M386965_S1_1,metacontig,86,587,501
st_R29_M198723_S1_2,metacontig,1413,1998,585
ar_R29_M27995_S1_1,metacontig,3,270,267
MT789781_2,metacontig,61,496,435
st_R29_M230514_S1_6,metacontig,63,505,442
st_R29_M237730_S1_1,metacontig,75,568,493
JX018212_4,metacontig,1216,1660,444
MK962339_1,metacontig,1251,1689,438
st_R29_M30767_S1_1,metacontig,133,481,348
st_R29_M60262_S1_4,metacontig,67,513,446
st_R29_M401891_S1_11,metacontig,384,858,474
ma_R29_M163_S39_1,metacontig,20,343,323
ar_R29_M39797_S1_1,metacontig,943,1314,371
fi_R29_M916_S1_4,metacontig,44,466,422
ar_R29_M32409_S1_1,metacontig,19,337,318
st_R29_M353011_S1_2,metacontig,44,522,478
fu_R29_M4563_S1_1,metacontig,389,849,460
mm_R29_M210_S1_1,metacontig,162,628,466
ar_R29_M39125_S1_1,metacontig,85,478,393
MK279502_1,metacontig,341,803,462
MK279501_3,metacontig,405,858,453
sa_R29_M1794_S1_1,metacontig,36,441,405
ar_R29_M3732_S1_2,metacontig,31,428,397
fi_R29_M1263_S1_1,metacontig,629,1080,451
sa_R29_M882_S1_4,metacontig,2,412,410
mm_R29_M7133_S1_2,metacontig,1,381,380
ma_R29_M3550_S1_2,metacontig,1,291,290
st_R29_M222472_S1_3,metacontig,8,480,472
st_R29_M343247_S1_10,metacontig,154,608,454
mm_R29_M1173_S1_1,metacontig,63,401,338
ar_R29_M30650_S1_2,metacontig,120,441,321
st_R29_M387068_S1_1,metacontig,59,556,497
st_R29_M409014_S1_1,metacontig,83,450,367
ar_R29_M20719_S1_3,metacontig,436,861,425
st_R29_M362921_S1_4,metacontig,1166,1661,495
fu_R29_M2481_S1_3,metacontig,76,575,499
NC_030870_1,metacontig,177,593,416
ar_R29_M7069_S394_9,metacontig,1218,1642,424
sa_R29_M1233_S1_4,metacontig,61,496,435
st_R29_M270276_S1_1,metacontig,9,309,300
MN862350_1,metacontig,34,418,384
mm_R29_M4603_S1_1,metacontig,1034,1480,446
st_R29_M373618_S1_1,metacontig,80,572,492
st_R29_M18182_S1_2,metacontig,40,502,462
ma_R29_M1453_S1_9,metacontig,73,489,416
st_R29_M301505_S1_1,metacontig,9,467,458
st_R29_M210108_S1_12,metacontig,95,510,415
fu_R29_M359_S2_1,metacontig,243,680,437
LC215875_1,metacontig,1206,1644,438
MT506231_3,metacontig,76,494,418
st_R29_M54354_S2_2,metacontig,51,514,463
KX431437_5,metacontig,284,733,449
ar_R29_M13459_S1_1,metacontig,44,437,393
ma_R29_M5121_S1_13,metacontig,80,500,420
st_R29_M326_S1_1,metacontig,18,337,319
st_R29_M80594_S1_3,metacontig,221,674,453
st_R29_M198701_S2_1,metacontig,45,506,461
st_R29_M365102_S1_2,metacontig,63,578,515
st_R29_M35382_S1_5,metacontig,94,521,427
st_R29_M126375_S1_16,metacontig,361,830,469
st_R29_M395711_S1_1,metacontig,1,303,302
MK452012_4,metacontig,1259,1668,409
st_R29_M212309_S1_6,metacontig,1797,2239,442
st_R29_M185237_S1_2,metacontig,17,484,467
st_R29_M33762_S1_1,metacontig,57,509,452
st_R29_M397393_S1_1,metacontig,73,543,470
ar_R29_M548_S2_4,metacontig,91,508,417
st_R29_M395237_S1_9,metacontig,637,921,284
am_R29_M582_S1_5,metacontig,79,499,420
st_R29_M210111_S1_1,metacontig,1,312,311
st_R29_M92032_S1_1,metacontig,1,299,298
st_R29_M131136_S1_4,metacontig,1305,1742,437
mm_R29_M6359_S1_1,metacontig,4,312,308
st_R29_M61787_S1_3,metacontig,71,516,445
st_R29_M169635_S1_2,metacontig,81,543,462
st_R29_M361762_S1_3,metacontig,1031,1502,471
st_R29_M425617_S1_1,metacontig,390,845,455
ar_R29_M7069_S1064_4,metacontig,442,866,424
st_R29_M115689_S1_1,metacontig,72,531,459
MN920664_3,metacontig,69,483,414
MK561969_1,metacontig,1197,1590,393
st_R29_M395468_S1_1,metacontig,84,509,425
ar_R29_M2498_S109_2,metacontig,17,398,381
st_R29_M182583_S1_5,metacontig,10,461,451
st_R29_M226519_S1_2,metacontig,1423,1881,458
NC_019026_2,metacontig,100,518,418
MK962340_1,metacontig,1251,1686,435
sa_R29_M1856_S1_3,metacontig,64,496,432
ar_R29_M40411_S1_1,metacontig,39,437,398
st_R29_M295768_S1_1,metacontig,62,528,466
st_R29_M286888_S1_1,metacontig,51,503,452
st_R29_M380579_S1_3,metacontig,565,1023,458
EU143847_2,metacontig,78,481,403
ar_R29_M7069_S363_6,metacontig,2548,2972,424
fu_R29_M482_S1_2,metacontig,91,524,433
st_R29_M138311_S1_2,metacontig,74,564,490
MH188050_1,metacontig,27,426,399
ar_R29_M31068_S1_3,metacontig,59,494,435
MK096776_4,metacontig,74,493,419
st_R29_M436595_S1_2,metacontig,2,288,286
fi_R29_M983_S1_1,metacontig,3,397,394
MW417242_3,metacontig,1891,2229,338
sa_R29_M2841_S1_3,metacontig,101,523,422
KJ186788_1,metacontig,2548,2972,424
st_R29_M210318_S1_1,metacontig,78,574,496
st_R29_M225935_S1_1,metacontig,47,454,407
st_R29_M142127_S2_3,metacontig,92,428,336
ar_R29_M42667_S1_1,metacontig,96,541,445
st_R29_M396573_S1_4,metacontig,1,317,316
KJ020899_3,metacontig,82,501,419
st_R29_M374924_S1_4,metacontig,2603,3187,584
LC483440_4,metacontig,1279,1710,431
st_R29_M80388_S1_14,metacontig,484,959,475
ar_R29_M12440_S1_13,metacontig,1087,1555,468
KY038163_2,metacontig,70,496,426
mm_R29_M600_S1_1,metacontig,110,492,382
ar_R29_M13437_S1_1,metacontig,1051,1424,373
st_R29_M283736_S1_5,metacontig,220,677,457
st_R29_M140014_S1_2,metacontig,5,358,353
fi_R29_M72_S1_10,metacontig,121,575,454
st_R29_M197216_S1_2,metacontig,71,551,480
al_R29_M173_S1_4,metacontig,73,489,416
fu_R29_M1578_S1_1,metacontig,76,538,462
st_R29_M184726_S1_4,metacontig,82,503,421
NC_024472_2,metacontig,77,488,411
st_R29_M269764_S1_1,metacontig,75,514,439
ar_R29_M37835_S1_1,metacontig,43,460,417
st_R29_M424828_S1_9,metacontig,2,303,301
st_R29_M196847_S1_1,metacontig,4,418,414
st_R29_M134369_S1_1,metacontig,174,636,462
NC_005790_2,metacontig,86,489,403
ma_R29_M4574_S1_1,metacontig,90,433,343
fi_R29_M1136_S1_1,metacontig,1083,1507,424
sa_R29_M3210_S1_1,metacontig,1056,1446,390
st_R29_M359875_S1_1,metacontig,66,480,414
st_R29_M80962_S1_1,metacontig,87,618,531
MK096774_3,metacontig,45,487,442
st_R29_M35306_S1_2,metacontig,73,475,402
ma_R29_M4645_S1_1,metacontig,160,564,404
mm_R29_M3423_S1_4,metacontig,1543,2004,461
sp_R29_M709_S5_2,metacontig,60,356,296
st_R29_M245389_S1_1,metacontig,60,539,479
st_R29_M255114_S1_4,metacontig,493,950,457
ar_R29_M17536_S1_6,metacontig,58,450,392
mm_R29_M1386_S1_6,metacontig,1206,1621,415
ar_R29_M25501_S1_2,metacontig,4,406,402
NC_006875_3,metacontig,1216,1660,444
fu_R29_M5428_S1_1,metacontig,41,543,502
st_R29_M221314_S1_1,metacontig,25,459,434
NC_018702_4,metacontig,73,490,417
st_R29_M101952_S1_1,metacontig,96,532,436
st_R29_M379375_S1_4,metacontig,388,846,458
st_R29_M10934_S1_1,metacontig,8,331,323
ar_R29_M31010_S1_2,metacontig,41,484,443
fu_R29_M5287_S1_1,metacontig,57,440,383
st_R29_M331674_S1_9,metacontig,1453,1843,390
fu_R29_M3865_S1_2,metacontig,79,552,473
NC_013014_1,metacontig,69,566,497
st_R29_M161950_S1_1,metacontig,76,514,438
ar_R29_M7069_S1478_1,metacontig,13,303,290
fi_R29_M1031_S1_5,metacontig,357,807,450
ar_R29_M13704_S1_1,metacontig,6,433,427
NC_007916_5,metacontig,1237,1661,424
st_R29_M398614_S1_4,metacontig,83,524,441
st_R29_M318337_S1_1,metacontig,58,547,489
ma_R29_M5139_S1_1,metacontig,139,547,408
st_R29_M63992_S1_4,metacontig,3,275,272
st_R29_M359742_S1_7,metacontig,402,845,443
ar_R29_M7029_S2_1,metacontig,600,933,333
st_R29_M299122_S1_4,metacontig,892,1371,479
st_R29_M41799_S1_1,metacontig,92,529,437
mm_R29_M2814_S1_6,metacontig,755,1243,488
fu_R29_M115_S1_2,metacontig,381,839,458
sa_R29_M1624_S1_1,metacontig,39,440,401
sa_R29_M3120_S1_5,metacontig,1539,1971,432
ar_R29_M16287_S1_2,metacontig,85,484,399
st_R29_M281459_S1_1,metacontig,380,844,464
st_R29_M92312_S1_1,metacontig,73,574,501
st_R29_M74653_S1_1,metacontig,46,570,524
st_R29_M152507_S1_2,metacontig,784,1247,463
st_R29_M234716_S1_3,metacontig,58,563,505
sa_R29_M851_S1_1,metacontig,74,536,462
st_R29_M181934_S1_1,metacontig,4,290,286
st_R29_M386395_S1_1,metacontig,72,546,474
st_R29_M290546_S1_2,metacontig,86,576,490
ar_R29_M36424_S1_1,metacontig,34,420,386
ar_R29_M35579_S1_1,metacontig,88,515,427
st_R29_M239859_S1_1,metacontig,1,296,295
st_R29_M441509_S1_2,metacontig,234,695,461
st_R29_M225402_S1_2,metacontig,67,568,501
st_R29_M96555_S1_1,metacontig,158,465,307
MT078248_2,metacontig,92,497,405
st_R29_M363980_S1_1,metacontig,17,428,411
fu_R29_M1779_S1_1,metacontig,71,561,490
ar_R29_M6482_S1_1,metacontig,47,372,325
st_R29_M164888_S2_6,metacontig,72,560,488
st_R29_M406297_S1_1,metacontig,57,548,491
st_R29_M41940_S1_1,metacontig,607,1051,444
st_R29_M269756_S1_1,metacontig,41,488,447
st_R29_M53333_S1_1,metacontig,3,391,388
st_R29_M111551_S1_1,metacontig,2,276,274
st_R29_M379645_S1_2,metacontig,43,447,404
st_R29_M102565_S1_7,metacontig,101,555,454
ar_R29_M7069_S366_3,metacontig,2235,2659,424
st_R29_M291448_S1_1,metacontig,79,567,488
KT946730_5,metacontig,81,494,413
sa_R29_M635_S1_1,metacontig,91,516,425
st_R29_M406040_S1_1,metacontig,658,1097,439
st_R29_M255363_S1_4,metacontig,86,511,425
st_R29_M27_S1_1,metacontig,14,337,323
st_R29_M308432_S1_1,metacontig,46,544,498
ar_R29_M30426_S3_2,metacontig,53,450,397
ar_R29_M19719_S1_3,metacontig,50,452,402
mm_R29_M6866_S1_1,metacontig,71,464,393
st_R29_M222085_S1_2,metacontig,85,511,426
st_R29_M234699_S1_2,metacontig,96,592,496
st_R29_M234991_S1_2,metacontig,415,858,443
st_R29_M153326_S1_1,metacontig,117,428,311
st_R29_M72276_S1_1,metacontig,79,580,501
st_R29_M105974_S1_2,metacontig,508,989,481
sa_R29_M2677_S1_1,metacontig,23,419,396
st_R29_M96441_S1_1,metacontig,92,579,487
ar_R29_M7563_S1_2,metacontig,33,343,310
mm_R29_M4627_S1_1,metacontig,1,349,348
ar_R29_M20404_S1_1,metacontig,6,325,319
ar_R29_M41547_S1_1,metacontig,38,457,419
ma_R29_M6693_S1_1,metacontig,2,427,425
NC_002469_2,metacontig,78,503,425
st_R29_M308551_S1_1,metacontig,1447,1918,471
MK211323_4,metacontig,78,503,425
st_R29_M427187_S1_1,metacontig,199,664,465
st_R29_M297347_S1_8,metacontig,5,408,403
st_R29_M17581_S1_2,metacontig,42,412,370
NC_024078_7,metacontig,1276,1714,438
fu_R29_M3886_S1_1,metacontig,106,530,424
st_R29_M152300_S1_3,metacontig,94,515,421
st_R29_M196848_S1_7,metacontig,109,568,459
st_R29_M41893_S1_1,metacontig,607,1051,444
ar_R29_M34741_S1_2,metacontig,43,448,405
st_R29_M236263_S1_1,metacontig,52,525,473
st_R29_M259920_S2_1,metacontig,614,974,360
ar_R29_M21937_S1_1,metacontig,42,471,429
st_R29_M35168_S1_2,metacontig,19,427,408
fu_R29_M3568_S1_2,metacontig,77,559,482
MN920663_3,metacontig,46,503,457
st_R29_M40783_S1_3,metacontig,72,563,491
MF973500_2,metacontig,76,470,394
NC_026814_2,metacontig,76,470,394
sa_R29_M859_S1_4,metacontig,1400,1834,434
fu_R29_M5689_S1_2,metacontig,9,351,342
ma_R29_M3712_S1_1,metacontig,3,318,315
ar_R29_M22420_S1_1,metacontig,63,464,401
mm_R29_M4615_S1_7,metacontig,1538,1993,455
ma_R29_M6031_S22_3,metacontig,659,986,327
ma_R29_M5035_S1_1,metacontig,56,473,417
st_R29_M153138_S1_2,metacontig,48,534,486
fu_R29_M1685_S1_3,metacontig,46,555,509
st_R29_M432279_S1_1,metacontig,56,535,479
fu_R29_M4284_S1_6,metacontig,196,670,474
MN920671_2,metacontig,63,505,442
st_R29_M97854_S1_1,metacontig,64,534,470
st_R29_M308164_S1_7,metacontig,1569,2035,466
NC_002797_1,metacontig,109,531,422
st_R29_M16694_S1_1,metacontig,1,303,302
st_R29_M120804_S1_1,metacontig,185,467,282
st_R29_M234838_S1_8,metacontig,209,664,455
NC_013220_1,metacontig,187,633,446
sa_R29_M1864_S1_1,metacontig,34,437,403
ma_R29_M1321_S1_5,metacontig,24,445,421
mm_R29_M2603_S1_1,metacontig,1078,1479,401
st_R29_M373737_S1_2,metacontig,84,563,479
st_R29_M4676_S1_10,metacontig,1570,2033,463
ar_R29_M15248_S1_1,metacontig,3,272,269
st_R29_M400971_S1_1,metacontig,58,539,481
ar_R29_M19003_S1_2,metacontig,87,485,398
sa_R29_M1313_S1_6,metacontig,1338,1780,442
ri_R29_M62_S1_1,metacontig,146,514,368
NC_030793_7,metacontig,1238,1666,428
sa_R29_M1_S1_5,metacontig,266,693,427
KF753807_2,metacontig,73,494,421
fu_R29_M1879_S1_1,metacontig,86,590,504
st_R29_M34321_S1_1,metacontig,61,561,500
st_R29_M71601_S1_1,metacontig,32,329,297
ar_R29_M20546_S1_5,metacontig,172,599,427
st_R29_M131120_S1_8,metacontig,1228,1645,417
mm_R29_M7636_S1_1,metacontig,14,414,400
sp_R29_M510_S1_4,metacontig,253,533,280
st_R29_M125932_S1_1,metacontig,53,498,445
st_R29_M172981_S1_2,metacontig,380,842,462
ar_R29_M31444_S1_3,metacontig,99,443,344
MW036464_5,metacontig,1254,1660,406
st_R29_M335812_S1_2,metacontig,75,546,471
st_R29_M319313_S1_1,metacontig,150,559,409
NC_025346_2,metacontig,100,512,412
st_R29_M321014_S1_1,metacontig,93,533,440
st_R29_M374150_S1_2,metacontig,70,554,484
NC_019028_2,metacontig,78,489,411
MN920668_2,metacontig,52,495,443
st_R29_M437303_S1_1,metacontig,2,315,313
sa_R29_M2804_S1_1,metacontig,4,323,319
ar_R29_M6063_S1_1,metacontig,44,452,408
st_R29_M53126_S1_2,metacontig,62,554,492
al_R29_M550_S1_2,metacontig,1062,1536,474
st_R29_M40030_S1_2,metacontig,62,479,417
st_R29_M175875_S1_9,metacontig,429,922,493
sa_R29_M3345_S1_1,metacontig,11,330,319
sa_R29_M2416_S1_1,metacontig,14,428,414
MN920672_3,metacontig,76,526,450
st_R29_M41297_S1_2,metacontig,553,1002,449
st_R29_M432278_S1_2,metacontig,65,550,485
sa_R29_M466_S1_3,metacontig,1352,1799,447
mm_R29_M4052_S1_1,metacontig,2,315,313
fu_R29_M1673_S1_1,metacontig,4,419,415
ar_R29_M8131_S1_3,metacontig,1847,2281,434
st_R29_M30740_S1_2,metacontig,38,487,449
st_R29_M63202_S1_2,metacontig,71,554,483
st_R29_M169656_S1_1,metacontig,43,437,394
st_R29_M196040_S1_1,metacontig,1402,1862,460
KY399947_7,metacontig,1340,1771,431
st_R29_M263191_S1_1,metacontig,49,524,475
st_R29_M386969_S1_2,metacontig,80,496,416
KF039911_2,metacontig,75,487,412
ar_R29_M7069_S1034_2,metacontig,24,364,340
ar_R29_M7069_S1170_1,metacontig,24,364,340
ar_R29_M7069_S1229_1,metacontig,24,364,340
ar_R29_M7069_S1303_1,metacontig,24,364,340
ar_R29_M7069_S847_2,metacontig,24,364,340
ar_R29_M7069_S851_1,metacontig,24,364,340
ar_R29_M7069_S896_1,metacontig,24,364,340
st_R29_M400118_S1_1,metacontig,2,361,359
st_R29_M426396_S1_1,metacontig,1,316,315
st_R29_M91571_S1_6,metacontig,80,549,469
st_R29_M441757_S1_3,metacontig,231,655,424
sa_R29_M409_S1_1,metacontig,1152,1559,407
ar_R29_M7069_S1384_1,metacontig,40,380,340
st_R29_M105975_S1_16,metacontig,216,609,393
LC047793_6,metacontig,81,502,421
ar_R29_M7069_S1025_1,metacontig,44,384,340
st_R29_M143338_S1_2,metacontig,62,553,491
st_R29_M234853_S1_1,metacontig,1125,1493,368
ar_R29_M7069_S924_1,metacontig,47,387,340
KT946731_2,metacontig,80,491,411
MW037839_3,metacontig,101,516,415
fu_R29_M3006_S1_1,metacontig,77,510,433
NC_024498_3,metacontig,87,514,427
st_R29_M202410_S1_1,metacontig,2,300,298
ar_R29_M7069_S1520_1,metacontig,16,356,340
st_R29_M269750_S1_2,metacontig,96,587,491
fu_R29_M4502_S1_3,metacontig,83,580,497
ar_R29_M7069_S1016_2,metacontig,60,400,340
ar_R29_M7069_S821_1,metacontig,60,400,340
ar_R29_M7069_S1287_1,metacontig,60,400,340
ar_R29_M7069_S843_2,metacontig,60,400,340
ar_R29_M7069_S845_6,metacontig,60,400,340
ar_R29_M7069_S966_1,metacontig,60,400,340
ar_R29_M7069_S979_1,metacontig,60,400,340
ma_R29_M131_S1_3,metacontig,156,555,399
fu_R29_M4325_S1_4,metacontig,414,856,442
sa_R29_M1710_S1_2,metacontig,60,500,440
ar_R29_M15799_S1_2,metacontig,55,478,423
ar_R29_M15802_S1_1,metacontig,49,463,414
sa_R29_M904_S1_8,metacontig,279,708,429
sa_R29_M585_S1_8,metacontig,82,503,421
ar_R29_M7069_S1289_1,metacontig,74,414,340
st_R29_M25799_S1_2,metacontig,80,568,488
mm_R29_M4024_S1_1,metacontig,44,512,468
MK059951_2,metacontig,71,483,412
st_R29_M362016_S1_1,metacontig,86,582,496
fu_R29_M2844_S1_2,metacontig,502,992,490
st_R29_M17000_S1_3,metacontig,97,544,447
ar_R29_M15502_S1_9,metacontig,1823,2261,438
ar_R29_M7069_S1172_1,metacontig,111,451,340
st_R29_M445670_S1_1,metacontig,55,527,472
KX599352_2,metacontig,68,480,412
st_R29_M386959_S1_2,metacontig,67,546,479
ar_R29_M43588_S1_1,metacontig,45,440,395
al_R29_M755_S1_1,metacontig,51,509,458
mm_R29_M2052_S1_8,metacontig,1203,1662,459
mm_R29_M7719_S1_3,metacontig,718,1178,460
st_R29_M42904_S1_2,metacontig,67,527,460
st_R29_M409780_S1_1,metacontig,88,471,383
ar_R29_M7069_S1493_1,metacontig,4,365,361
mm_R29_M2248_S1_1,metacontig,448,931,483
MN862354_1,metacontig,61,553,492
st_R29_M266174_S2_1,metacontig,61,553,492
fu_R29_M3095_S1_2,metacontig,7,441,434
NC_040791_2,metacontig,406,866,460
mm_R29_M2786_S1_3,metacontig,394,869,475
st_R29_M182315_S1_1,metacontig,58,533,475
ar_R29_M1065_S1_1,metacontig,79,489,410
ma_R29_M5869_S1_1,metacontig,47,447,400
ar_R29_M20676_S1_1,metacontig,37,333,296
st_R29_M441285_S1_2,metacontig,155,596,441
am_R29_M332_S1_2,metacontig,106,531,425
MT585643_5,metacontig,56,497,441
st_R29_M23645_S1_3,metacontig,66,544,478
st_R29_M355388_S1_2,metacontig,67,498,431
ar_R29_M25402_S1_3,metacontig,26,442,416
ar_R29_M15886_S8_1,metacontig,6,359,353
ar_R29_M7069_S1443_1,metacontig,9,348,339
st_R29_M112482_S1_1,metacontig,72,580,508
st_R29_M120778_S1_2,metacontig,20,520,500
ar_R29_M7069_S1320_1,metacontig,9,347,338
st_R29_M98698_S1_1,metacontig,85,364,279
NC_017099_3,metacontig,1834,2241,407
sa_R29_M708_S1_1,metacontig,225,550,325
ma_R29_M6032_S1_1,metacontig,3,350,347
st_R29_M441703_S3_1,metacontig,104,399,295
st_R29_M395790_S1_2,metacontig,94,425,331
st_R29_M401687_S1_10,metacontig,69,527,458
st_R29_M426201_S1_3,metacontig,2,310,308
GU985458_5,metacontig,91,506,415
LC501462_3,metacontig,430,867,437
ar_R29_M13567_S1_1,metacontig,58,461,403
fi_R29_M200_S1_2,metacontig,53,427,374
NC_004579_4,metacontig,93,508,415
ar_R29_M39419_S1_1,metacontig,42,436,394
MN732559_2,metacontig,48,489,441
st_R29_M18238_S1_2,metacontig,59,483,424
st_R29_M387938_S1_1,metacontig,344,768,424
mm_R29_M3000_S1_2,metacontig,108,467,359
ma_R29_M5898_S1_1,metacontig,9,340,331
NC_006275_1,metacontig,66,557,491
ma_R29_M1453_S2_6,metacontig,73,447,374
st_R29_M258971_S1_3,metacontig,75,563,488
st_R29_M170373_S1_3,metacontig,25,409,384
HM237363_3,metacontig,71,483,412
st_R29_M294742_S1_3,metacontig,73,507,434
st_R29_M41491_S1_1,metacontig,4,476,472
sa_R29_M997_S1_3,metacontig,69,495,426
st_R29_M137800_S1_3,metacontig,74,474,400
fu_R29_M4076_S1_2,metacontig,49,420,371
mm_R29_M5080_S1_16,metacontig,2382,2805,423
mm_R29_M1099_S1_10,metacontig,536,977,441
st_R29_M233697_S1_1,metacontig,71,537,466
st_R29_M387937_S1_2,metacontig,231,655,424
st_R29_M323056_S1_1,metacontig,166,509,343
ar_R29_M32461_S1_17,metacontig,1683,2153,470
fu_R29_M3538_S1_1,metacontig,29,337,308
st_R29_M284025_S1_1,metacontig,49,566,517
ma_R29_M6183_S2_4,metacontig,91,503,412
st_R29_M35552_S1_2,metacontig,52,500,448
mm_R29_M4227_S1_1,metacontig,252,535,283
st_R29_M395789_S1_1,metacontig,58,548,490
mm_R29_M2923_S6_3,metacontig,331,637,306
st_R29_M234701_S1_2,metacontig,19,387,368
sa_R29_M1749_S1_1,metacontig,16,409,393
NC_025379_2,metacontig,97,504,407
mm_R29_M7272_S1_1,metacontig,1356,1816,460
st_R29_M184808_S1_2,metacontig,100,585,485
st_R29_M314363_S1_2,metacontig,26,332,306
st_R29_M183273_S1_1,metacontig,12,299,287
st_R29_M238653_S1_5,metacontig,487,984,497
st_R29_M112486_S1_1,metacontig,92,548,456
mm_R29_M1164_S1_1,metacontig,9,330,321
ar_R29_M22913_S1_1,metacontig,762,1167,405
st_R29_M209972_S1_1,metacontig,75,541,466
KP747574_5,metacontig,76,497,421
ex_R29_M179_S1_1,metacontig,42,454,412
st_R29_M350574_S1_1,metacontig,52,500,448
MN732558_3,metacontig,48,489,441
mm_R29_M4089_S1_3,metacontig,1165,1631,466
st_R29_M388841_S1_4,metacontig,84,572,488
st_R29_M259911_S1_17,metacontig,707,1177,470
st_R29_M201405_S1_1,metacontig,14,287,273
st_R29_M407189_S1_1,metacontig,88,575,487
st_R29_M272336_S1_1,metacontig,1,313,312
st_R29_M89721_S1_1,metacontig,66,507,441
fu_R29_M1736_S1_3,metacontig,45,465,420
st_R29_M112484_S1_1,metacontig,68,560,492
fi_R29_M1353_S1_2,metacontig,124,558,434
ar_R29_M7069_S957_1,metacontig,60,400,340
st_R29_M34619_S1_4,metacontig,474,893,419
st_R29_M35166_S1_2,metacontig,73,463,390
st_R29_M234673_S1_1,metacontig,2,442,440
st_R29_M430122_S1_2,metacontig,90,526,436
st_R29_M113608_S1_3,metacontig,39,389,350
ar_R29_M35293_S1_1,metacontig,53,474,421
st_R29_M326148_S1_3,metacontig,93,585,492
ar_R29_M2626_S1_2,metacontig,71,567,496
ar_R29_M40226_S1_1,metacontig,38,459,421
NC_017936_5,metacontig,1262,1699,437
ar_R29_M13369_S1_1,metacontig,52,496,444
MN920669_2,metacontig,73,512,439
MT317154_2,metacontig,2668,2976,308
HQ398856_4,metacontig,86,498,412
ma_R29_M3483_S1_2,metacontig,65,408,343
al_R29_M383_S1_1,metacontig,36,506,470
ma_R29_M5122_S1_1,metacontig,74,413,339
ar_R29_M41944_S2_6,metacontig,602,1039,437
st_R29_M194983_S1_1,metacontig,3,329,326
MN560974_2,metacontig,393,845,452
MN175552_10,metacontig,1343,1785,442
ar_R29_M41230_S1_7,metacontig,887,1469,582
st_R29_M234940_S1_1,metacontig,116,381,265
mm_R29_M4535_S6_4,metacontig,239,725,486
st_R29_M339755_S1_4,metacontig,1790,2250,460
st_R29_M386967_S1_2,metacontig,61,575,514
JN870848_1,metacontig,2548,2971,423
MK279504_3,metacontig,376,845,469
am_R29_M208_S1_2,metacontig,80,494,414
mm_R29_M2_S1_11,metacontig,60,513,453
st_R29_M319768_S1_1,metacontig,3,291,288
mm_R29_M2339_S1_1,metacontig,3,351,348
st_R29_M113844_S1_1,metacontig,730,1191,461
st_R29_M259074_S1_3,metacontig,72,555,483
st_R29_M34408_S1_5,metacontig,85,465,380
ar_R29_M30718_S1_1,metacontig,14,387,373
st_R29_M17144_S1_1,metacontig,79,495,416
mm_R29_M6154_S1_1,metacontig,226,513,287
ma_R29_M6183_S1_12,metacontig,92,502,410
st_R29_M426315_S1_2,metacontig,2090,2504,414
st_R29_M299287_S1_2,metacontig,66,550,484
st_R29_M18201_S1_3,metacontig,71,555,484
ar_R29_M41944_S1_1,metacontig,1127,1564,437
ar_R29_M26103_S1_2,metacontig,86,574,488
st_R29_M311577_S1_1,metacontig,57,456,399
st_R29_M125572_S1_4,metacontig,17,388,371
st_R29_M409985_S1_1,metacontig,1,338,337
st_R29_M166636_S1_2,metacontig,141,544,403
st_R29_M142041_S1_4,metacontig,2,256,254
st_R29_M289718_S1_1,metacontig,2,357,355
ar_R29_M14692_S1_3,metacontig,1636,2087,451
st_R29_M133588_S1_4,metacontig,280,877,597
sa_R29_M2092_S5_10,metacontig,48,489,441
st_R29_M405910_S1_4,metacontig,1545,1992,447
sp_R29_M631_S1_1,metacontig,77,512,435
st_R29_M176342_S1_1,metacontig,50,335,285
st_R29_M347719_S1_1,metacontig,74,479,405
fu_R29_M2364_S1_1,metacontig,77,578,501
ar_R29_M16839_S1_1,metacontig,86,478,392
st_R29_M45635_S1_3,metacontig,377,844,467
sa_R29_M607_S1_1,metacontig,28,377,349
KF039910_3,metacontig,71,483,412
NC_003710_1,metacontig,87,518,431
st_R29_M367896_S1_1,metacontig,57,354,297
st_R29_M238672_S1_7,metacontig,92,509,417
st_R29_M58287_S1_1,metacontig,41,492,451
fu_R29_M907_S26_11,metacontig,74,512,438
ar_R29_M29590_S1_2,metacontig,316,649,333
MK450332_2,metacontig,112,499,387
st_R29_M192594_S1_3,metacontig,74,508,434
mm_R29_M6420_S1_19,metacontig,1439,1902,463
MN444721_3,metacontig,71,483,412
st_R29_M380113_S1_2,metacontig,104,503,399
am_R29_M287_S1_11,metacontig,250,654,404
ar_R29_M17834_S2_6,metacontig,84,538,454
st_R29_M18237_S1_6,metacontig,79,395,316
st_R29_M425012_S1_2,metacontig,49,491,442
ar_R29_M23018_S1_1,metacontig,32,389,357
ar_R29_M24405_S1_1,metacontig,55,472,417
NC_031747_3,metacontig,154,575,421
st_R29_M172202_S1_5,metacontig,382,800,418
ma_R29_M1835_S1_3,metacontig,79,486,407
sa_R29_M2092_S2_9,metacontig,48,489,441
fu_R29_M3350_S1_1,metacontig,6,459,453
st_R29_M348231_S1_1,metacontig,1339,1625,286
ma_R29_M2772_S1_1,metacontig,54,401,347
am_R29_M96_S1_11,metacontig,266,651,385
MN148428_3,metacontig,82,495,413
sa_R29_M679_S1_5,metacontig,61,471,410
ar_R29_M14242_S1_1,metacontig,21,373,352
ar_R29_M3496_S1_1,metacontig,20,389,369
MN920665_4,metacontig,71,503,432
st_R29_M395017_S1_10,metacontig,2417,2835,418
st_R29_M259004_S1_2,metacontig,80,589,509
ar_R29_M39839_S1_1,metacontig,374,767,393
st_R29_M24955_S1_2,metacontig,410,886,476
mm_R29_M4535_S1_5,metacontig,1209,1691,482
al_R29_M784_S1_2,metacontig,13,301,288
fi_R29_M475_S1_10,metacontig,240,658,418
ar_R29_M42883_S1_1,metacontig,23,269,246
MT642595_5,metacontig,77,497,420
ma_R29_M4248_S1_9,metacontig,77,497,420
ma_R29_M6031_S14_3,metacontig,1786,2095,309
st_R29_M153139_S1_3,metacontig,69,537,468
st_R29_M34399_S1_1,metacontig,70,498,428
st_R29_M72343_S1_1,metacontig,83,534,451
st_R29_M407830_S1_2,metacontig,85,470,385
st_R29_M362015_S1_1,metacontig,357,654,297
ar_R29_M31826_S1_5,metacontig,2414,2723,309
sa_R29_M230_S1_19,metacontig,1641,2114,473
st_R29_M380147_S1_1,metacontig,4,309,305
mm_R29_M7413_S1_2,metacontig,28,345,317
ar_R29_M22367_S1_3,metacontig,42,474,432
NC_011556_2,metacontig,63,552,489
MF684776_2,metacontig,71,483,412
st_R29_M121184_S1_1,metacontig,62,550,488
ar_R29_M40600_S1_1,metacontig,5,378,373
fu_R29_M5599_S1_1,metacontig,54,560,506
st_R29_M101957_S1_1,metacontig,106,526,420
ar_R29_M610_S1_1,metacontig,159,509,350
MH410610_2,metacontig,80,495,415
fi_R29_M753_S1_4,metacontig,86,442,356
st_R29_M72284_S1_1,metacontig,2,306,304
sa_R29_M2477_S1_2,metacontig,17,405,388
st_R29_M17311_S1_1,metacontig,90,487,397
st_R29_M388890_S1_1,metacontig,94,519,425
st_R29_M184688_S1_1,metacontig,1,306,305
ar_R29_M26815_S1_1,metacontig,675,1101,426
ar_R29_M13799_S1_1,metacontig,51,458,407
st_R29_M72972_S1_1,metacontig,25,411,386
mm_R29_M4238_S1_1,metacontig,427,715,288
ar_R29_M33574_S1_1,metacontig,102,560,458
ma_R29_M3505_S1_1,metacontig,62,500,438
NC_003790_3,metacontig,48,488,440
mm_R29_M2276_S1_1,metacontig,1,328,327
ar_R29_M4953_S1_1,metacontig,16,372,356
st_R29_M65517_S1_2,metacontig,50,526,476
ar_R29_M27682_S1_2,metacontig,100,512,412
st_R29_M215622_S1_2,metacontig,33,354,321
FJ375759_2,metacontig,989,1401,412
st_R29_M331688_S1_5,metacontig,15,428,413
st_R29_M386971_S1_1,metacontig,48,466,418
st_R29_M116435_S1_1,metacontig,578,990,412
sa_R29_M2092_S1_4,metacontig,64,488,424
st_R29_M133586_S1_2,metacontig,1,270,269
st_R29_M129299_S1_1,metacontig,45,492,447
ar_R29_M26817_S1_1,metacontig,86,500,414
ar_R29_M7886_S1_1,metacontig,70,418,348
st_R29_M335778_S1_2,metacontig,1610,2026,416
ma_R29_M2646_S1_8,metacontig,1591,2027,436
st_R29_M128788_S1_1,metacontig,58,331,273
st_R29_M65573_S1_1,metacontig,84,444,360
fi_R29_M1868_S1_3,metacontig,239,623,384
st_R29_M51364_S1_1,metacontig,241,562,321
ar_R29_M14680_S1_1,metacontig,649,1116,467
NC_037659_3,metacontig,1831,2257,426
st_R29_M58283_S1_2,metacontig,65,556,491
fu_R29_M1740_S1_1,metacontig,70,430,360
ar_R29_M30137_S1_1,metacontig,72,484,412
mm_R29_M4535_S5_5,metacontig,205,687,482
sa_R29_M2439_S1_7,metacontig,1341,1772,431
MK059950_3,metacontig,75,487,412
st_R29_M92311_S1_2,metacontig,86,538,452
mm_R29_M7780_S1_1,metacontig,2,378,376
ma_R29_M5216_S1_2,metacontig,71,505,434
mm_R29_M3562_S1_1,metacontig,50,497,447
mm_R29_M5793_S54_1,metacontig,4,293,289
st_R29_M74742_S1_1,metacontig,65,560,495
st_R29_M165627_S1_2,metacontig,61,549,488
st_R29_M373733_S1_1,metacontig,77,532,455
st_R29_M37620_S1_8,metacontig,154,575,421
st_R29_M35554_S1_12,metacontig,64,556,492
st_R29_M119891_S1_1,metacontig,4,297,293
st_R29_M339834_S1_5,metacontig,1963,2363,400
st_R29_M234713_S1_2,metacontig,93,578,485
st_R29_M407859_S1_3,metacontig,75,519,444
st_R29_M173608_S1_1,metacontig,65,329,264
st_R29_M141719_S1_2,metacontig,1189,1771,582
ar_R29_M33149_S1_1,metacontig,2,310,308
al_R29_M415_S1_1,metacontig,2,268,266
MK059955_3,metacontig,71,483,412
st_R29_M110265_S1_1,metacontig,72,513,441
ar_R29_M8046_S1_3,metacontig,96,411,315
st_R29_M396475_S1_1,metacontig,60,549,489
mm_R29_M7804_S1_9,metacontig,658,1162,504
st_R29_M279284_S1_1,metacontig,385,669,284
ma_R29_M3160_S1_4,metacontig,80,515,435
ma_R29_M2066_S1_1,metacontig,50,385,335
st_R29_M35554_S2_6,metacontig,64,556,492
fi_R29_M1823_S1_2,metacontig,18,385,367
ar_R29_M31164_S1_1,metacontig,1,323,322
st_R29_M140135_S1_1,metacontig,68,472,404
st_R29_M348453_S1_1,metacontig,91,531,440
st_R29_M145889_S1_3,metacontig,68,549,481
st_R29_M374332_S1_3,metacontig,78,355,277
st_R29_M408356_S1_1,metacontig,6,383,377
st_R29_M184857_S1_1,metacontig,68,473,405
NC_023636_5,metacontig,96,517,421
ma_R29_M6743_S1_1,metacontig,70,500,430
ar_R29_M7597_S1_25,metacontig,1416,1850,434
mm_R29_M6105_S1_1,metacontig,446,899,453
fu_R29_M4593_S1_1,metacontig,108,572,464
ar_R29_M41865_S1_1,metacontig,670,1052,382
st_R29_M225490_S1_1,metacontig,172,471,299
ar_R29_M32550_S1_1,metacontig,2,329,327
st_R29_M161974_S1_2,metacontig,3,317,314
fu_R29_M5065_S1_3,metacontig,411,885,474
fi_R29_M602_S1_1,metacontig,14,358,344
st_R29_M332609_S1_1,metacontig,135,396,261
st_R29_M141063_S1_3,metacontig,54,554,500
fu_R29_M5383_S1_8,metacontig,157,615,458
st_R29_M321010_S1_3,metacontig,72,563,491
st_R29_M96708_S1_2,metacontig,53,499,446
ma_R29_M6150_S1_1,metacontig,68,413,345
st_R29_M60077_S1_2,metacontig,121,428,307
ar_R29_M1290_S1_3,metacontig,12,282,270
st_R29_M215652_S1_2,metacontig,344,922,578
st_R29_M387062_S1_1,metacontig,61,550,489
st_R29_M289195_S1_5,metacontig,1456,1967,511
fi_R29_M1573_S1_1,metacontig,1,265,264
am_R29_M50_S1_3,metacontig,146,579,433
ar_R29_M7069_S1499_1,metacontig,38,345,307
mm_R29_M3675_S1_2,metacontig,51,360,309
ar_R29_M34959_S1_3,metacontig,91,443,352
st_R29_M393580_S1_4,metacontig,1356,1753,397
st_R29_M44279_S1_1,metacontig,90,581,491
st_R29_M23639_S1_2,metacontig,58,385,327
ma_R29_M6667_S1_1,metacontig,60,396,336
JF507725_3,metacontig,154,574,420
ar_R29_M28958_S1_2,metacontig,86,571,485
sa_R29_M1275_S1_2,metacontig,83,492,409
st_R29_M112488_S1_2,metacontig,9,463,454
st_R29_M184730_S1_2,metacontig,1,277,276
ar_R29_M21608_S1_2,metacontig,57,458,401
al_R29_M129_S1_1,metacontig,77,548,471
st_R29_M122611_S1_4,metacontig,79,525,446
ar_R29_M29904_S1_2,metacontig,80,428,348
ma_R29_M5695_S1_1,metacontig,65,522,457
NC_013470_3,metacontig,198,663,465
st_R29_M341379_S1_3,metacontig,156,578,422
st_R29_M371436_S1_2,metacontig,96,585,489
ar_R29_M5546_S1_1,metacontig,7,354,347
st_R29_M316614_S1_1,metacontig,73,491,418
st_R29_M80612_S1_1,metacontig,86,576,490
KY855437_2,metacontig,93,515,422
ar_R29_M8692_S1_1,metacontig,45,495,450
st_R29_M290549_S1_2,metacontig,1,332,331
st_R29_M65516_S1_1,metacontig,73,565,492
ar_R29_M3623_S1_1,metacontig,101,532,431
ma_R29_M1850_S1_1,metacontig,18,449,431
st_R29_M240254_S1_2,metacontig,91,580,489
ma_R29_M5227_S1_1,metacontig,71,509,438
ar_R29_M33243_S1_1,metacontig,288,711,423
st_R29_M379643_S1_2,metacontig,69,541,472
ma_R29_M3592_S1_1,metacontig,66,504,438
KM017742_3,metacontig,74,486,412
st_R29_M101947_S1_2,metacontig,56,552,496
st_R29_M257150_S1_1,metacontig,79,564,485
fu_R29_M1767_S1_6,metacontig,1569,1991,422
ma_R29_M5848_S1_1,metacontig,66,503,437
NC_024685_1,metacontig,1715,2140,425
mm_R29_M781_S1_6,metacontig,62,513,451
st_R29_M395257_S2_1,metacontig,1,267,266
st_R29_M449023_S1_1,metacontig,61,551,490
mm_R29_M4483_S1_1,metacontig,1700,2140,440
st_R29_M248431_S1_2,metacontig,1,377,376
st_R29_M102187_S1_1,metacontig,7,405,398
st_R29_M208593_S1_1,metacontig,2,281,279
st_R29_M200033_S1_2,metacontig,65,511,446
st_R29_M42098_S1_2,metacontig,65,433,368
MH464874_3,metacontig,158,580,422
KY312542_2,metacontig,1931,2214,283
sa_R29_M1365_S1_1,metacontig,63,508,445
fi_R29_M1203_S1_2,metacontig,4,291,287
st_R29_M137997_S1_5,metacontig,3,356,353
st_R29_M315377_S1_1,metacontig,75,516,441
ar_R29_M21772_S1_2,metacontig,36,357,321
st_R29_M439125_S1_7,metacontig,1499,1937,438
ar_R29_M6592_S1_3,metacontig,43,343,300
st_R29_M265241_S1_2,metacontig,368,827,459
st_R29_M37723_S1_3,metacontig,4,317,313
st_R29_M380966_S1_3,metacontig,413,872,459
NC_006431_4,metacontig,1726,2136,410
fu_R29_M5943_S1_6,metacontig,303,761,458
st_R29_M208571_S1_1,metacontig,2,317,315
ar_R29_M33551_S1_2,metacontig,4,253,249
st_R29_M174181_S1_3,metacontig,2180,2757,577
st_R29_M321013_S1_3,metacontig,73,516,443
KC330231_5,metacontig,2349,2872,523
ar_R29_M19459_S1_1,metacontig,6,371,365
st_R29_M140997_S1_1,metacontig,95,574,479
st_R29_M386394_S1_2,metacontig,64,552,488
st_R29_M363403_S1_1,metacontig,45,476,431
ar_R29_M18579_S1_2,metacontig,71,450,379
ar_R29_M35711_S1_1,metacontig,25,408,383
mm_R29_M6332_S1_3,metacontig,137,568,431
st_R29_M182848_S1_2,metacontig,10,355,345
sa_R29_M69_S1_1,metacontig,1,299,298
st_R29_M88351_S1_3,metacontig,51,404,353
st_R29_M202297_S1_5,metacontig,2329,2879,550
st_R29_M125936_S1_13,metacontig,233,682,449
st_R29_M281617_S1_1,metacontig,85,510,425
ar_R29_M22053_S2_1,metacontig,58,528,470
st_R29_M314159_S1_1,metacontig,61,468,407
ma_R29_M4495_S1_3,metacontig,81,518,437
ma_R29_M3005_S1_1,metacontig,65,480,415
ar_R29_M8928_S1_2,metacontig,1629,2091,462
st_R29_M234845_S1_13,metacontig,178,663,485
st_R29_M308439_S1_2,metacontig,86,417,331
mm_R29_M410_S1_6,metacontig,385,796,411
ma_R29_M5899_S1_2,metacontig,2,303,301
fu_R29_M5275_S1_1,metacontig,5,453,448
fi_R29_M1174_S1_3,metacontig,1711,2111,400
fu_R29_M4086_S1_2,metacontig,4,455,451
ar_R29_M40858_S1_2,metacontig,2204,2527,323
st_R29_M140996_S1_1,metacontig,62,500,438
st_R29_M171949_S1_4,metacontig,291,714,423
st_R29_M88348_S1_2,metacontig,2,275,273
sa_R29_M2025_S1_3,metacontig,1,294,293
st_R29_M270212_S1_1,metacontig,1622,2110,488
st_R29_M339779_S1_1,metacontig,494,960,466
st_R29_M264286_S1_1,metacontig,217,490,273
ar_R29_M5408_S2_1,metacontig,924,1272,348
NC_000960_3,metacontig,1746,2166,420
st_R29_M41499_S1_1,metacontig,61,470,409
st_R29_M238319_S1_2,metacontig,58,461,403
st_R29_M358125_S1_1,metacontig,42,299,257
ar_R29_M28465_S1_2,metacontig,94,534,440
st_R29_M126359_S1_2,metacontig,95,432,337
st_R29_M361980_S1_1,metacontig,5,423,418
ar_R29_M15434_S1_5,metacontig,75,455,380
ar_R29_M7574_S15_1,metacontig,21,275,254
sa_R29_M1854_S1_1,metacontig,59,341,282
st_R29_M374158_S1_7,metacontig,188,576,388
sa_R29_M122_S1_4,metacontig,1335,1781,446
fu_R29_M5743_S1_5,metacontig,314,765,451
fi_R29_M1822_S1_2,metacontig,1838,2239,401
st_R29_M165054_S1_1,metacontig,61,469,408
st_R29_M181211_S1_1,metacontig,37,462,425
HM029238_2,metacontig,48,489,441
ar_R29_M23993_S1_1,metacontig,25,415,390
NC_037660_1,metacontig,326,806,480
fu_R29_M2263_S4_8,metacontig,2066,2466,400
ar_R29_M27563_S1_1,metacontig,63,491,428
st_R29_M41418_S1_2,metacontig,57,481,424
ar_R29_M2027_S1_2,metacontig,52,446,394
fu_R29_M263_S1_1,metacontig,102,540,438
st_R29_M77173_S1_1,metacontig,18,389,371
st_R29_M243720_S1_1,metacontig,55,469,414
st_R29_M164793_S1_1,metacontig,40,468,428
NC_005976_1,metacontig,74,512,438
st_R29_M76033_S1_1,metacontig,87,357,270
st_R29_M35783_S1_1,metacontig,47,482,435
ma_R29_M6543_S2_3,metacontig,68,346,278
MT241326_3,metacontig,114,545,431
sa_R29_M3068_S1_1,metacontig,3,321,318
al_R29_M37_S1_1,metacontig,7,412,405
mm_R29_M4535_S3_6,metacontig,18,452,434
st_R29_M13140_S1_1,metacontig,297,572,275
ar_R29_M2490_S1_2,metacontig,86,438,352
mm_R29_M7573_S1_2,metacontig,49,446,397
ma_R29_M1039_S1_2,metacontig,68,498,430
st_R29_M186589_S1_4,metacontig,92,493,401
st_R29_M140971_S1_1,metacontig,87,498,411
ma_R29_M168_S1_1,metacontig,68,505,437
st_R29_M409590_S1_3,metacontig,188,603,415
ar_R29_M25366_S1_3,metacontig,64,452,388
st_R29_M33386_S1_3,metacontig,77,472,395
st_R29_M74673_S1_3,metacontig,50,443,393
st_R29_M326732_S1_1,metacontig,64,437,373
ar_R29_M8414_S1_1,metacontig,28,343,315
sa_R29_M685_S1_1,metacontig,39,457,418
sa_R29_M3321_S1_9,metacontig,1922,2168,246
fu_R29_M1086_S1_2,metacontig,64,460,396
st_R29_M396563_S1_7,metacontig,88,572,484
ma_R29_M3284_S1_2,metacontig,67,498,431
ar_R29_M14652_S1_1,metacontig,235,546,311
st_R29_M425103_S1_3,metacontig,80,568,488
st_R29_M369768_S1_8,metacontig,108,557,449
ro_R29_M222_S1_1,metacontig,51,524,473
st_R29_M191203_S1_1,metacontig,44,464,420
ar_R29_M3702_S1_3,metacontig,181,622,441
st_R29_M125935_S1_3,metacontig,86,551,465
ar_R29_M31156_S1_1,metacontig,60,513,453
st_R29_M111246_S1_2,metacontig,86,479,393
st_R29_M37981_S1_5,metacontig,1,284,283
NC_006441_3,metacontig,69,560,491
st_R29_M293565_S1_1,metacontig,81,498,417
st_R29_M71057_S1_1,metacontig,3,330,327
st_R29_M297090_S1_3,metacontig,404,796,392
st_R29_M369770_S1_21,metacontig,108,556,448
st_R29_M184732_S1_3,metacontig,61,512,451
st_R29_M177823_S1_2,metacontig,84,523,439
ar_R29_M5839_S1_1,metacontig,48,385,337
st_R29_M210320_S1_1,metacontig,54,448,394
mm_R29_M5282_S1_1,metacontig,1,304,303
st_R29_M310898_S1_8,metacontig,107,561,454
st_R29_M385338_S1_1,metacontig,62,550,488
st_R29_M299279_S1_1,metacontig,53,448,395
mm_R29_M4494_S1_2,metacontig,67,448,381
st_R29_M248426_S1_7,metacontig,1393,1827,434
st_R29_M234717_S1_2,metacontig,73,474,401
st_R29_M321017_S1_3,metacontig,87,565,478
mm_R29_M1502_S1_1,metacontig,23,394,371
al_R29_M261_S6_1,metacontig,45,527,482
JX624774_2,metacontig,57,495,438
ar_R29_M3894_S1_1,metacontig,8,293,285
sa_R29_M1442_S1_3,metacontig,1,313,312
st_R29_M265219_S1_1,metacontig,45,534,489
st_R29_M35352_S1_1,metacontig,2,270,268
st_R29_M4731_S1_4,metacontig,227,650,423
st_R29_M71048_S1_1,metacontig,1,285,284
ar_R29_M16465_S1_4,metacontig,248,661,413
st_R29_M359779_S1_2,metacontig,18,373,355
st_R29_M188875_S1_1,metacontig,58,459,401
st_R29_M28028_S1_3,metacontig,77,483,406
st_R29_M164753_S1_1,metacontig,63,482,419
fi_R29_M1822_S2_2,metacontig,404,763,359
st_R29_M278791_S1_1,metacontig,2,271,269
NC_008249_3,metacontig,154,574,420
NC_027427_3,metacontig,92,542,450
st_R29_M314138_S1_3,metacontig,72,497,425
st_R29_M238353_S1_1,metacontig,7,427,420
st_R29_M269894_S1_1,metacontig,217,718,501
sp_R29_M203_S1_3,metacontig,71,514,443
NC_015939_2,metacontig,1821,2248,427
st_R29_M133576_S1_1,metacontig,77,578,501
st_R29_M295997_S1_1,metacontig,13,295,282
ar_R29_M22053_S1_3,metacontig,50,517,467
st_R29_M379642_S1_1,metacontig,99,526,427
fu_R29_M2278_S1_1,metacontig,22,386,364
st_R29_M34400_S1_1,metacontig,38,414,376
st_R29_M40738_S1_7,metacontig,2,270,268
ar_R29_M19916_S1_3,metacontig,92,464,372
st_R29_M234918_S1_2,metacontig,3,267,264
ma_R29_M6414_S1_3,metacontig,63,499,436
st_R29_M89493_S1_1,metacontig,12,417,405
mm_R29_M6449_S2_1,metacontig,49,446,397
st_R29_M78739_S1_3,metacontig,1108,1813,705
ar_R29_M32355_S1_3,metacontig,404,663,259
mm_R29_M6390_S1_4,metacontig,6,351,345
MN172262_3,metacontig,1660,2084,424
st_R29_M65639_S1_1,metacontig,8,381,373
st_R29_M101960_S1_2,metacontig,76,659,583
st_R29_M33376_S1_1,metacontig,178,605,427
ar_R29_M6947_S1_2,metacontig,1702,2140,438
ma_R29_M6500_S1_1,metacontig,67,516,449
ar_R29_M7069_S1204_4,metacontig,294,633,339
st_R29_M266125_S1_1,metacontig,69,463,394
ar_R29_M11296_S2_3,metacontig,13,245,232
st_R29_M333365_S1_1,metacontig,86,492,406
st_R29_M185491_S1_1,metacontig,96,535,439
ar_R29_M416_S1_2,metacontig,77,428,351
st_R29_M191033_S1_1,metacontig,49,454,405
ar_R29_M32216_S1_2,metacontig,75,381,306
NC_036590_2,metacontig,2348,2921,573
st_R29_M171975_S1_3,metacontig,77,548,471
ma_R29_M497_S1_1,metacontig,2,332,330
st_R29_M155615_S1_4,metacontig,98,537,439
ma_R29_M1763_S1_1,metacontig,69,507,438
st_R29_M336430_S1_1,metacontig,185,486,301
st_R29_M114483_S1_2,metacontig,86,485,399
al_R29_M71_S1_15,metacontig,1262,1686,424
ma_R29_M5458_S1_1,metacontig,64,403,339
st_R29_M175883_S1_1,metacontig,46,487,441
st_R29_M131119_S1_7,metacontig,81,548,467
fu_R29_M2629_S1_2,metacontig,54,453,399
sa_R29_M3225_S1_1,metacontig,7,437,430
ma_R29_M2145_S1_1,metacontig,51,373,322
ar_R29_M6087_S1_1,metacontig,296,563,267
st_R29_M406068_S1_8,metacontig,2,234,232
st_R29_M362682_S1_1,metacontig,2,315,313
ar_R29_M5381_S1_1,metacontig,25,399,374
st_R29_M348914_S1_1,metacontig,38,444,406
ma_R29_M1246_S1_2,metacontig,10,394,384
st_R29_M195691_S1_2,metacontig,160,580,420
st_R29_M204734_S1_2,metacontig,53,396,343
ma_R29_M4764_S1_1,metacontig,82,515,433
fu_R29_M2254_S1_3,metacontig,16,414,398
ar_R29_M29242_S1_1,metacontig,8,218,210
st_R29_M395015_S1_9,metacontig,311,735,424
ma_R29_M5554_S1_1,metacontig,65,496,431
st_R29_M59947_S2_7,metacontig,128,551,423
fu_R29_M306_S2_4,metacontig,500,951,451
st_R29_M288781_S1_8,metacontig,91,421,330
MN814307_3,metacontig,156,575,419
mm_R29_M6449_S6_1,metacontig,14,357,343
st_R29_M400432_S1_13,metacontig,169,591,422
mm_R29_M1351_S1_1,metacontig,9,267,258
st_R29_M298296_S1_4,metacontig,63,513,450
ar_R29_M16982_S1_1,metacontig,64,518,454
st_R29_M354468_S1_2,metacontig,227,643,416
sa_R29_M110_S1_1,metacontig,163,504,341
ar_R29_M31176_S1_1,metacontig,1,317,316
st_R29_M110263_S1_9,metacontig,9,371,362
st_R29_M18240_S1_2,metacontig,5,310,305
ma_R29_M1434_S1_1,metacontig,71,515,444
ar_R29_M23687_S1_2,metacontig,66,459,393
ar_R29_M5825_S1_1,metacontig,3,352,349
al_R29_M288_S1_6,metacontig,724,1116,392
st_R29_M184672_S1_3,metacontig,94,590,496
mm_R29_M8065_S1_1,metacontig,1462,1908,446
NC_021484_5,metacontig,152,573,421
ar_R29_M30429_S1_1,metacontig,125,588,463
st_R29_M238406_S1_1,metacontig,45,470,425
st_R29_M4504_S1_1,metacontig,47,346,299
st_R29_M95522_S1_3,metacontig,40,370,330
st_R29_M234675_S1_1,metacontig,79,453,374
fu_R29_M5065_S2_1,metacontig,16,368,352
ar_R29_M34612_S1_5,metacontig,85,420,335
ar_R29_M18154_S1_3,metacontig,2,265,263
st_R29_M381200_S1_5,metacontig,537,880,343
st_R29_M33106_S1_4,metacontig,77,499,422
st_R29_M314619_S1_1,metacontig,9,273,264
KY364847_3,metacontig,160,583,423
st_R29_M406006_S1_1,metacontig,94,492,398
st_R29_M176340_S1_1,metacontig,741,1026,285
ar_R29_M19925_S1_1,metacontig,60,345,285
mm_R29_M4823_S1_9,metacontig,1466,1938,472
st_R29_M245394_S1_1,metacontig,49,465,416
st_R29_M153226_S1_8,metacontig,1607,2020,413
st_R29_M310962_S1_3,metacontig,64,489,425
st_R29_M153312_S1_1,metacontig,47,472,425
ar_R29_M41745_S1_3,metacontig,79,457,378
fu_R29_M4613_S1_1,metacontig,2,452,450
ar_R29_M18556_S1_2,metacontig,88,432,344
mm_R29_M7242_S1_1,metacontig,60,454,394
ar_R29_M10005_S1_1,metacontig,2,297,295
KT963000_3,metacontig,166,583,417
st_R29_M286543_S1_1,metacontig,51,450,399
st_R29_M382853_S1_10,metacontig,98,515,417
st_R29_M412414_S1_1,metacontig,63,468,405
sa_R29_M1545_S1_1,metacontig,48,388,340
st_R29_M281340_S1_2,metacontig,27,354,327
st_R29_M173853_S1_3,metacontig,194,612,418
ar_R29_M24633_S1_1,metacontig,60,406,346
ar_R29_M42454_S1_1,metacontig,494,968,474
ar_R29_M35328_S1_1,metacontig,67,512,445
st_R29_M171636_S1_14,metacontig,1374,1830,456
ar_R29_M28678_S1_1,metacontig,11,366,355
st_R29_M393138_S1_2,metacontig,60,475,415
ma_R29_M6573_S1_3,metacontig,71,513,442
mm_R29_M361_S1_1,metacontig,46,349,303
ma_R29_M3553_S1_1,metacontig,58,498,440
HQ827780_4,metacontig,147,572,425
st_R29_M195667_S1_1,metacontig,57,460,403
fu_R29_M2769_S1_1,metacontig,48,387,339
ma_R29_M6199_S1_1,metacontig,50,391,341
st_R29_M126279_S1_1,metacontig,39,398,359
MH992118_8,metacontig,1278,1716,438
fu_R29_M1708_S2_1,metacontig,76,478,402
fu_R29_M3841_S1_3,metacontig,83,521,438
ar_R29_M42717_S1_6,metacontig,204,541,337
MH155602_8,metacontig,109,544,435
mm_R29_M6006_S1_1,metacontig,1,247,246
st_R29_M259912_S1_9,metacontig,111,511,400
st_R29_M196047_S1_1,metacontig,83,486,403
sa_R29_M149_S1_2,metacontig,6,338,332
st_R29_M318344_S1_1,metacontig,81,487,406
ar_R29_M14591_S1_2,metacontig,2335,2761,426
st_R29_M240484_S1_5,metacontig,3,258,255
LT615235_3,metacontig,172,585,413
st_R29_M38098_S2_11,metacontig,146,572,426
st_R29_M95712_S1_1,metacontig,48,430,382
st_R29_M209951_S1_1,metacontig,50,442,392
st_R29_M365091_S1_4,metacontig,48,488,440
st_R29_M385316_S1_1,metacontig,71,472,401
st_R29_M110258_S1_3,metacontig,21,341,320
ar_R29_M29630_S1_3,metacontig,87,465,378
st_R29_M117643_S1_1,metacontig,80,464,384
AC_000192_3,metacontig,452,981,529
st_R29_M87349_S1_4,metacontig,243,539,296
st_R29_M190702_S1_1,metacontig,12,363,351
st_R29_M58285_S1_4,metacontig,227,652,425
ar_R29_M14649_S1_2,metacontig,74,507,433
sa_R29_M1829_S1_3,metacontig,1258,1679,421
am_R29_M358_S1_4,metacontig,36,321,285
st_R29_M124685_S1_1,metacontig,4,416,412
st_R29_M104191_S1_1,metacontig,68,471,403
st_R29_M211948_S1_1,metacontig,1,358,357
st_R29_M71874_S1_1,metacontig,46,464,418
mm_R29_M1909_S1_12,metacontig,1393,1864,471
al_R29_M622_S1_1,metacontig,8,270,262
LC434062_3,metacontig,182,599,417
st_R29_M54348_S1_2,metacontig,594,926,332
st_R29_M73270_S1_1,metacontig,78,481,403
st_R29_M229566_S1_1,metacontig,1700,2114,414
st_R29_M82719_S1_3,metacontig,56,463,407
ar_R29_M35362_S1_2,metacontig,2270,2742,472
st_R29_M34339_S1_1,metacontig,78,464,386
st_R29_M35545_S1_1,metacontig,67,470,403
st_R29_M438974_S1_1,metacontig,67,479,412
ar_R29_M18965_S1_5,metacontig,72,472,400
ar_R29_M42697_S1_2,metacontig,100,459,359
st_R29_M119863_S1_3,metacontig,99,496,397
fu_R29_M5764_S1_13,metacontig,3051,3603,552
st_R29_M16060_S1_4,metacontig,76,479,403
fu_R29_M3490_S1_1,metacontig,2,292,290
mm_R29_M4114_S1_1,metacontig,1,263,262
ar_R29_M7113_S1_4,metacontig,925,1314,389
ma_R29_M753_S1_2,metacontig,67,509,442
st_R29_M314137_S1_2,metacontig,52,448,396
fu_R29_M4340_S1_1,metacontig,168,606,438
ma_R29_M1739_S1_1,metacontig,71,510,439
st_R29_M121192_S1_2,metacontig,68,511,443
st_R29_M184862_S1_3,metacontig,108,434,326
ar_R29_M28365_S1_1,metacontig,14,265,251
st_R29_M197554_S1_2,metacontig,64,454,390
MK482114_3,metacontig,186,599,413
NC_024703_4,metacontig,139,555,416
st_R29_M354847_S1_1,metacontig,2,320,318
st_R29_M80102_S1_3,metacontig,61,466,405
st_R29_M320805_S1_1,metacontig,85,522,437
sa_R29_M3227_S1_14,metacontig,1444,1882,438
st_R29_M35348_S1_3,metacontig,4,238,234
fu_R29_M5584_S1_8,metacontig,90,548,458
am_R29_M68_S1_1,metacontig,2,280,278
st_R29_M38047_S1_1,metacontig,81,491,410
mm_R29_M3243_S1_1,metacontig,18,251,233
ar_R29_M22629_S1_8,metacontig,59,457,398
al_R29_M744_S1_1,metacontig,1492,1954,462
st_R29_M28557_S1_1,metacontig,79,487,408
st_R29_M401966_S1_1,metacontig,68,477,409
sa_R29_M1653_S1_9,metacontig,524,962,438
st_R29_M237454_S1_2,metacontig,129,415,286
st_R29_M424744_S1_1,metacontig,558,864,306
MH687969_2,metacontig,455,983,528
st_R29_M235395_S1_1,metacontig,39,467,428
st_R29_M49386_S1_1,metacontig,55,454,399
mm_R29_M438_S1_2,metacontig,58,518,460
ma_R29_M2514_S1_2,metacontig,64,513,449
st_R29_M238326_S1_1,metacontig,60,480,420
MK250903_2,metacontig,1558,2015,457
MK279499_2,metacontig,113,551,438
st_R29_M264762_S1_2,metacontig,54,471,417
st_R29_M111754_S1_5,metacontig,77,466,389
st_R29_M209295_S1_1,metacontig,38,441,403
ar_R29_M21760_S1_3,metacontig,90,421,331
ar_R29_M12321_S1_1,metacontig,27,402,375
st_R29_M76449_S1_1,metacontig,66,480,414
st_R29_M295808_S1_1,metacontig,62,559,497
ar_R29_M10723_S1_3,metacontig,111,455,344
MK279487_2,metacontig,181,634,453
GQ427176_3,metacontig,440,969,529
HQ010042_5,metacontig,1271,1709,438
ma_R29_M4042_S1_4,metacontig,64,512,448
al_R29_M607_S1_8,metacontig,515,955,440
MN810875_5,metacontig,1280,1718,438
st_R29_M381314_S1_8,metacontig,68,482,414
st_R29_M182821_S1_1,metacontig,1056,1356,300
ar_R29_M38555_S1_4,metacontig,96,470,374
st_R29_M363583_S1_1,metacontig,69,480,411
st_R29_M363583_S3_3,metacontig,69,480,411
ma_R29_M833_S1_1,metacontig,74,516,442
st_R29_M439130_S1_2,metacontig,278,583,305
al_R29_M325_S1_1,metacontig,1,263,262
LT615231_3,metacontig,176,593,417
st_R29_M323080_S1_1,metacontig,9,339,330
ri_R29_M95_S1_2,metacontig,59,342,283
st_R29_M54338_S1_1,metacontig,74,467,393
st_R29_M315188_S1_2,metacontig,60,466,406
sa_R29_M2318_S1_1,metacontig,55,468,413
st_R29_M248428_S1_2,metacontig,2,440,438
st_R29_M225475_S1_3,metacontig,684,1104,420
ri_R29_M193_S1_1,metacontig,83,352,269
ma_R29_M5799_S1_1,metacontig,606,1053,447
st_R29_M28067_S1_1,metacontig,70,471,401
KR822424_3,metacontig,442,970,528
st_R29_M244128_S1_2,metacontig,33,516,483
NC_029906_5,metacontig,155,575,420
fi_R29_M1714_S1_3,metacontig,64,502,438
MN517817_3,metacontig,440,969,529
fu_R29_M5870_S1_8,metacontig,116,555,439
st_R29_M354471_S1_1,metacontig,68,420,352
st_R29_M114474_S1_3,metacontig,70,341,271
st_R29_M10237_S1_1,metacontig,65,490,425
MT757161_4,metacontig,168,581,413
st_R29_M48062_S1_1,metacontig,1,307,306
st_R29_M57099_S1_1,metacontig,8,427,419
ar_R29_M14605_S1_2,metacontig,87,443,356
st_R29_M419852_S1_2,metacontig,263,633,370
st_R29_M125198_S1_1,metacontig,65,483,418
st_R29_M256482_S1_1,metacontig,26,387,361
st_R29_M257823_S1_7,metacontig,93,529,436
ma_R29_M4313_S1_1,metacontig,63,497,434
ma_R29_M1469_S1_1,metacontig,51,444,393
ar_R29_M43553_S1_6,metacontig,106,496,390
st_R29_M237648_S1_1,metacontig,58,413,355
fi_R29_M891_S1_12,metacontig,241,641,400
ma_R29_M1202_S1_3,metacontig,77,514,437
st_R29_M15919_S1_2,metacontig,51,457,406
ar_R29_M25077_S1_2,metacontig,85,422,337
HM804472_3,metacontig,185,602,417
MH978189_3,metacontig,155,588,433
ar_R29_M27140_S1_2,metacontig,76,451,375
ar_R29_M10403_S1_4,metacontig,75,465,390
ar_R29_M29702_S1_2,metacontig,76,451,375
ar_R29_M29282_S1_2,metacontig,66,452,386
st_R29_M39754_S3_3,metacontig,82,523,441
st_R29_M445988_S1_2,metacontig,1,290,289
st_R29_M1555_S1_3,metacontig,1,286,285
ar_R29_M17064_S1_2,metacontig,168,663,495
sa_R29_M1933_S1_4,metacontig,463,888,425
st_R29_M297784_S1_1,metacontig,59,435,376
fu_R29_M2015_S1_1,metacontig,257,520,263
MK581207_2,metacontig,440,970,530
st_R29_M371400_S1_2,metacontig,66,472,406
st_R29_M39754_S2_4,metacontig,82,523,441
st_R29_M65520_S1_1,metacontig,9,334,325
ma_R29_M1672_S1_1,metacontig,72,403,331
LC592344_3,metacontig,208,624,416
ar_R29_M43429_S1_4,metacontig,59,459,400
fi_R29_M1310_S1_7,metacontig,126,630,504
st_R29_M427251_S1_2,metacontig,70,369,299
ar_R29_M32637_S1_1,metacontig,92,497,405
st_R29_M8942_S1_2,metacontig,2,446,444
st_R29_M408372_S1_3,metacontig,58,453,395
ar_R29_M33273_S1_10,metacontig,1735,2191,456
st_R29_M112489_S1_1,metacontig,1,306,305
st_R29_M409774_S1_1,metacontig,66,476,410
st_R29_M35288_S1_9,metacontig,142,560,418
KY799582_3,metacontig,440,969,529
st_R29_M33104_S1_1,metacontig,16,332,316
mm_R29_M254_S2_1,metacontig,3,313,310
ma_R29_M6476_S1_2,metacontig,70,494,424
ar_R29_M19069_S1_2,metacontig,87,430,343
st_R29_M317850_S1_1,metacontig,66,474,408
st_R29_M361883_S1_4,metacontig,214,667,453
mm_R29_M1369_S1_1,metacontig,7,274,267
st_R29_M355382_S1_15,metacontig,1482,1957,475
st_R29_M299286_S1_3,metacontig,217,630,413
st_R29_M309183_S1_8,metacontig,1873,2280,407
st_R29_M437315_S1_1,metacontig,63,456,393
ar_R29_M28971_S1_1,metacontig,25,320,295
ma_R29_M6231_S1_1,metacontig,110,511,401
al_R29_M591_S1_1,metacontig,58,496,438
st_R29_M295603_S1_1,metacontig,53,447,394
st_R29_M323800_S1_2,metacontig,71,469,398
mm_R29_M7233_S1_3,metacontig,107,370,263
st_R29_M288723_S1_3,metacontig,84,504,420
st_R29_M402099_S1_1,metacontig,172,440,268
JN874560_4,metacontig,437,963,526
st_R29_M101884_S1_2,metacontig,60,482,422
st_R29_M102449_S1_10,metacontig,225,640,415
mm_R29_M2752_S1_12,metacontig,1881,2321,440
st_R29_M164756_S1_1,metacontig,20,438,418
ma_R29_M3421_S1_1,metacontig,73,508,435
fu_R29_M3628_S1_2,metacontig,94,588,494
ar_R29_M8714_S1_5,metacontig,628,1138,510
st_R29_M208574_S1_1,metacontig,77,423,346
ma_R29_M5156_S1_1,metacontig,76,514,438
MN295969_3,metacontig,2858,3433,575
ar_R29_M15137_S1_3,metacontig,78,446,368
ma_R29_M2972_S1_1,metacontig,70,509,439
ma_R29_M5668_S1_1,metacontig,65,500,435
st_R29_M61865_S1_1,metacontig,51,341,290
st_R29_M245704_S1_1,metacontig,23,480,457
NC_034207_3,metacontig,219,638,419
ar_R29_M33853_S1_2,metacontig,405,721,316
st_R29_M277570_S1_1,metacontig,96,379,283
st_R29_M81678_S1_1,metacontig,73,491,418
st_R29_M118965_S1_1,metacontig,60,467,407
ar_R29_M39475_S1_2,metacontig,44,425,381
st_R29_M6728_S1_19,metacontig,112,523,411
st_R29_M39754_S1_5,metacontig,82,520,438
st_R29_M171619_S1_2,metacontig,582,1024,442
ma_R29_M222_S1_3,metacontig,77,512,435
st_R29_M317574_S1_2,metacontig,69,482,413
st_R29_M209023_S1_3,metacontig,42,461,419
JQ700305_4,metacontig,184,601,417
DQ915164_5,metacontig,437,963,526
sa_R29_M200_S1_1,metacontig,18,403,385
NC_009519_1,metacontig,62,465,403
st_R29_M409993_S1_1,metacontig,2,300,298
ar_R29_M10147_S1_4,metacontig,88,458,370
ma_R29_M548_S1_3,metacontig,65,501,436
st_R29_M53331_S1_2,metacontig,199,632,433
ma_R29_M2323_S1_2,metacontig,110,384,274
st_R29_M286542_S1_1,metacontig,58,476,418
st_R29_M385383_S1_1,metacontig,68,438,370
st_R29_M279283_S1_1,metacontig,435,769,334
NC_033792_2,metacontig,72,485,413
st_R29_M208985_S1_1,metacontig,60,482,422
ar_R29_M43804_S1_1,metacontig,22,344,322
MT008025_3,metacontig,177,575,398
MH271171_3,metacontig,199,609,410
fu_R29_M1665_S2_3,metacontig,166,591,425
st_R29_M291369_S1_1,metacontig,70,429,359
st_R29_M37813_S1_2,metacontig,1452,1828,376
ar_R29_M4638_S1_1,metacontig,11,374,363
ar_R29_M10920_S1_1,metacontig,41,375,334
st_R29_M386927_S1_1,metacontig,88,411,323
LC577770_3,metacontig,144,562,418
st_R29_M74738_S1_2,metacontig,60,463,403
st_R29_M393578_S1_2,metacontig,69,516,447
st_R29_M124628_S1_1,metacontig,61,469,408
st_R29_M30766_S1_1,metacontig,390,681,291
MK581202_3,metacontig,441,970,529
ma_R29_M5721_S1_2,metacontig,64,507,443
ar_R29_M31539_S1_2,metacontig,80,458,378
st_R29_M250072_S1_1,metacontig,302,550,248
fu_R29_M2149_S1_2,metacontig,7,345,338
st_R29_M41896_S1_2,metacontig,63,516,453
ma_R29_M1081_S1_1,metacontig,67,505,438
st_R29_M290980_S1_2,metacontig,81,550,469
ar_R29_M23702_S1_1,metacontig,10,431,421
ri_R29_M102_S1_2,metacontig,99,507,408
st_R29_M257148_S1_1,metacontig,66,437,371
ar_R29_M33747_S1_2,metacontig,83,457,374
st_R29_M226855_S1_3,metacontig,74,471,397
st_R29_M368412_S1_3,metacontig,160,584,424
st_R29_M317784_S1_1,metacontig,73,486,413
st_R29_M418232_S1_1,metacontig,69,556,487
EU022526_2,metacontig,441,970,529
st_R29_M60263_S2_4,metacontig,110,508,398
st_R29_M60263_S1_3,metacontig,110,503,393
HQ848267_3,metacontig,440,969,529
JF939813_3,metacontig,182,603,421
DQ415901_3,metacontig,439,966,527
st_R29_M41398_S1_3,metacontig,76,453,377
NC_027703_3,metacontig,169,581,412
st_R29_M339760_S1_28,metacontig,1739,2219,480
KY855428_3,metacontig,70,497,427
st_R29_M310930_S1_2,metacontig,196,626,430
st_R29_M387600_S1_3,metacontig,41,439,398
ma_R29_M1712_S1_1,metacontig,71,507,436
ma_R29_M5211_S1_1,metacontig,70,528,458
ar_R29_M34060_S1_4,metacontig,66,517,451
st_R29_M8867_S1_5,metacontig,69,485,416
st_R29_M311725_S1_3,metacontig,148,574,426
MH002342_5,metacontig,458,983,525
MN611520_5,metacontig,458,983,525
fi_R29_M690_S1_3,metacontig,95,509,414
st_R29_M153287_S1_2,metacontig,187,607,420
NC_046954_2,metacontig,452,979,527
ar_R29_M30931_S1_1,metacontig,7,343,336
st_R29_M303602_S1_6,metacontig,193,607,414
st_R29_M2925_S1_1,metacontig,1,241,240
st_R29_M153303_S1_1,metacontig,64,471,407
ar_R29_M32834_S1_3,metacontig,48,452,404
ma_R29_M5336_S1_3,metacontig,64,502,438
ar_R29_M31076_S1_1,metacontig,158,619,461
sa_R29_M2870_S1_2,metacontig,440,969,529
fi_R29_M1137_S1_4,metacontig,52,466,414
st_R29_M121200_S1_1,metacontig,64,454,390
st_R29_M171610_S1_9,metacontig,1188,1648,460
LC217994_3,metacontig,184,604,420
mm_R29_M7331_S1_1,metacontig,13,363,350
sa_R29_M3092_S1_1,metacontig,20,346,326
st_R29_M107282_S1_3,metacontig,100,572,472
LC553705_2,metacontig,162,566,404
st_R29_M65519_S1_1,metacontig,77,492,415
fu_R29_M1665_S1_14,metacontig,1598,2022,424
st_R29_M69077_S1_1,metacontig,60,462,402
ar_R29_M3716_S1_1,metacontig,14,365,351
ar_R29_M25027_S1_1,metacontig,19,397,378
MN862351_2,metacontig,178,525,347
ma_R29_M233_S1_2,metacontig,68,499,431
st_R29_M368359_S1_1,metacontig,68,452,384
st_R29_M42916_S1_1,metacontig,67,458,391
st_R29_M397304_S1_2,metacontig,71,479,408
MH687968_3,metacontig,444,970,526
NC_011549_6,metacontig,447,979,532
ar_R29_M1739_S2_5,metacontig,88,432,344
st_R29_M225613_S1_1,metacontig,68,561,493
mm_R29_M6161_S1_1,metacontig,442,703,261
st_R29_M145883_S1_1,metacontig,72,473,401
ar_R29_M36334_S1_1,metacontig,92,396,304
sa_R29_M3216_S1_5,metacontig,460,976,516
st_R29_M83154_S1_11,metacontig,81,536,455
st_R29_M244518_S1_1,metacontig,8,394,386
sa_R29_M303_S1_1,metacontig,20,388,368
mm_R29_M1122_S1_1,metacontig,76,361,285
ar_R29_M17352_S1_3,metacontig,92,483,391
fi_R29_M1102_S1_6,metacontig,60,443,383
ar_R29_M40500_S1_9,metacontig,2402,2847,445
ma_R29_M3551_S1_1,metacontig,49,484,435
st_R29_M33108_S1_4,metacontig,38,476,438
st_R29_M77547_S1_4,metacontig,23,391,368
st_R29_M33133_S1_1,metacontig,54,484,430
st_R29_M293752_S1_1,metacontig,40,468,428
st_R29_M140945_S1_5,metacontig,815,1249,434
st_R29_M298844_S1_1,metacontig,9,323,314
st_R29_M332606_S1_1,metacontig,62,451,389
st_R29_M11477_S1_4,metacontig,161,595,434
ar_R29_M43873_S1_2,metacontig,21,379,358
fi_R29_M1024_S1_14,metacontig,1161,1546,385
MK055337_3,metacontig,183,590,407
ex_R29_M30_S21_2,metacontig,67,456,389
st_R29_M430116_S1_1,metacontig,46,486,440
EU000534_4,metacontig,196,610,414
st_R29_M106665_S1_15,metacontig,284,665,381
fu_R29_M5088_S1_1,metacontig,151,581,430
st_R29_M395281_S1_1,metacontig,70,461,391
NC_034265_3,metacontig,185,585,400
ma_R29_M4242_S1_1,metacontig,64,505,441
KX185057_2,metacontig,440,969,529
ex_R29_M30_S22_1,metacontig,26,327,301
st_R29_M54649_S1_6,metacontig,197,589,392
st_R29_M286191_S1_1,metacontig,25,413,388
st_R29_M91410_S1_2,metacontig,78,348,270
st_R29_M425362_S1_3,metacontig,150,544,394
MK032179_5,metacontig,440,969,529
st_R29_M381338_S1_1,metacontig,56,459,403
sa_R29_M2787_S1_1,metacontig,2,327,325
st_R29_M367922_S1_2,metacontig,64,563,499
st_R29_M120035_S1_2,metacontig,57,482,425
ar_R29_M14186_S1_3,metacontig,97,455,358
st_R29_M279286_S1_2,metacontig,179,484,305
st_R29_M306911_S1_3,metacontig,117,530,413
st_R29_M238314_S1_1,metacontig,66,473,407
ma_R29_M5486_S1_1,metacontig,73,530,457
st_R29_M408437_S1_1,metacontig,66,466,400
st_R29_M237923_S1_3,metacontig,173,589,416
MH898527_4,metacontig,134,575,441
st_R29_M1570_S5_3,metacontig,191,609,418
sa_R29_M2312_S1_1,metacontig,65,498,433
MK279474_3,metacontig,1634,2060,426
st_R29_M263690_S1_1,metacontig,110,497,387
sa_R29_M423_S1_1,metacontig,35,451,416
ar_R29_M5942_S1_1,metacontig,10,364,354
st_R29_M420213_S2_1,metacontig,74,454,380
st_R29_M259609_S1_1,metacontig,5,317,312
st_R29_M272886_S1_1,metacontig,78,449,371
st_R29_M152533_S1_1,metacontig,80,504,424
st_R29_M109997_S1_1,metacontig,93,461,368
NC_046965_3,metacontig,456,972,516
st_R29_M420213_S1_4,metacontig,78,458,380
ar_R29_M38947_S1_3,metacontig,62,457,395
st_R29_M441745_S1_1,metacontig,52,483,431
MK581205_2,metacontig,440,969,529
st_R29_M140972_S1_1,metacontig,44,442,398
st_R29_M166762_S1_17,metacontig,146,571,425
st_R29_M401649_S1_1,metacontig,73,469,396
st_R29_M166761_S1_14,metacontig,146,571,425
ar_R29_M33540_S1_4,metacontig,111,420,309
st_R29_M28539_S1_8,metacontig,157,591,434
st_R29_M237716_S1_1,metacontig,64,438,374
ar_R29_M8918_S1_1,metacontig,22,382,360
st_R29_M64044_S1_1,metacontig,53,469,416
st_R29_M144287_S1_1,metacontig,118,527,409
ar_R29_M16666_S1_1,metacontig,11,290,279
ar_R29_M2958_S1_2,metacontig,88,445,357
st_R29_M333434_S1_6,metacontig,56,470,414
st_R29_M27738_S1_1,metacontig,59,464,405
st_R29_M151691_S1_1,metacontig,3,238,235
ma_R29_M6230_S1_3,metacontig,64,498,434
st_R29_M97212_S1_1,metacontig,59,468,409
st_R29_M308433_S1_2,metacontig,58,477,419
MG780352_3,metacontig,183,600,417
sa_R29_M625_S1_2,metacontig,90,435,345
ma_R29_M2767_S1_2,metacontig,65,487,422
MK184554_3,metacontig,177,595,418
st_R29_M117758_S1_1,metacontig,1,299,298
st_R29_M38860_S1_10,metacontig,96,514,418
st_R29_M332617_S1_3,metacontig,67,478,411
sa_R29_M2030_S1_1,metacontig,28,449,421
st_R29_M112483_S1_2,metacontig,44,422,378
ar_R29_M29616_S1_1,metacontig,4,282,278
AF220295_5,metacontig,437,963,526
st_R29_M11477_S2_5,metacontig,161,595,434
st_R29_M396406_S1_6,metacontig,168,592,424
st_R29_M50805_S1_1,metacontig,53,439,386
st_R29_M234885_S1_6,metacontig,53,457,404
st_R29_M248437_S1_1,metacontig,11,385,374
st_R29_M304100_S1_2,metacontig,327,754,427
mm_R29_M3892_S1_2,metacontig,87,496,409
st_R29_M323896_S1_2,metacontig,53,464,411
ar_R29_M16710_S1_3,metacontig,128,537,409
st_R29_M210520_S1_1,metacontig,59,456,397
ar_R29_M41285_S1_2,metacontig,67,487,420
KF460437_2,metacontig,441,968,527
MT188667_3,metacontig,184,601,417
st_R29_M314946_S1_1,metacontig,45,446,401
st_R29_M314027_S1_2,metacontig,56,461,405
NC_036803_3,metacontig,184,602,418
st_R29_M359651_S1_1,metacontig,55,447,392
NC_011705_1,metacontig,56,478,422
NC_015050_3,metacontig,175,595,420
fi_R29_M1752_S4_4,metacontig,62,285,223
ar_R29_M38964_S1_2,metacontig,55,427,372
LC428352_3,metacontig,195,612,417
st_R29_M73746_S1_1,metacontig,61,467,406
NC_025217_6,metacontig,445,969,524
st_R29_M30885_S1_1,metacontig,12,323,311
mm_R29_M7871_S1_2,metacontig,14,354,340
st_R29_M400134_S1_3,metacontig,15,412,397
NC_011543_3,metacontig,146,562,416
st_R29_M403146_S1_1,metacontig,3,294,291
st_R29_M441734_S1_1,metacontig,48,446,398
st_R29_M319326_S1_4,metacontig,3,276,273
st_R29_M33100_S1_3,metacontig,57,443,386
ar_R29_M19144_S1_9,metacontig,91,459,368
st_R29_M386381_S1_1,metacontig,54,454,400
ar_R29_M19282_S5_1,metacontig,15,331,316
st_R29_M373290_S1_1,metacontig,3,413,410
st_R29_M218061_S1_1,metacontig,12,408,396
KX425847_3,metacontig,440,969,529
ar_R29_M38632_S1_1,metacontig,86,574,488
EF065516_3,metacontig,493,970,477
st_R29_M75403_S1_1,metacontig,3,432,429
st_R29_M201306_S1_4,metacontig,4,268,264
EU022525_2,metacontig,440,969,529
st_R29_M410280_S1_1,metacontig,46,441,395
st_R29_M439204_S1_2,metacontig,64,352,288
st_R29_M238463_S1_2,metacontig,53,452,399
st_R29_M427242_S1_1,metacontig,2,354,352
st_R29_M64037_S1_2,metacontig,74,475,401
st_R29_M412405_S1_1,metacontig,72,479,407
fi_R29_M1429_S1_2,metacontig,19,406,387
st_R29_M238320_S1_1,metacontig,68,470,402
st_R29_M8869_S1_1,metacontig,101,513,412
st_R29_M336268_S1_3,metacontig,86,503,417
HQ439023_4,metacontig,196,611,415
MK217373_5,metacontig,440,969,529
ex_R29_M120_S1_2,metacontig,77,446,369
ar_R29_M19282_S3_3,metacontig,70,368,298
st_R29_M234849_S1_1,metacontig,49,462,413
st_R29_M73745_S1_1,metacontig,62,484,422
st_R29_M326210_S1_1,metacontig,59,490,431
st_R29_M301500_S1_1,metacontig,29,466,437
HM211100_2,metacontig,493,968,475
st_R29_M361972_S1_2,metacontig,32,358,326
ar_R29_M12070_S1_2,metacontig,65,456,391
EF065514_2,metacontig,493,970,477
HM211101_2,metacontig,493,970,477
st_R29_M335881_S1_1,metacontig,8,337,329
st_R29_M18970_S1_7,metacontig,189,615,426
st_R29_M419910_S1_4,metacontig,73,436,363
st_R29_M353353_S1_1,metacontig,55,472,417
ma_R29_M1217_S1_2,metacontig,70,501,431
st_R29_M442583_S1_1,metacontig,78,497,419
NC_011547_2,metacontig,451,984,533
st_R29_M161599_S1_2,metacontig,66,362,296
ar_R29_M34831_S2_1,metacontig,87,352,265
st_R29_M6725_S1_1,metacontig,19,388,369
st_R29_M414719_S1_1,metacontig,23,273,250
sa_R29_M3232_S1_1,metacontig,77,412,335
st_R29_M265624_S1_1,metacontig,48,470,422
st_R29_M381365_S2_2,metacontig,66,477,411
st_R29_M165033_S1_1,metacontig,51,486,435
st_R29_M35289_S1_8,metacontig,150,565,415
st_R29_M165055_S1_1,metacontig,58,454,396
sa_R29_M3043_S1_3,metacontig,451,984,533
st_R29_M238666_S1_5,metacontig,386,703,317
st_R29_M272270_S1_2,metacontig,67,480,413
st_R29_M410273_S1_1,metacontig,60,457,397
st_R29_M266654_S1_1,metacontig,60,433,373
st_R29_M144866_S1_1,metacontig,68,477,409
st_R29_M32352_S1_1,metacontig,1,260,259
st_R29_M272296_S1_2,metacontig,49,470,421
st_R29_M233698_S1_1,metacontig,63,464,401
MG451809_2,metacontig,1772,2051,279
ar_R29_M42474_S1_2,metacontig,84,455,371
ex_R29_M30_S23_1,metacontig,18,318,300
MK050791_3,metacontig,151,571,420
ar_R29_M10542_S1_6,metacontig,85,477,392
ar_R29_M32500_S1_13,metacontig,1137,1613,476
st_R29_M314357_S1_1,metacontig,50,425,375
st_R29_M195870_S1_1,metacontig,63,467,404
ex_R29_M30_S1_2,metacontig,67,455,388
st_R29_M118505_S1_12,metacontig,1019,1463,444
st_R29_M406002_S1_1,metacontig,95,495,400
st_R29_M15247_S1_1,metacontig,40,468,428
NC_016996_2,metacontig,452,983,531
st_R29_M19051_S1_1,metacontig,22,446,424
NC_016991_2,metacontig,451,984,533
ar_R29_M38997_S3_1,metacontig,54,308,254
st_R29_M63989_S1_2,metacontig,62,473,411
st_R29_M164665_S1_1,metacontig,52,472,420
st_R29_M138288_S1_1,metacontig,12,266,254
fu_R29_M3389_S1_1,metacontig,58,424,366
LC364342_2,metacontig,451,984,533
st_R29_M326150_S1_1,metacontig,50,469,419
st_R29_M196823_S1_1,metacontig,68,446,378
st_R29_M288800_S1_6,metacontig,311,616,305
MN600000_3,metacontig,161,582,421
st_R29_M409404_S1_4,metacontig,161,565,404
fu_R29_M3447_S1_1,metacontig,9,396,387
st_R29_M346637_S1_2,metacontig,16,239,223
st_R29_M80643_S1_2,metacontig,4,437,433
MT520166_3,metacontig,173,564,391
st_R29_M34088_S1_1,metacontig,65,492,427
st_R29_M361870_S1_6,metacontig,87,534,447
KU182965_5,metacontig,457,982,525
st_R29_M287479_S1_1,metacontig,61,455,394
st_R29_M311559_S1_1,metacontig,52,452,400
st_R29_M284049_S1_2,metacontig,82,466,384
st_R29_M373835_S1_2,metacontig,151,541,390
st_R29_M446525_S1_1,metacontig,29,351,322
ma_R29_M6551_S1_2,metacontig,2,244,242
st_R29_M153225_S1_8,metacontig,161,586,425
AF453390_3,metacontig,178,598,420
st_R29_M317237_S1_1,metacontig,97,502,405
st_R29_M326131_S1_1,metacontig,62,464,402
st_R29_M185971_S1_1,metacontig,46,434,388
ar_R29_M27124_S1_4,metacontig,660,880,220
st_R29_M193295_S1_1,metacontig,71,464,393
sa_R29_M1051_S1_2,metacontig,74,470,396
fi_R29_M1752_S5_1,metacontig,17,224,207
mm_R29_M7982_S1_2,metacontig,148,600,452
st_R29_M71844_S1_1,metacontig,69,470,401
st_R29_M57527_S1_1,metacontig,45,290,245
st_R29_M264696_S1_1,metacontig,67,448,381
sa_R29_M1512_S1_2,metacontig,1173,1464,291
st_R29_M131124_S1_10,metacontig,106,417,311
ma_R29_M2604_S1_1,metacontig,67,426,359
st_R29_M183987_S1_1,metacontig,51,451,400
KJ473821_5,metacontig,454,980,526
LC469308_5,metacontig,454,980,526
ma_R29_M4519_S1_3,metacontig,74,510,436
st_R29_M145293_S1_1,metacontig,53,454,401
MG762674_4,metacontig,493,968,475
ma_R29_M1269_S1_1,metacontig,87,456,369
st_R29_M253727_S1_1,metacontig,64,448,384
st_R29_M272950_S1_1,metacontig,70,478,408
st_R29_M288627_S1_1,metacontig,55,464,409
st_R29_M135451_S1_1,metacontig,51,452,401
ar_R29_M35845_S1_8,metacontig,130,432,302
st_R29_M415789_S1_5,metacontig,140,452,312
st_R29_M291392_S1_1,metacontig,81,499,418
st_R29_M95714_S1_1,metacontig,67,479,412
mm_R29_M3761_S1_1,metacontig,3,272,269
ma_R29_M4886_S1_1,metacontig,82,504,422
ma_R29_M2455_S1_2,metacontig,61,492,431
st_R29_M78730_S1_1,metacontig,1942,2661,719
st_R29_M395258_S1_1,metacontig,67,454,387
NC_035451_4,metacontig,154,565,411
ma_R29_M4471_S1_1,metacontig,71,506,435
st_R29_M152367_S1_1,metacontig,68,386,318
NC_011550_3,metacontig,452,976,524
ar_R29_M140_S15_3,metacontig,19,327,308
st_R29_M216649_S1_1,metacontig,67,475,408
MG021452_9,metacontig,454,979,525
st_R29_M33941_S1_1,metacontig,48,471,423
EF521827_4,metacontig,200,616,416
st_R29_M286773_S1_1,metacontig,32,462,430
st_R29_M153265_S1_1,metacontig,59,466,407
st_R29_M367925_S1_3,metacontig,207,487,280
st_R29_M211597_S1_1,metacontig,66,467,401
ex_R29_M30_S3_2,metacontig,43,388,345
ar_R29_M7069_S820_9,metacontig,242,700,458
st_R29_M205023_S1_2,metacontig,91,499,408
st_R29_M124256_S1_1,metacontig,2,214,212
st_R29_M18692_S1_1,metacontig,79,450,371
ar_R29_M10854_S1_2,metacontig,1139,1602,463
st_R29_M34340_S1_1,metacontig,76,492,416
ar_R29_M14311_S2_2,metacontig,572,1014,442
al_R29_M235_S2_1,metacontig,76,518,442
st_R29_M205196_S1_1,metacontig,68,465,397
ar_R29_M7376_S1_2,metacontig,168,615,447
st_R29_M170305_S1_1,metacontig,1,244,243
ex_R29_M30_S7_2,metacontig,70,421,351
st_R29_M248320_S1_1,metacontig,3,261,258
ar_R29_M20663_S1_2,metacontig,61,454,393
st_R29_M209626_S1_1,metacontig,64,460,396
st_R29_M351945_S1_1,metacontig,5,398,393
ma_R29_M1083_S1_1,metacontig,66,508,442
st_R29_M348922_S1_2,metacontig,52,405,353
st_R29_M25805_S1_1,metacontig,666,909,243
ar_R29_M14071_S1_4,metacontig,97,495,398
st_R29_M286175_S1_1,metacontig,52,472,420
st_R29_M318537_S1_1,metacontig,55,450,395
st_R29_M432305_S1_3,metacontig,194,611,417
st_R29_M289277_S1_1,metacontig,57,464,407
st_R29_M50869_S1_2,metacontig,73,408,335
ma_R29_M2098_S1_1,metacontig,87,519,432
st_R29_M449398_S1_2,metacontig,67,448,381
ar_R29_M43890_S1_10,metacontig,347,811,464
al_R29_M877_S1_3,metacontig,109,552,443
st_R29_M353355_S1_1,metacontig,72,453,381
ar_R29_M38056_S1_2,metacontig,29,370,341
st_R29_M318251_S1_1,metacontig,69,454,385
st_R29_M303609_S1_1,metacontig,22,372,350
st_R29_M314961_S1_1,metacontig,70,472,402
NC_030225_3,metacontig,156,566,410
ar_R29_M29015_S1_4,metacontig,584,1032,448
ma_R29_M1259_S1_1,metacontig,87,461,374
st_R29_M101949_S1_2,metacontig,64,450,386
st_R29_M64039_S1_2,metacontig,47,469,422
st_R29_M396509_S1_2,metacontig,62,434,372
st_R29_M281378_S1_2,metacontig,419,867,448
fi_R29_M1354_S1_1,metacontig,213,479,266
ar_R29_M17699_S1_1,metacontig,241,539,298
st_R29_M101915_S1_1,metacontig,70,454,384
ar_R29_M7069_S40_20,metacontig,1484,1942,458
st_R29_M144859_S1_1,metacontig,36,428,392
st_R29_M35544_S1_1,metacontig,48,487,439
ar_R29_M7069_S10_20,metacontig,1484,1942,458
st_R29_M450737_S1_1,metacontig,5,275,270
st_R29_M153779_S1_1,metacontig,28,368,340
ar_R29_M8244_S1_1,metacontig,2,262,260
KC119407_2,metacontig,440,969,529
ma_R29_M6687_S1_1,metacontig,68,501,433
st_R29_M335832_S1_3,metacontig,126,515,389
st_R29_M450827_S1_1,metacontig,59,467,408
mm_R29_M1520_S1_1,metacontig,11,237,226
st_R29_M382876_S1_1,metacontig,628,1081,453
st_R29_M249753_S1_1,metacontig,70,495,425
NC_025435_4,metacontig,197,625,428
st_R29_M146902_S1_5,metacontig,50,445,395
MG596802_3,metacontig,454,980,526
sp_R29_M461_S1_1,metacontig,2,268,266
st_R29_M183242_S1_1,metacontig,9,309,300
st_R29_M118843_S1_1,metacontig,1,277,276
mm_R29_M5957_S1_5,metacontig,4,323,319
st_R29_M106636_S1_2,metacontig,18,380,362
st_R29_M63257_S1_2,metacontig,71,471,400
st_R29_M165030_S1_1,metacontig,73,483,410
DQ132996_3,metacontig,188,609,421
st_R29_M126996_S1_1,metacontig,53,453,400
ma_R29_M80_S1_1,metacontig,71,508,437
ma_R29_M296_S1_1,metacontig,63,455,392
sa_R29_M3157_S1_1,metacontig,445,651,206
st_R29_M165260_S1_1,metacontig,53,450,397
ex_R29_M64_S1_1,metacontig,2,349,347
MK975889_4,metacontig,195,611,416
mm_R29_M5428_S1_2,metacontig,91,483,392
st_R29_M120051_S1_1,metacontig,42,442,400
st_R29_M139699_S1_1,metacontig,495,940,445
sa_R29_M2430_S1_7,metacontig,161,572,411
sa_R29_M629_S1_1,metacontig,81,445,364
st_R29_M379497_S1_1,metacontig,2,325,323
st_R29_M71858_S1_1,metacontig,89,487,398
ma_R29_M6236_S1_1,metacontig,80,502,422
st_R29_M303860_S1_1,metacontig,72,333,261
st_R29_M34322_S1_1,metacontig,74,470,396
st_R29_M186590_S1_2,metacontig,64,476,412
st_R29_M326161_S1_3,metacontig,93,494,401
st_R29_M448999_S1_2,metacontig,72,469,397
st_R29_M193328_S1_5,metacontig,211,603,392
st_R29_M125625_S1_3,metacontig,30,352,322
st_R29_M97365_S1_1,metacontig,113,353,240
st_R29_M257144_S1_1,metacontig,58,469,411
st_R29_M169609_S1_2,metacontig,80,524,444
st_R29_M10846_S1_1,metacontig,27,452,425
st_R29_M129819_S1_7,metacontig,65,485,420
sa_R29_M222_S1_1,metacontig,100,458,358
MH188016_3,metacontig,100,441,341
mm_R29_M2299_S1_3,metacontig,83,436,353
ar_R29_M7069_S1069_3,metacontig,132,488,356
st_R29_M317813_S1_2,metacontig,3,318,315
st_R29_M231332_S1_1,metacontig,64,455,391
st_R29_M10925_S1_1,metacontig,4,298,294
st_R29_M120409_S2_1,metacontig,56,441,385
ar_R29_M14311_S1_2,metacontig,609,1014,405
ar_R29_M20895_S1_2,metacontig,77,486,409
st_R29_M145890_S1_1,metacontig,69,503,434
fu_R29_M3884_S1_16,metacontig,746,1249,503
MH708124_7,metacontig,447,978,531
MH532440_5,metacontig,447,977,530
st_R29_M379493_S1_1,metacontig,17,362,345
st_R29_M396488_S1_2,metacontig,5,421,416
st_R29_M283829_S1_1,metacontig,13,327,314
st_R29_M193328_S2_2,metacontig,33,388,355
st_R29_M298486_S1_2,metacontig,55,476,421
ar_R29_M16991_S1_5,metacontig,58,452,394
ar_R29_M30309_S1_2,metacontig,125,630,505
st_R29_M34323_S1_1,metacontig,81,447,366
st_R29_M153294_S1_5,metacontig,195,610,415
st_R29_M64038_S1_1,metacontig,65,469,404
st_R29_M50813_S1_1,metacontig,72,452,380
st_R29_M82737_S1_2,metacontig,193,485,292
ar_R29_M39940_S1_2,metacontig,85,454,369
st_R29_M447788_S1_1,metacontig,65,475,410
ar_R29_M16769_S1_2,metacontig,102,437,335
ar_R29_M25656_S1_5,metacontig,131,498,367
NC_016993_9,metacontig,453,977,524
st_R29_M25831_S1_1,metacontig,66,469,403
ar_R29_M28624_S1_14,metacontig,2695,3158,463
ar_R29_M36595_S1_1,metacontig,2,331,329
sa_R29_M1324_S1_1,metacontig,130,437,307
st_R29_M312060_S1_1,metacontig,72,472,400
st_R29_M409994_S1_3,metacontig,103,431,328
st_R29_M24989_S1_2,metacontig,21,345,324
st_R29_M339955_S1_1,metacontig,84,478,394
mm_R29_M4172_S1_1,metacontig,2,255,253
st_R29_M233699_S1_1,metacontig,65,483,418
st_R29_M83980_S1_1,metacontig,87,490,403
st_R29_M238311_S1_1,metacontig,71,480,409
st_R29_M381365_S3_1,metacontig,52,463,411
st_R29_M65574_S1_1,metacontig,8,304,296
al_R29_M5_S1_3,metacontig,41,209,168
KF793826_3,metacontig,449,971,522
st_R29_M89311_S1_2,metacontig,66,468,402
st_R29_M410448_S1_1,metacontig,60,467,407
st_R29_M299184_S1_1,metacontig,59,469,410
st_R29_M83966_S1_1,metacontig,56,441,385
am_R29_M3_S17_5,metacontig,442,960,518
st_R29_M295765_S1_1,metacontig,67,465,398
st_R29_M255373_S1_3,metacontig,4,362,358
ma_R29_M6271_S1_1,metacontig,9,414,405
ar_R29_M5529_S1_2,metacontig,84,428,344
ar_R29_M12617_S1_4,metacontig,64,441,377
am_R29_M3_S18_3,metacontig,373,850,477
st_R29_M176683_S1_1,metacontig,181,706,525
ma_R29_M5708_S7_2,metacontig,446,971,525
NC_002198_3,metacontig,195,610,415
st_R29_M262736_S1_1,metacontig,73,471,398
ma_R29_M5310_S1_1,metacontig,62,405,343
st_R29_M405912_S1_1,metacontig,6,229,223
st_R29_M255364_S1_4,metacontig,66,527,461
st_R29_M153264_S1_2,metacontig,60,453,393
st_R29_M212714_S1_1,metacontig,23,364,341
MN831442_2,metacontig,100,427,327
st_R29_M359829_S1_7,metacontig,1932,2208,276
ar_R29_M16622_S1_4,metacontig,193,567,374
st_R29_M373342_S1_2,metacontig,58,472,414
st_R29_M238296_S1_3,metacontig,189,492,303
st_R29_M140861_S1_1,metacontig,72,440,368
mm_R29_M6213_S1_4,metacontig,154,523,369
st_R29_M213450_S1_2,metacontig,30,426,396
NC_034440_5,metacontig,444,969,525
NC_016992_9,metacontig,447,978,531
st_R29_M113301_S2_1,metacontig,17,415,398
st_R29_M237383_S1_5,metacontig,1581,1890,309
sa_R29_M285_S1_2,metacontig,57,440,383
fu_R29_M2203_S1_7,metacontig,984,1599,615
ar_R29_M7069_S316_17,metacontig,1484,1985,501
st_R29_M77381_S7_5,metacontig,112,525,413
al_R29_M445_S1_3,metacontig,300,686,386
NC_034246_4,metacontig,187,581,394
sa_R29_M3257_S1_4,metacontig,108,489,381
st_R29_M23646_S1_4,metacontig,1,328,327
ex_R29_M184_S2_1,metacontig,15,360,345
st_R29_M77381_S2_12,metacontig,152,565,413
st_R29_M36613_S1_3,metacontig,2,349,347
st_R29_M450900_S1_1,metacontig,5,253,248
ar_R29_M41562_S1_2,metacontig,118,456,338
ar_R29_M3664_S1_1,metacontig,31,353,322
NC_016995_2,metacontig,429,950,521
st_R29_M286547_S1_1,metacontig,63,447,384
ar_R29_M3664_S3_1,metacontig,31,353,322
st_R29_M118506_S1_1,metacontig,218,732,514
st_R29_M154007_S1_1,metacontig,11,315,304
LC488188_3,metacontig,163,583,420
st_R29_M137678_S1_1,metacontig,85,486,401
ar_R29_M40401_S1_3,metacontig,17,353,336
sa_R29_M1924_S1_1,metacontig,66,464,398
st_R29_M200546_S1_4,metacontig,133,365,232
sa_R29_M1381_S1_1,metacontig,60,411,351
st_R29_M353343_S1_1,metacontig,63,459,396
st_R29_M314968_S1_1,metacontig,65,477,412
NC_029691_4,metacontig,190,607,417
MW246798_3,metacontig,455,980,525
ar_R29_M3664_S2_1,metacontig,31,353,322
ma_R29_M3350_S1_2,metacontig,14,449,435
am_R29_M3_S1_4,metacontig,437,953,516
st_R29_M169671_S1_1,metacontig,66,476,410
st_R29_M409773_S1_2,metacontig,64,435,371
ar_R29_M43555_S1_5,metacontig,86,424,338
fu_R29_M5648_S1_4,metacontig,116,648,532
NC_007221_1,metacontig,85,494,409
st_R29_M109991_S1_1,metacontig,65,473,408
st_R29_M288758_S1_1,metacontig,28,334,306
st_R29_M72254_S1_1,metacontig,64,477,413
st_R29_M124661_S1_1,metacontig,4,403,399
st_R29_M412413_S1_6,metacontig,178,583,405
sa_R29_M3135_S1_1,metacontig,75,450,375
ar_R29_M14594_S1_4,metacontig,71,454,383
st_R29_M26106_S1_1,metacontig,63,465,402
st_R29_M197782_S1_1,metacontig,54,471,417
st_R29_M64041_S1_1,metacontig,60,473,413
ar_R29_M34492_S1_1,metacontig,13,335,322
ar_R29_M22568_S1_6,metacontig,83,451,368
st_R29_M427501_S1_3,metacontig,106,571,465
fu_R29_M1609_S1_11,metacontig,171,540,369
st_R29_M308435_S1_1,metacontig,78,489,411
st_R29_M184690_S1_1,metacontig,4,376,372
st_R29_M229568_S1_1,metacontig,210,495,285
st_R29_M353354_S1_1,metacontig,71,471,400
NC_017989_1,metacontig,52,445,393
st_R29_M396387_S1_2,metacontig,2,260,258
st_R29_M121741_S1_1,metacontig,52,421,369
ar_R29_M36410_S1_2,metacontig,98,450,352
st_R29_M231763_S1_3,metacontig,147,650,503
ma_R29_M1236_S1_1,metacontig,71,441,370
ma_R29_M1479_S2_1,metacontig,101,502,401
ar_R29_M22328_S1_2,metacontig,64,452,388
st_R29_M293435_S1_9,metacontig,94,458,364
st_R29_M48034_S1_1,metacontig,6,327,321
st_R29_M104204_S1_1,metacontig,67,472,405
MN879331_2,metacontig,443,969,526
st_R29_M153137_S1_1,metacontig,48,437,389
st_R29_M88158_S1_1,metacontig,125,537,412
MT782115_5,metacontig,485,979,494
st_R29_M231339_S1_1,metacontig,83,476,393
MG772933_3,metacontig,485,979,494
ar_R29_M7069_S24_20,metacontig,1484,1942,458
st_R29_M360106_S1_1,metacontig,42,463,421
st_R29_M14991_S1_2,metacontig,113,510,397
st_R29_M110951_S1_1,metacontig,59,421,362
st_R29_M135470_S1_1,metacontig,65,464,399
ar_R29_M35498_S1_1,metacontig,38,350,312
am_R29_M3_S11_3,metacontig,424,942,518
st_R29_M398615_S1_1,metacontig,67,469,402
KU200450_2,metacontig,91,585,494
fu_R29_M5625_S1_3,metacontig,17,407,390
st_R29_M16359_S2_2,metacontig,1,280,279
sa_R29_M2173_S1_3,metacontig,64,416,352
st_R29_M110259_S1_1,metacontig,14,392,378
st_R29_M111531_S1_1,metacontig,33,449,416
st_R29_M80377_S1_6,metacontig,939,1403,464
ar_R29_M23685_S1_1,metacontig,130,376,246
st_R29_M136038_S1_1,metacontig,27,432,405
st_R29_M126284_S1_4,metacontig,20,338,318
st_R29_M326177_S1_1,metacontig,74,483,409
ma_R29_M1720_S1_1,metacontig,66,500,434
st_R29_M34337_S1_7,metacontig,213,612,399
ro_R29_M28_S1_1,metacontig,89,547,458
ar_R29_M43739_S1_2,metacontig,60,394,334
DQ412042_4,metacontig,485,977,492
st_R29_M33757_S1_1,metacontig,71,477,406
st_R29_M50815_S1_1,metacontig,33,468,435
ar_R29_M10454_S1_1,metacontig,8,289,281
st_R29_M298263_S1_1,metacontig,52,473,421
st_R29_M412415_S1_2,metacontig,60,463,403
st_R29_M359882_S1_1,metacontig,61,452,391
fu_R29_M5937_S35_4,metacontig,200,476,276
ar_R29_M25604_S2_1,metacontig,88,430,342
st_R29_M248432_S1_7,metacontig,1098,1544,446
st_R29_M298467_S1_1,metacontig,53,462,409
st_R29_M125094_S1_3,metacontig,703,1019,316
st_R29_M331362_S1_1,metacontig,45,465,420
st_R29_M293496_S1_1,metacontig,45,470,425
ar_R29_M11202_S1_4,metacontig,77,421,344
ma_R29_M2449_S1_2,metacontig,65,526,461
ma_R29_M839_S1_3,metacontig,64,500,436
st_R29_M211662_S2_3,metacontig,175,649,474
st_R29_M324369_S1_1,metacontig,4,258,254
st_R29_M28546_S1_1,metacontig,1592,1855,263
st_R29_M348923_S1_2,metacontig,51,416,365
st_R29_M329385_S1_1,metacontig,68,461,393
st_R29_M219366_S1_2,metacontig,72,472,400
ar_R29_M43409_S1_7,metacontig,121,473,352
ar_R29_M12702_S1_2,metacontig,89,475,386
MK129253_4,metacontig,446,971,525
st_R29_M375305_S1_1,metacontig,86,498,412
st_R29_M41417_S1_1,metacontig,49,466,417
al_R29_M551_S1_4,metacontig,126,585,459
st_R29_M152383_S1_2,metacontig,50,485,435
sa_R29_M2267_S1_2,metacontig,92,433,341
st_R29_M120050_S1_1,metacontig,74,460,386
MN688219_5,metacontig,197,612,415
ma_R29_M2734_S1_1,metacontig,64,507,443
ar_R29_M30958_S1_2,metacontig,112,474,362
ex_R29_M97_S1_5,metacontig,98,475,377
st_R29_M407205_S1_1,metacontig,176,714,538
LC556375_4,metacontig,474,968,494
ar_R29_M9003_S1_6,metacontig,70,384,314
ar_R29_M13275_S1_1,metacontig,86,366,280
ar_R29_M37569_S1_2,metacontig,93,403,310
fi_R29_M746_S1_3,metacontig,105,616,511
st_R29_M289274_S1_1,metacontig,66,469,403
st_R29_M317239_S1_1,metacontig,85,449,364
ar_R29_M41574_S1_2,metacontig,85,443,358
mm_R29_M1680_S1_1,metacontig,89,362,273
ar_R29_M20721_S1_1,metacontig,26,365,339
sp_R29_M264_S6_1,metacontig,11,200,189
st_R29_M396396_S1_1,metacontig,60,475,415
mm_R29_M5145_S1_3,metacontig,7,337,330
NC_048214_7,metacontig,460,979,519
st_R29_M63990_S1_2,metacontig,48,466,418
ma_R29_M1238_S1_2,metacontig,64,506,442
ar_R29_M43658_S1_1,metacontig,54,423,369
st_R29_M409771_S1_3,metacontig,45,466,421
MK211379_2,metacontig,497,975,478
st_R29_M35519_S1_2,metacontig,46,459,413
st_R29_M293434_S1_1,metacontig,512,926,414
MK472071_6,metacontig,445,971,526
al_R29_M770_S1_1,metacontig,1,254,253
st_R29_M41490_S1_1,metacontig,63,468,405
mm_R29_M6670_S1_1,metacontig,107,518,411
fu_R29_M2225_S1_6,metacontig,2665,3121,456
NC_012931_4,metacontig,198,615,417
ar_R29_M29460_S1_2,metacontig,120,384,264
KY417150_5,metacontig,485,979,494
st_R29_M127928_S1_2,metacontig,53,489,436
MK211378_5,metacontig,485,979,494
st_R29_M315004_S1_1,metacontig,91,433,342
MN611525_5,metacontig,439,961,522
st_R29_M119948_S1_1,metacontig,70,473,403
ma_R29_M6218_S1_1,metacontig,21,283,262
ar_R29_M7069_S1154_4,metacontig,7,278,271
ma_R29_M1451_S6_6,metacontig,485,979,494
NC_016994_2,metacontig,443,968,525
sa_R29_M235_S1_1,metacontig,65,496,431
st_R29_M41385_S1_2,metacontig,7,314,307
st_R29_M219395_S1_2,metacontig,68,449,381
st_R29_M264176_S1_1,metacontig,79,491,412
mm_R29_M2922_S1_4,metacontig,2029,2515,486
st_R29_M17573_S1_1,metacontig,9,344,335
mm_R29_M5363_S1_1,metacontig,97,342,245
st_R29_M61895_S1_1,metacontig,3,344,341
ar_R29_M31198_S1_2,metacontig,70,417,347
ar_R29_M15110_S1_2,metacontig,47,337,290
DQ412043_6,metacontig,474,966,492
st_R29_M306916_S1_4,metacontig,73,476,403
GU570006_3,metacontig,155,568,413
st_R29_M161692_S1_1,metacontig,85,381,296
mm_R29_M2079_S1_8,metacontig,35,513,478
st_R29_M101955_S1_1,metacontig,60,448,388
st_R29_M145494_S1_1,metacontig,2,244,242
st_R29_M431989_S1_21,metacontig,769,1271,502
st_R29_M229142_S1_1,metacontig,139,407,268
st_R29_M104216_S1_1,metacontig,63,481,418
st_R29_M73748_S1_2,metacontig,72,497,425
ar_R29_M35990_S1_2,metacontig,75,413,338
KY352407_3,metacontig,485,979,494
ma_R29_M5708_S8_2,metacontig,102,563,461
st_R29_M35281_S1_3,metacontig,6,336,330
ar_R29_M38383_S1_2,metacontig,104,406,302
mm_R29_M2718_S1_1,metacontig,177,488,311
sa_R29_M1091_S1_1,metacontig,95,373,278
ar_R29_M25296_S1_2,metacontig,82,445,363
ar_R29_M18099_S1_4,metacontig,87,475,388
ar_R29_M24911_S1_3,metacontig,95,387,292
st_R29_M177850_S1_1,metacontig,79,505,426
NC_048212_4,metacontig,492,967,475
ar_R29_M39346_S1_1,metacontig,75,397,322
ma_R29_M3738_S1_1,metacontig,47,394,347
MK472067_3,metacontig,438,955,517
st_R29_M286541_S1_3,metacontig,60,474,414
ar_R29_M24808_S1_3,metacontig,185,532,347
ar_R29_M7069_S1168_3,metacontig,545,788,243
NC_045512_2,metacontig,474,968,494
st_R29_M348473_S1_1,metacontig,27,452,425
ar_R29_M6884_S1_2,metacontig,71,441,370
ar_R29_M12661_S1_1,metacontig,920,1210,290
ma_R29_M6512_S1_7,metacontig,94,352,258
mm_R29_M2832_S1_2,metacontig,446,888,442
al_R29_M262_S1_21,metacontig,511,936,425
st_R29_M109509_S1_4,metacontig,77,496,419
fu_R29_M1349_S1_7,metacontig,160,611,451
mm_R29_M2043_S1_4,metacontig,1,293,292
ma_R29_M211_S1_1,metacontig,85,480,395
st_R29_M401601_S1_2,metacontig,76,447,371
MK472068_9,metacontig,448,974,526
fu_R29_M4774_S1_1,metacontig,96,504,408
fu_R29_M5542_S1_1,metacontig,73,483,410
st_R29_M185483_S1_1,metacontig,64,468,404
al_R29_M460_S1_1,metacontig,63,508,445
ar_R29_M33757_S1_6,metacontig,112,459,347
st_R29_M211662_S1_2,metacontig,1406,1879,473
MT586596_3,metacontig,153,576,423
ar_R29_M27588_S1_4,metacontig,114,415,301
st_R29_M291438_S1_1,metacontig,226,531,305
sa_R29_M1314_S1_1,metacontig,137,509,372
st_R29_M39007_S1_7,metacontig,124,536,412
ar_R29_M3554_S1_2,metacontig,95,448,353
KX442564_6,metacontig,454,979,525
mm_R29_M7910_S1_2,metacontig,2,237,235
st_R29_M60691_S1_1,metacontig,49,339,290
st_R29_M391731_S1_1,metacontig,679,1130,451
fu_R29_M3396_S1_2,metacontig,123,509,386
NC_014470_2,metacontig,474,968,494
st_R29_M49372_S1_1,metacontig,2,351,349
st_R29_M353372_S1_3,metacontig,58,480,422
sa_R29_M2257_S1_2,metacontig,91,504,413
st_R29_M111529_S1_8,metacontig,178,594,416
st_R29_M298518_S1_1,metacontig,71,472,401
ar_R29_M12454_S1_1,metacontig,2,279,277
st_R29_M44281_S1_2,metacontig,112,505,393
st_R29_M249771_S1_1,metacontig,64,468,404
st_R29_M273878_S1_1,metacontig,75,449,374
st_R29_M71945_S1_1,metacontig,5,214,209
st_R29_M465_S1_2,metacontig,3,208,205
st_R29_M355413_S1_1,metacontig,73,473,400
st_R29_M33771_S1_1,metacontig,78,482,404
st_R29_M401650_S1_1,metacontig,67,435,368
st_R29_M386975_S1_4,metacontig,2,291,289
MK904606_2,metacontig,1961,2204,243
st_R29_M36518_S1_1,metacontig,63,455,392
st_R29_M74860_S1_1,metacontig,145,538,393
st_R29_M127829_S1_2,metacontig,67,473,406
st_R29_M326731_S1_1,metacontig,34,462,428
st_R29_M340240_S1_7,metacontig,1598,2036,438
st_R29_M164794_S1_1,metacontig,67,430,363
ar_R29_M42491_S1_3,metacontig,91,474,383
MT040335_2,metacontig,474,968,494
st_R29_M448891_S1_1,metacontig,124,350,226
ma_R29_M3184_S1_3,metacontig,96,484,388
MK720944_4,metacontig,442,964,522
mm_R29_M3226_S1_7,metacontig,3,337,334
st_R29_M119817_S1_1,metacontig,66,437,371
st_R29_M399916_S1_5,metacontig,46,449,403
ma_R29_M3417_S1_2,metacontig,93,483,390
st_R29_M30442_S1_1,metacontig,65,465,400
st_R29_M63206_S1_1,metacontig,69,469,400
st_R29_M66422_S1_1,metacontig,1,422,421
mm_R29_M6073_S1_2,metacontig,475,733,258
ma_R29_M1082_S1_2,metacontig,60,454,394
ar_R29_M19967_S1_6,metacontig,88,363,275
st_R29_M396564_S1_1,metacontig,89,474,385
st_R29_M387063_S1_1,metacontig,57,390,333
st_R29_M35265_S1_1,metacontig,62,437,375
sa_R29_M3078_S1_1,metacontig,53,394,341
al_R29_M738_S1_4,metacontig,203,586,383
ar_R29_M8934_S1_2,metacontig,58,463,405
JQ862472_3,metacontig,151,577,426
fu_R29_M758_S12_3,metacontig,53,580,527
LR584026_3,metacontig,150,570,420
LC424839_4,metacontig,185,601,416
ar_R29_M12864_S1_2,metacontig,91,463,372
ar_R29_M4505_S1_1,metacontig,13,287,274
st_R29_M211920_S1_1,metacontig,215,430,215
st_R29_M88824_S1_2,metacontig,438,956,518
ma_R29_M6226_S1_1,metacontig,61,471,410
st_R29_M77421_S1_1,metacontig,7,361,354
st_R29_M205195_S1_2,metacontig,80,472,392
st_R29_M386382_S1_1,metacontig,63,480,417
st_R29_M400168_S1_1,metacontig,71,479,408
st_R29_M116195_S1_2,metacontig,41,344,303
st_R29_M83976_S1_1,metacontig,78,491,413
am_R29_M3_S16_5,metacontig,8,485,477
st_R29_M184861_S1_1,metacontig,57,461,404
KX122023_3,metacontig,171,567,396
st_R29_M44425_S1_4,metacontig,193,608,415
st_R29_M44439_S1_4,metacontig,193,608,415
st_R29_M44439_S2_11,metacontig,193,608,415
st_R29_M312115_S1_2,metacontig,51,456,405
ma_R29_M215_S1_1,metacontig,132,457,325
st_R29_M91921_S1_3,metacontig,20,387,367
sa_R29_M654_S1_3,metacontig,81,419,338
st_R29_M431709_S1_5,metacontig,201,538,337
ma_R29_M5388_S1_1,metacontig,95,472,377
ar_R29_M5042_S1_2,metacontig,81,438,357
st_R29_M405917_S1_1,metacontig,7,375,368
st_R29_M41416_S1_1,metacontig,63,454,391
ar_R29_M36015_S1_2,metacontig,98,493,395
ar_R29_M25907_S1_3,metacontig,95,424,329
ar_R29_M7138_S1_2,metacontig,110,350,240
st_R29_M169648_S1_1,metacontig,138,497,359
ar_R29_M15608_S1_2,metacontig,127,465,338
ar_R29_M11637_S1_2,metacontig,81,430,349
NC_028814_5,metacontig,439,964,525
ar_R29_M11820_S1_2,metacontig,83,464,381
ar_R29_M29575_S1_1,metacontig,34,386,352
st_R29_M146903_S1_1,metacontig,111,524,413
st_R29_M185903_S1_2,metacontig,108,527,419
st_R29_M408373_S1_2,metacontig,66,480,414
ma_R29_M4297_S1_1,metacontig,110,466,356
ar_R29_M42080_S1_1,metacontig,20,270,250
MW165328_7,metacontig,439,956,517
fu_R29_M758_S25_3,metacontig,150,676,526
fu_R29_M5103_S1_1,metacontig,647,1138,491
ar_R29_M7069_S1090_4,metacontig,73,464,391
KJ473799_13,metacontig,449,965,516
ma_R29_M2631_S1_1,metacontig,66,427,361
MG916904_4,metacontig,447,969,522
MN862352_2,metacontig,296,530,234
fu_R29_M758_S9_3,metacontig,150,676,526
st_R29_M25013_S1_1,metacontig,79,498,419
MH938448_12,metacontig,440,964,524
ma_R29_M4339_S1_1,metacontig,60,399,339
st_R29_M375295_S1_3,metacontig,225,592,367
fu_R29_M907_S68_1,metacontig,127,544,417
st_R29_M63207_S1_1,metacontig,59,407,348
fi_R29_M1752_S6_1,metacontig,69,291,222
MT586573_3,metacontig,147,570,423
fi_R29_M1879_S1_14,metacontig,442,928,486
ar_R29_M10604_S1_1,metacontig,63,512,449
st_R29_M355397_S1_1,metacontig,64,464,400
ar_R29_M8741_S1_2,metacontig,142,583,441
ar_R29_M7069_S1274_1,metacontig,7,357,350
KC869678_3,metacontig,455,980,525
st_R29_M237362_S1_2,metacontig,61,448,387
sp_R29_M517_S3_1,metacontig,22,228,206
st_R29_M298466_S1_1,metacontig,80,458,378
st_R29_M34570_S1_1,metacontig,131,533,402
MH687939_5,metacontig,446,963,517
ar_R29_M30826_S1_6,metacontig,61,418,357
MH687951_5,metacontig,447,964,517
MN611523_6,metacontig,438,963,525
KR706247_3,metacontig,151,572,421
st_R29_M257203_S1_2,metacontig,62,414,352
MH687966_6,metacontig,439,961,522
st_R29_M182772_S1_2,metacontig,72,471,399
st_R29_M182772_S2_1,metacontig,72,471,399
ar_R29_M5173_S1_2,metacontig,133,458,325
ma_R29_M6641_S2_23,metacontig,439,956,517
st_R29_M377139_S1_1,metacontig,97,510,413
st_R29_M33138_S1_1,metacontig,53,454,401
ma_R29_M6495_S1_2,metacontig,64,437,373
MK211373_5,metacontig,439,963,524
st_R29_M41372_S1_2,metacontig,67,426,359
fi_R29_M1120_S1_6,metacontig,434,942,508
ar_R29_M10491_S1_5,metacontig,98,468,370
MH687955_6,metacontig,439,961,522
mm_R29_M954_S1_3,metacontig,23,314,291
st_R29_M358112_S1_1,metacontig,56,432,376
st_R29_M386976_S1_1,metacontig,44,356,312
ma_R29_M79_S1_1,metacontig,52,436,384
ar_R29_M36536_S1_2,metacontig,126,379,253
ar_R29_M15460_S1_1,metacontig,1,285,284
NC_028833_10,metacontig,439,960,521
st_R29_M270176_S1_3,metacontig,220,669,449
LC428360_3,metacontig,157,577,420
ar_R29_M7069_S1194_5,metacontig,93,411,318
ar_R29_M42970_S1_1,metacontig,85,570,485
MG916903_5,metacontig,439,964,525
st_R29_M178893_S1_2,metacontig,54,450,396
ar_R29_M42252_S1_1,metacontig,1,310,309
st_R29_M17777_S1_3,metacontig,195,729,534
st_R29_M77381_S3_4,metacontig,152,539,387
sa_R29_M3149_S1_1,metacontig,21,281,260
st_R29_M185481_S1_1,metacontig,65,453,388
am_R29_M326_S1_1,metacontig,95,460,365
st_R29_M161648_S1_1,metacontig,204,415,211
st_R29_M317849_S1_1,metacontig,45,466,421
MH687967_5,metacontig,441,961,520
st_R29_M118806_S1_1,metacontig,107,377,270
ar_R29_M19295_S1_6,metacontig,97,465,368
st_R29_M323601_S1_2,metacontig,48,438,390
ar_R29_M27910_S1_1,metacontig,5,276,271
st_R29_M234883_S1_1,metacontig,45,466,421
st_R29_M281481_S1_1,metacontig,63,472,409
NC_010438_17,metacontig,440,913,473
st_R29_M234978_S1_1,metacontig,1,278,277
st_R29_M50816_S1_1,metacontig,52,437,385
ar_R29_M7991_S1_2,metacontig,87,490,403
ar_R29_M38811_S1_5,metacontig,124,435,311
ar_R29_M35228_S1_3,metacontig,4,287,283
mm_R29_M8122_S1_1,metacontig,61,447,386
MK720946_5,metacontig,448,973,525
fi_R29_M1888_S1_2,metacontig,431,933,502
st_R29_M406030_S1_1,metacontig,27,464,437
sa_R29_M1338_S1_5,metacontig,86,449,363
st_R29_M110263_S2_3,metacontig,60,272,212
st_R29_M45638_S1_4,metacontig,181,668,487
ar_R29_M34430_S1_2,metacontig,266,570,304
ma_R29_M2184_S1_1,metacontig,91,473,382
st_R29_M23181_S1_1,metacontig,60,475,415
st_R29_M175606_S1_1,metacontig,198,437,239
sa_R29_M600_S1_2,metacontig,109,440,331
st_R29_M175607_S1_3,metacontig,2,246,244
ar_R29_M41528_S1_2,metacontig,106,458,352
ar_R29_M7069_S1608_1,metacontig,7,247,240
st_R29_M312388_S1_1,metacontig,76,456,380
st_R29_M297356_S1_14,metacontig,732,1203,471
st_R29_M71900_S1_1,metacontig,1186,1422,236
ma_R29_M105_S1_2,metacontig,91,453,362
st_R29_M155616_S1_1,metacontig,133,517,384
st_R29_M20442_S1_1,metacontig,28,321,293
sa_R29_M1765_S1_1,metacontig,1,281,280
ma_R29_M3858_S1_1,metacontig,102,527,425
MF314820_3,metacontig,151,571,420
fi_R29_M988_S1_5,metacontig,13,279,266
st_R29_M35307_S1_1,metacontig,4,487,483
st_R29_M36549_S1_1,metacontig,48,468,420
st_R29_M308543_S1_2,metacontig,63,464,401
AY646283_3,metacontig,441,961,520
NC_010437_6,metacontig,439,964,525
st_R29_M237938_S1_1,metacontig,62,496,434
st_R29_M343215_S1_3,metacontig,5,194,189
mm_R29_M1927_S1_1,metacontig,2,220,218
st_R29_M28998_S1_2,metacontig,48,465,417
st_R29_M171441_S1_4,metacontig,167,487,320
st_R29_M101914_S1_2,metacontig,60,458,398
ar_R29_M17507_S1_3,metacontig,95,474,379
st_R29_M406278_S1_1,metacontig,48,433,385
st_R29_M152368_S1_5,metacontig,201,560,359
EU420137_6,metacontig,446,972,526
fu_R29_M4284_S2_2,metacontig,36,345,309
al_R29_M702_S1_1,metacontig,107,530,423
st_R29_M252932_S1_1,metacontig,101,494,393
st_R29_M37978_S1_1,metacontig,51,469,418
st_R29_M82809_S1_1,metacontig,67,418,351
ma_R29_M163_S31_3,metacontig,6,265,259
st_R29_M111250_S1_1,metacontig,81,457,376
st_R29_M85164_S1_1,metacontig,1,302,301
ar_R29_M39490_S1_1,metacontig,40,304,264
mm_R29_M3807_S1_2,metacontig,90,467,377
st_R29_M185286_S1_4,metacontig,84,474,390
st_R29_M41415_S1_2,metacontig,164,692,528
st_R29_M237736_S1_1,metacontig,73,470,397
st_R29_M185263_S1_8,metacontig,256,638,382
ma_R29_M2024_S1_1,metacontig,97,491,394
st_R29_M111266_S1_1,metacontig,67,452,385
st_R29_M76368_S1_2,metacontig,54,389,335
st_R29_M364448_S1_1,metacontig,3,389,386
st_R29_M72253_S1_2,metacontig,43,437,394
st_R29_M30773_S1_4,metacontig,244,593,349
st_R29_M37573_S1_1,metacontig,6,275,269
st_R29_M220520_S45_2,metacontig,157,577,420
NC_015494_1,metacontig,65,483,418
st_R29_M76376_S1_2,metacontig,54,389,335
st_R29_M195923_S10_2,metacontig,302,523,221
st_R29_M286889_S1_1,metacontig,4,339,335
ma_R29_M1327_S1_1,metacontig,101,441,340
st_R29_M295751_S1_1,metacontig,57,438,381
st_R29_M323796_S1_2,metacontig,359,571,212
st_R29_M289276_S1_10,metacontig,241,635,394
st_R29_M222250_S1_1,metacontig,4,278,274
st_R29_M208588_S1_2,metacontig,55,470,415
st_R29_M326153_S1_2,metacontig,239,657,418
st_R29_M40668_S1_7,metacontig,98,431,333
ma_R29_M1096_S1_2,metacontig,83,451,368
st_R29_M1936_S1_1,metacontig,53,442,389
st_R29_M185970_S1_2,metacontig,223,603,380
st_R29_M178439_S1_3,metacontig,1,232,231
st_R29_M115620_S1_1,metacontig,70,537,467
MK472070_6,metacontig,439,964,525
st_R29_M244115_S1_2,metacontig,21,459,438
ar_R29_M33095_S1_1,metacontig,26,289,263
ar_R29_M1459_S1_3,metacontig,22,325,303
st_R29_M51372_S1_1,metacontig,15,384,369
ar_R29_M32868_S1_2,metacontig,85,452,367
ar_R29_M25671_S1_3,metacontig,192,621,429
st_R29_M239612_S1_1,metacontig,195,669,474
fu_R29_M1846_S1_6,metacontig,690,1146,456
st_R29_M63137_S1_1,metacontig,69,477,408
st_R29_M132144_S1_6,metacontig,65,459,394
st_R29_M309184_S1_1,metacontig,83,484,401
NC_018571_4,metacontig,168,580,412
ar_R29_M42415_S1_1,metacontig,208,510,302
ar_R29_M20579_S1_5,metacontig,121,458,337
ar_R29_M15721_S1_3,metacontig,112,450,338
st_R29_M265537_S1_1,metacontig,73,501,428
ar_R29_M19665_S1_6,metacontig,110,450,340
st_R29_M139685_S1_2,metacontig,74,460,386
ar_R29_M15625_S1_3,metacontig,19,354,335
st_R29_M185969_S1_3,metacontig,253,633,380
MN204612_4,metacontig,173,592,419
ar_R29_M31057_S1_2,metacontig,84,479,395
st_R29_M113265_S1_1,metacontig,13,440,427
st_R29_M439140_S1_1,metacontig,76,416,340
st_R29_M266649_S1_2,metacontig,194,698,504
ar_R29_M13934_S1_1,metacontig,89,334,245
ar_R29_M16820_S1_2,metacontig,68,474,406
st_R29_M380869_S1_1,metacontig,3,243,240
st_R29_M270255_S1_2,metacontig,162,456,294
st_R29_M114025_S1_1,metacontig,63,464,401
st_R29_M181204_S1_1,metacontig,92,551,459
st_R29_M145683_S1_1,metacontig,1,331,330
st_R29_M447761_S1_1,metacontig,6,361,355
st_R29_M10933_S1_1,metacontig,1188,1480,292
st_R29_M111989_S1_16,metacontig,128,565,437
st_R29_M374151_S1_2,metacontig,66,456,390
st_R29_M121201_S1_1,metacontig,64,473,409
st_R29_M30773_S2_1,metacontig,244,592,348
ar_R29_M11663_S6_1,metacontig,48,243,195
st_R29_M273869_S1_1,metacontig,83,460,377
st_R29_M400078_S1_1,metacontig,65,451,386
ar_R29_M32055_S1_2,metacontig,68,472,404
st_R29_M307223_S1_3,metacontig,5,194,189
fu_R29_M3822_S1_2,metacontig,162,366,204
MT350598_2,metacontig,493,968,475
st_R29_M308559_S1_4,metacontig,502,943,441
st_R29_M67823_S1_1,metacontig,56,457,401
st_R29_M348400_S1_2,metacontig,163,510,347
st_R29_M322693_S1_2,metacontig,47,464,417
NC_048216_7,metacontig,447,963,516
st_R29_M437356_S2_1,metacontig,2,239,237
st_R29_M448575_S1_1,metacontig,150,531,381
st_R29_M216652_S1_1,metacontig,61,428,367
st_R29_M4728_S1_2,metacontig,209,658,449
ma_R29_M5330_S1_1,metacontig,106,501,395
st_R29_M332664_S1_1,metacontig,70,498,428
ar_R29_M42694_S1_1,metacontig,90,339,249
mm_R29_M6147_S4_3,metacontig,6,224,218
st_R29_M406061_S1_1,metacontig,53,468,415
st_R29_M65626_S1_1,metacontig,3,346,343
mm_R29_M7649_S1_1,metacontig,80,496,416
MH938450_10,metacontig,439,963,524
st_R29_M235394_S1_4,metacontig,194,688,494
KY471627_4,metacontig,1740,2349,609
ar_R29_M790_S1_4,metacontig,168,418,250
st_R29_M382810_S1_1,metacontig,294,611,317
ar_R29_M30303_S1_5,metacontig,109,467,358
NC_028811_5,metacontig,438,956,518
st_R29_M397296_S1_1,metacontig,20,407,387
st_R29_M288628_S1_7,metacontig,221,547,326
st_R29_M141638_S1_2,metacontig,52,436,384
sa_R29_M2759_S1_2,metacontig,90,496,406
ch_R29_M213_S1_1,metacontig,11,435,424
ar_R29_M31765_S1_3,metacontig,119,488,369
st_R29_M56653_S1_3,metacontig,2,277,275
ar_R29_M5501_S1_2,metacontig,87,392,305
st_R29_M442427_S1_4,metacontig,241,680,439
ar_R29_M37769_S1_5,metacontig,76,456,380
ar_R29_M13061_S1_2,metacontig,255,732,477
st_R29_M442484_S1_3,metacontig,52,242,190
st_R29_M393562_S1_3,metacontig,93,499,406
st_R29_M133244_S1_1,metacontig,1,242,241
st_R29_M124646_S1_1,metacontig,66,475,409
fi_R29_M894_S1_5,metacontig,428,932,504
ar_R29_M42137_S1_2,metacontig,79,456,377
st_R29_M340917_S1_6,metacontig,209,667,458
st_R29_M185476_S1_2,metacontig,187,661,474
fu_R29_M124_S1_1,metacontig,21,330,309
sa_R29_M2167_S1_4,metacontig,101,481,380
sa_R29_M48_S1_4,metacontig,71,445,374
fu_R29_M2453_S1_1,metacontig,83,526,443
st_R29_M317851_S1_1,metacontig,63,400,337
NC_010705_1,metacontig,134,623,489
ma_R29_M4335_S1_1,metacontig,77,462,385
ma_R29_M2153_S1_1,metacontig,155,506,351
ar_R29_M38256_S1_1,metacontig,93,493,400
st_R29_M265014_S1_6,metacontig,111,500,389
ar_R29_M22445_S1_2,metacontig,123,450,327
ro_R29_M206_S1_1,metacontig,40,449,409
st_R29_M258331_S1_1,metacontig,116,502,386
mm_R29_M3104_S1_2,metacontig,1156,1438,282
st_R29_M373271_S1_3,metacontig,1072,1578,506
st_R29_M137704_S1_1,metacontig,69,436,367
fi_R29_M711_S1_17,metacontig,1307,1744,437
KY770851_5,metacontig,438,956,518
st_R29_M387077_S1_1,metacontig,204,695,491
st_R29_M257229_S1_1,metacontig,5,398,393
st_R29_M63184_S1_1,metacontig,68,474,406
st_R29_M362694_S1_2,metacontig,85,572,487
sa_R29_M3020_S1_1,metacontig,76,451,375
st_R29_M298519_S1_1,metacontig,71,481,410
st_R29_M102345_S1_1,metacontig,78,447,369
mm_R29_M5673_S1_1,metacontig,3,275,272
st_R29_M237631_S1_2,metacontig,51,472,421
ar_R29_M36233_S4_1,metacontig,13,228,215
AP014892_3,metacontig,207,570,363
st_R29_M317238_S1_2,metacontig,93,494,401
ma_R29_M5330_S2_2,metacontig,79,473,394
st_R29_M80584_S1_10,metacontig,931,1330,399
st_R29_M409721_S1_2,metacontig,270,548,278
st_R29_M349576_S1_1,metacontig,68,455,387
st_R29_M173898_S1_3,metacontig,197,567,370
st_R29_M430596_S1_1,metacontig,96,362,266
st_R29_M143320_S1_1,metacontig,149,678,529
st_R29_M142695_S1_4,metacontig,223,506,283
st_R29_M117700_S1_1,metacontig,6,310,304
ar_R29_M7652_S1_6,metacontig,153,492,339
st_R29_M140998_S1_2,metacontig,65,472,407
st_R29_M171950_S1_7,metacontig,164,530,366
fu_R29_M3884_S4_4,metacontig,9,396,387
ar_R29_M37194_S1_2,metacontig,98,466,368
ar_R29_M40823_S1_4,metacontig,111,479,368
st_R29_M91552_S1_1,metacontig,63,449,386
ar_R29_M30446_S1_5,metacontig,72,456,384
MH323436_4,metacontig,284,619,335
st_R29_M388838_S1_2,metacontig,237,580,343
st_R29_M366377_S1_4,metacontig,189,597,408
st_R29_M24996_S1_1,metacontig,1,295,294
st_R29_M152255_S1_2,metacontig,72,467,395
st_R29_M118818_S1_1,metacontig,42,352,310
mm_R29_M6954_S1_1,metacontig,88,466,378
NC_001492_6,metacontig,1741,2352,611
sa_R29_M321_S1_1,metacontig,93,496,403
ma_R29_M4791_S1_1,metacontig,2,386,384
st_R29_M353365_S1_1,metacontig,57,450,393
fi_R29_M472_S1_4,metacontig,77,328,251
st_R29_M76917_S1_1,metacontig,13,334,321
mm_R29_M6460_S1_4,metacontig,144,488,344
st_R29_M354904_S1_1,metacontig,9,382,373
ma_R29_M6560_S1_2,metacontig,70,479,409
st_R29_M259975_S1_1,metacontig,246,458,212
ar_R29_M7069_S1118_2,metacontig,130,476,346
sa_R29_M1736_S1_4,metacontig,77,458,381
sa_R29_M259_S1_1,metacontig,2,326,324
ma_R29_M7775_S1_4,metacontig,439,958,519
ma_R29_M3565_S1_1,metacontig,52,456,404
MN831441_3,metacontig,200,559,359
ar_R29_M7069_S1422_2,metacontig,96,430,334
ar_R29_M3481_S1_1,metacontig,17,376,359
MT039232_10,metacontig,440,956,516
st_R29_M283849_S1_1,metacontig,18,363,345
st_R29_M111351_S1_4,metacontig,24,457,433
KT726153_7,metacontig,1742,2352,610
st_R29_M234677_S1_4,metacontig,191,678,487
ma_R29_M4156_S1_1,metacontig,109,468,359
ar_R29_M349_S2_8,metacontig,154,455,301
ar_R29_M7069_S1391_4,metacontig,96,514,418
fu_R29_M2954_S1_5,metacontig,187,716,529
st_R29_M133581_S1_1,metacontig,97,484,387
st_R29_M81428_S1_2,metacontig,176,677,501
st_R29_M363988_S1_1,metacontig,3,450,447
st_R29_M420367_S1_7,metacontig,197,695,498
st_R29_M401689_S1_3,metacontig,171,584,413
st_R29_M141026_S1_3,metacontig,89,471,382
ar_R29_M5007_S1_2,metacontig,4,314,310
MN065811_4,metacontig,439,955,516
LC119077_2,metacontig,447,965,518
KY073748_4,metacontig,437,955,518
ar_R29_M7069_S964_1,metacontig,3,264,261
MN831440_3,metacontig,92,477,385
st_R29_M295987_S1_1,metacontig,66,487,421
st_R29_M336230_S1_2,metacontig,57,454,397
MT663548_10,metacontig,448,974,526
st_R29_M201094_S1_2,metacontig,203,682,479
ch_R29_M266_S1_1,metacontig,59,350,291
st_R29_M238284_S1_2,metacontig,101,511,410
ar_R29_M7069_S1023_4,metacontig,107,379,272
st_R29_M266620_S1_1,metacontig,58,436,378
st_R29_M119950_S1_1,metacontig,41,431,390
fu_R29_M4477_S1_2,metacontig,133,517,384
st_R29_M353600_S1_2,metacontig,5,267,262
st_R29_M55679_S1_12,metacontig,263,646,383
ar_R29_M7069_S961_4,metacontig,142,560,418
ma_R29_M3415_S1_1,metacontig,81,528,447
MT603836_4,metacontig,89,481,392
st_R29_M314193_S1_3,metacontig,25,425,400
st_R29_M23127_S1_2,metacontig,10,341,331
st_R29_M75950_S1_1,metacontig,34,324,290
st_R29_M239824_S1_1,metacontig,129,537,408
mm_R29_M7857_S1_3,metacontig,1,252,251
MT591567_2,metacontig,73,456,383
st_R29_M288713_S1_2,metacontig,204,694,490
st_R29_M115643_S1_3,metacontig,13,410,397
st_R29_M404995_S1_1,metacontig,50,433,383
am_R29_M101_S1_2,metacontig,4,263,259
st_R29_M181578_S1_1,metacontig,94,356,262
ar_R29_M12182_S1_1,metacontig,63,453,390
ar_R29_M13085_S1_2,metacontig,2,322,320
st_R29_M317259_S1_1,metacontig,75,499,424
am_R29_M407_S1_1,metacontig,88,485,397
NC_023760_3,metacontig,441,965,524
st_R29_M316733_S1_7,metacontig,110,614,504
ma_R29_M6388_S1_2,metacontig,74,455,381
sa_R29_M1214_S1_1,metacontig,169,424,255
st_R29_M14865_S1_2,metacontig,111,528,417
sp_R29_M852_S1_1,metacontig,1,312,311
st_R29_M211601_S1_2,metacontig,239,664,425
ma_R29_M6024_S1_1,metacontig,52,461,409
ar_R29_M7922_S1_2,metacontig,98,501,403
KT960995_6,metacontig,195,585,390
st_R29_M95515_S1_2,metacontig,88,506,418
ar_R29_M9247_S1_5,metacontig,125,439,314
fu_R29_M4303_S1_2,metacontig,592,1054,462
st_R29_M402484_S1_1,metacontig,52,448,396
NC_040360_2,metacontig,219,659,440
st_R29_M125093_S1_1,metacontig,2,234,232
ma_R29_M1518_S1_1,metacontig,96,513,417
st_R29_M286902_S1_1,metacontig,15,372,357
st_R29_M92006_S1_4,metacontig,73,511,438
MK279488_4,metacontig,212,636,424
fu_R29_M1462_S1_3,metacontig,646,1129,483
ar_R29_M32102_S1_2,metacontig,2,199,197
ar_R29_M16885_S1_5,metacontig,79,456,377
MN600001_3,metacontig,173,590,417
ma_R29_M1600_S1_3,metacontig,70,497,427
st_R29_M152413_S1_2,metacontig,63,452,389
st_R29_M202568_S1_1,metacontig,15,302,287
ar_R29_M7069_S1291_2,metacontig,73,456,383
ar_R29_M24592_S1_2,metacontig,81,401,320
st_R29_M108358_S1_1,metacontig,64,474,410
st_R29_M439127_S1_3,metacontig,519,973,454
NC_032107_5,metacontig,439,955,516
st_R29_M231310_S1_2,metacontig,73,491,418
mm_R29_M5780_S2_1,metacontig,1,264,263
st_R29_M25785_S1_1,metacontig,99,491,392
st_R29_M118243_S3_2,metacontig,40,312,272
st_R29_M387856_S1_2,metacontig,83,446,363
MN831439_2,metacontig,91,466,375
st_R29_M75750_S1_2,metacontig,438,645,207
st_R29_M129301_S1_1,metacontig,86,428,342
st_R29_M367512_S1_9,metacontig,70,453,383
ma_R29_M2714_S1_1,metacontig,58,440,382
ar_R29_M7069_S1136_2,metacontig,70,468,398
st_R29_M179188_S1_1,metacontig,1,240,239
st_R29_M80094_S1_1,metacontig,95,517,422
LC215871_2,metacontig,447,965,518
st_R29_M28054_S1_1,metacontig,57,453,396
st_R29_M33140_S1_2,metacontig,205,700,495
KY073747_3,metacontig,437,955,518
ar_R29_M36406_S1_4,metacontig,60,459,399
ar_R29_M35672_S1_4,metacontig,142,510,368
KY985463_3,metacontig,236,592,356
st_R29_M374899_S1_3,metacontig,77,444,367
JF925153_5,metacontig,214,571,357
st_R29_M367513_S1_1,metacontig,70,453,383
ma_R29_M1954_S1_2,metacontig,8,352,344
st_R29_M153147_S1_1,metacontig,64,452,388
st_R29_M380868_S1_5,metacontig,87,526,439
st_R29_M54337_S1_1,metacontig,3,271,268
fu_R29_M2315_S1_5,metacontig,631,1114,483
ar_R29_M7069_S1220_5,metacontig,131,511,380
st_R29_M164790_S1_2,metacontig,68,466,398
ar_R29_M33034_S1_3,metacontig,82,398,316
st_R29_M290516_S1_2,metacontig,113,408,295
MK285337_2,metacontig,59,397,338
st_R29_M424963_S1_3,metacontig,405,854,449
st_R29_M39728_S1_3,metacontig,2,279,277
ma_R29_M347_S1_3,metacontig,66,424,358
st_R29_M75145_S1_5,metacontig,585,984,399
st_R29_M208984_S1_1,metacontig,45,453,408
JQ404410_6,metacontig,440,958,518
ar_R29_M16607_S1_2,metacontig,109,473,364
ma_R29_M3150_S1_1,metacontig,126,453,327
st_R29_M316757_S1_3,metacontig,7,383,376
st_R29_M60484_S1_1,metacontig,54,270,216
st_R29_M317230_S1_2,metacontig,215,649,434
st_R29_M437126_S1_2,metacontig,115,453,338
ar_R29_M10754_S1_1,metacontig,24,337,313
st_R29_M290994_S1_3,metacontig,73,520,447
st_R29_M361874_S1_1,metacontig,2,330,328
st_R29_M145891_S1_2,metacontig,97,370,273
NC_018449_4,metacontig,92,443,351
ar_R29_M7069_S1308_2,metacontig,41,359,318
st_R29_M288720_S1_5,metacontig,150,653,503
fu_R29_M4320_S1_1,metacontig,61,512,451
st_R29_M386964_S1_4,metacontig,182,658,476
NC_004346_4,metacontig,132,455,323
st_R29_M196041_S1_2,metacontig,4,338,334
ma_R29_M2185_S1_1,metacontig,79,463,384
st_R29_M110905_S1_1,metacontig,70,475,405
st_R29_M403040_S1_1,metacontig,67,432,365
st_R29_M88554_S1_2,metacontig,10,336,326
ar_R29_M18729_S1_1,metacontig,160,641,481
st_R29_M237928_S1_3,metacontig,2,287,285
ar_R29_M7069_S717_2,metacontig,68,457,389
NC_004553_4,metacontig,88,440,352
ar_R29_M30898_S1_8,metacontig,249,599,350
st_R29_M85351_S1_2,metacontig,2,269,267
st_R29_M296115_S1_1,metacontig,92,472,380
ar_R29_M15517_S1_1,metacontig,1768,2250,482
st_R29_M146995_S1_1,metacontig,60,474,414
st_R29_M284051_S1_7,metacontig,89,542,453
st_R29_M170059_S1_2,metacontig,298,745,447
ar_R29_M22089_S1_3,metacontig,6,286,280
st_R29_M82823_S1_1,metacontig,125,610,485
st_R29_M438321_S1_1,metacontig,1,274,273
st_R29_M54354_S1_3,metacontig,135,405,270
mm_R29_M533_S1_2,metacontig,459,903,444
st_R29_M18188_S1_2,metacontig,196,724,528
ma_R29_M6786_S1_1,metacontig,10,343,333
ar_R29_M26270_S1_2,metacontig,155,621,466
st_R29_M312131_S1_1,metacontig,24,315,291
sa_R29_M1457_S1_3,metacontig,169,482,313
ro_R29_M179_S1_1,metacontig,107,390,283
st_R29_M400522_S1_2,metacontig,156,381,225
mm_R29_M5156_S1_1,metacontig,48,332,284
st_R29_M71859_S1_1,metacontig,51,432,381
st_R29_M297809_S1_1,metacontig,67,449,382
NC_034972_4,metacontig,464,955,491
st_R29_M314099_S1_3,metacontig,88,465,377
FJ669143_4,metacontig,147,448,301
sa_R29_M1134_S1_1,metacontig,68,330,262
MK681145_4,metacontig,84,444,360
st_R29_M200907_S1_1,metacontig,121,367,246
st_R29_M208572_S1_2,metacontig,176,705,529
ma_R29_M5685_S1_3,metacontig,76,470,394
KR902502_4,metacontig,47,469,422
st_R29_M442423_S1_2,metacontig,3,242,239
st_R29_M293512_S1_2,metacontig,199,720,521
st_R29_M322913_S1_2,metacontig,246,655,409
ar_R29_M42157_S1_7,metacontig,137,475,338
st_R29_M182896_S1_1,metacontig,6,259,253
st_R29_M86733_S1_1,metacontig,17,254,237
fi_R29_M1452_S1_2,metacontig,23,489,466
MK795519_3,metacontig,125,508,383
fu_R29_M907_S11_4,metacontig,660,1149,489
sa_R29_M1465_S1_5,metacontig,188,518,330
st_R29_M97862_S1_3,metacontig,206,715,509
st_R29_M115646_S1_4,metacontig,195,534,339
st_R29_M161591_S1_3,metacontig,270,723,453
ar_R29_M2073_S1_1,metacontig,227,515,288
sa_R29_M790_S1_2,metacontig,91,512,421
st_R29_M308175_S1_1,metacontig,5,285,280
st_R29_M367843_S1_1,metacontig,176,664,488
st_R29_M208584_S1_1,metacontig,80,404,324
st_R29_M60084_S1_3,metacontig,108,505,397
st_R29_M396407_S1_2,metacontig,177,665,488
MN995807_1,metacontig,1337,1756,419
MT820627_8,metacontig,461,954,493
ma_R29_M261_S1_1,metacontig,70,449,379
sa_R29_M2653_S1_1,metacontig,5,266,261
st_R29_M253681_S1_3,metacontig,240,560,320
st_R29_M354820_S1_1,metacontig,3,256,253
sa_R29_M1105_S1_2,metacontig,61,454,393
NC_001633_4,metacontig,149,492,343
st_R29_M106735_S1_1,metacontig,1,237,236
st_R29_M63251_S1_1,metacontig,6,259,253
fu_R29_M1794_S1_6,metacontig,232,722,490
st_R29_M120792_S1_1,metacontig,506,736,230
ar_R29_M32818_S1_1,metacontig,184,680,496
st_R29_M141550_S1_2,metacontig,205,731,526
MN596377_3,metacontig,289,656,367
st_R29_M171616_S1_1,metacontig,222,439,217
st_R29_M153537_S1_3,metacontig,10,404,394
MG752895_29,metacontig,402,903,501
ar_R29_M7069_S938_5,metacontig,111,455,344
sa_R29_M1363_S1_1,metacontig,20,444,424
st_R29_M67008_S1_2,metacontig,81,519,438
ar_R29_M39476_S1_1,metacontig,6,313,307
sa_R29_M2003_S1_3,metacontig,93,459,366
ma_R29_M857_S1_1,metacontig,67,440,373
fi_R29_M1858_S1_12,metacontig,1335,1750,415
st_R29_M353684_S1_1,metacontig,202,735,533
st_R29_M39755_S1_1,metacontig,120,383,263
st_R29_M125941_S1_1,metacontig,109,494,385
mm_R29_M48_S1_1,metacontig,269,607,338
st_R29_M382614_S1_1,metacontig,8,365,357
st_R29_M136562_S1_1,metacontig,213,696,483
NC_035465_27,metacontig,405,903,498
KY855431_3,metacontig,66,500,434
MG428704_2,metacontig,437,955,518
NC_003629_5,metacontig,205,591,386
NC_008516_12,metacontig,386,905,519
mm_R29_M2246_S1_1,metacontig,3,224,221
ar_R29_M13741_S1_1,metacontig,4,280,276
ar_R29_M24670_S1_1,metacontig,329,537,208
st_R29_M54765_S1_12,metacontig,259,604,345
st_R29_M239623_S1_2,metacontig,2,237,235
ma_R29_M4276_S1_1,metacontig,100,486,386
st_R29_M288995_S1_1,metacontig,64,443,379
st_R29_M17005_S1_2,metacontig,1,343,342
st_R29_M252607_S1_2,metacontig,81,500,419
DQ848678_2,metacontig,442,958,516
st_R29_M348401_S1_11,metacontig,76,503,427
st_R29_M380146_S1_11,metacontig,178,567,389
ma_R29_M875_S1_1,metacontig,47,454,407
st_R29_M60242_S1_1,metacontig,139,529,390
st_R29_M405006_S1_1,metacontig,39,460,421
st_R29_M106863_S26_2,metacontig,157,534,377
st_R29_M297028_S1_1,metacontig,192,410,218
ma_R29_M1479_S1_1,metacontig,105,470,365
NC_046956_43,metacontig,559,1086,527
st_R29_M37697_S1_11,metacontig,47,520,473
st_R29_M294731_S2_2,metacontig,11,237,226
st_R29_M132567_S1_2,metacontig,176,518,342
st_R29_M35205_S1_2,metacontig,57,338,281
st_R29_M265920_S1_1,metacontig,266,472,206
ar_R29_M20056_S1_2,metacontig,324,579,255
ar_R29_M10997_S2_2,metacontig,3,280,277
st_R29_M109595_S1_1,metacontig,61,466,405
mm_R29_M255_S1_2,metacontig,41,280,239
KJ577140_1,metacontig,1336,1752,416
ar_R29_M31779_S1_4,metacontig,123,438,315
fi_R29_M1236_S1_1,metacontig,8,429,421
MN814309_3,metacontig,783,1197,414
NC_024031_1,metacontig,1337,1756,419
ar_R29_M10997_S1_8,metacontig,3,262,259
ar_R29_M13025_S1_2,metacontig,80,444,364
st_R29_M373228_S1_3,metacontig,121,498,377
KY566209_4,metacontig,440,958,518
st_R29_M273881_S1_1,metacontig,178,707,529
st_R29_M401697_S1_1,metacontig,95,517,422
fu_R29_M1623_S1_4,metacontig,33,464,431
st_R29_M19964_S1_1,metacontig,134,528,394
ar_R29_M36624_S1_2,metacontig,107,404,297
st_R29_M400136_S1_1,metacontig,10,344,334
st_R29_M301535_S1_4,metacontig,124,555,431
ma_R29_M3043_S1_2,metacontig,112,453,341
st_R29_M245337_S1_2,metacontig,138,540,402
NC_004060_3,metacontig,104,472,368
ar_R29_M21191_S1_4,metacontig,72,459,387
sp_R29_M473_S1_1,metacontig,80,381,301
st_R29_M231332_S2_1,metacontig,64,398,334
ma_R29_M3495_S1_1,metacontig,4,381,377
st_R29_M126495_S1_1,metacontig,184,678,494
sa_R29_M2870_S2_1,metacontig,22,414,392
st_R29_M7259_S1_3,metacontig,245,668,423
ar_R29_M1292_S1_1,metacontig,11,349,338
ar_R29_M36821_S1_2,metacontig,63,454,391
st_R29_M263179_S1_9,metacontig,2730,3203,473
st_R29_M90039_S1_1,metacontig,17,371,354
ar_R29_M7954_S1_1,metacontig,70,358,288
MG916902_4,metacontig,439,964,525
ar_R29_M8822_S1_1,metacontig,179,660,481
st_R29_M152381_S1_5,metacontig,190,718,528
st_R29_M382619_S1_1,metacontig,114,525,411
ma_R29_M1865_S1_1,metacontig,85,469,384
st_R29_M326239_S1_5,metacontig,256,716,460
st_R29_M25061_S1_6,metacontig,171,639,468
ar_R29_M34755_S1_1,metacontig,422,699,277
fu_R29_M1004_S1_10,metacontig,281,713,432
st_R29_M58297_S1_1,metacontig,68,356,288
mm_R29_M7844_S1_1,metacontig,170,388,218
st_R29_M174934_S1_4,metacontig,52,440,388
ar_R29_M16717_S1_2,metacontig,123,459,336
ar_R29_M43087_S1_6,metacontig,56,409,353
st_R29_M41350_S1_1,metacontig,191,720,529
st_R29_M27769_S1_1,metacontig,67,447,380
ar_R29_M20907_S1_1,metacontig,40,333,293
st_R29_M258332_S1_2,metacontig,1,325,324
ar_R29_M41512_S1_3,metacontig,117,422,305
FJ938052_3,metacontig,440,958,518
ar_R29_M33336_S1_2,metacontig,8,302,294
ar_R29_M29663_S1_3,metacontig,151,434,283
st_R29_M236062_S1_2,metacontig,66,460,394
ar_R29_M28832_S1_2,metacontig,126,488,362
fi_R29_M1925_S1_9,metacontig,407,913,506
ar_R29_M31022_S1_1,metacontig,21,252,231
st_R29_M7709_S1_1,metacontig,111,518,407
fu_R29_M1868_S1_3,metacontig,13,457,444
st_R29_M65572_S1_1,metacontig,118,524,406
ar_R29_M1815_S2_1,metacontig,19,190,171
ma_R29_M2189_S1_1,metacontig,63,493,430
st_R29_M416867_S1_1,metacontig,110,479,369
st_R29_M314982_S1_2,metacontig,176,664,488
st_R29_M288695_S1_3,metacontig,38,332,294
st_R29_M145701_S1_10,metacontig,302,642,340
ma_R29_M3440_S1_2,metacontig,61,440,379
ar_R29_M32885_S1_1,metacontig,17,233,216
st_R29_M290548_S1_1,metacontig,26,299,273
ar_R29_M18275_S2_1,metacontig,39,429,390
ma_R29_M5682_S1_1,metacontig,11,229,218
st_R29_M54649_S2_4,metacontig,196,506,310
sa_R29_M1424_S1_2,metacontig,92,468,376
ar_R29_M22013_S1_9,metacontig,156,451,295
st_R29_M14857_S1_1,metacontig,75,472,397
st_R29_M310600_S1_2,metacontig,206,522,316
fi_R29_M21_S1_1,metacontig,4,239,235
st_R29_M116197_S1_1,metacontig,146,389,243
st_R29_M286768_S1_1,metacontig,195,703,508
st_R29_M69613_S1_4,metacontig,118,463,345
ma_R29_M3535_S1_1,metacontig,17,371,354
sa_R29_M669_S1_1,metacontig,8,302,294
ar_R29_M6098_S3_1,metacontig,10,325,315
st_R29_M257803_S1_3,metacontig,197,719,522
st_R29_M92035_S1_1,metacontig,64,353,289
st_R29_M119923_S1_1,metacontig,76,479,403
KY799179_11,metacontig,439,960,521
mm_R29_M2190_S1_2,metacontig,122,579,457
ma_R29_M4239_S1_1,metacontig,4,299,295
sa_R29_M696_S1_2,metacontig,79,442,363
ma_R29_M235_S1_1,metacontig,85,462,377
st_R29_M216279_S1_1,metacontig,141,524,383
ma_R29_M1075_S1_1,metacontig,66,499,433
ar_R29_M7069_S1024_12,metacontig,45,287,242
st_R29_M36505_S1_4,metacontig,214,645,431
ma_R29_M1022_S1_1,metacontig,116,490,374
KP849472_6,metacontig,440,958,518
mm_R29_M7355_S1_1,metacontig,4,217,213
KC778721_4,metacontig,94,441,347
ar_R29_M18564_S1_3,metacontig,128,465,337
st_R29_M367833_S1_9,metacontig,294,636,342
st_R29_M152298_S1_3,metacontig,3,222,219
ma_R29_M4462_S1_2,metacontig,148,464,316
MH316122_3,metacontig,2812,3275,463
st_R29_M373235_S1_2,metacontig,24,348,324
ma_R29_M3403_S1_1,metacontig,18,349,331
st_R29_M43294_S1_3,metacontig,62,458,396
ma_R29_M3187_S1_3,metacontig,2,241,239
ar_R29_M10231_S1_1,metacontig,56,367,311
fu_R29_M1335_S1_1,metacontig,32,529,497
sa_R29_M2130_S1_1,metacontig,170,384,214
st_R29_M445942_S1_4,metacontig,151,543,392
ar_R29_M14071_S2_1,metacontig,29,310,281
sa_R29_M2225_S1_1,metacontig,55,402,347
st_R29_M114161_S1_1,metacontig,4,276,272
st_R29_M150864_S1_1,metacontig,82,310,228
st_R29_M380142_S1_3,metacontig,54,439,385
st_R29_M146994_S1_4,metacontig,290,785,495
st_R29_M18236_S1_4,metacontig,193,684,491
ma_R29_M4192_S1_3,metacontig,164,712,548
st_R29_M215654_S1_1,metacontig,118,501,383
st_R29_M375298_S1_1,metacontig,103,520,417
ar_R29_M13894_S1_3,metacontig,36,336,300
st_R29_M321006_S1_2,metacontig,192,682,490
st_R29_M89254_S1_2,metacontig,12,383,371
st_R29_M288998_S1_5,metacontig,257,600,343
ma_R29_M565_S1_1,metacontig,73,441,368
st_R29_M58566_S1_9,metacontig,322,622,300
mm_R29_M6147_S6_1,metacontig,21,220,199
st_R29_M402161_S1_1,metacontig,35,314,279
ar_R29_M37602_S1_1,metacontig,18,408,390
st_R29_M169608_S1_5,metacontig,135,654,519
st_R29_M286774_S1_1,metacontig,2,267,265
st_R29_M125797_S1_2,metacontig,67,332,265
ar_R29_M33031_S4_1,metacontig,17,239,222
st_R29_M380880_S1_1,metacontig,1,277,276
st_R29_M287475_S1_1,metacontig,132,349,217
st_R29_M135446_S1_2,metacontig,56,479,423
ar_R29_M14558_S1_2,metacontig,61,429,368
st_R29_M209031_S1_2,metacontig,215,513,298
st_R29_M295923_S1_5,metacontig,552,982,430
st_R29_M270167_S1_8,metacontig,21,315,294
st_R29_M323943_S1_2,metacontig,177,671,494
ar_R29_M42885_S1_3,metacontig,254,746,492
st_R29_M321007_S1_2,metacontig,165,669,504
fi_R29_M950_S4_5,metacontig,473,926,453
ar_R29_M37394_S1_1,metacontig,61,373,312
ar_R29_M2616_S1_1,metacontig,22,289,267
st_R29_M237486_S1_1,metacontig,1,237,236
st_R29_M245733_S1_1,metacontig,113,514,401
st_R29_M22193_S1_1,metacontig,5,316,311
ma_R29_M644_S1_1,metacontig,58,379,321
mm_R29_M4343_S1_2,metacontig,226,524,298
ar_R29_M24174_S1_1,metacontig,4,234,230
fi_R29_M718_S1_1,metacontig,2,287,285
ar_R29_M21675_S1_1,metacontig,46,379,333
st_R29_M67987_S1_1,metacontig,71,366,295
ma_R29_M6394_S1_1,metacontig,48,414,366
st_R29_M18189_S1_6,metacontig,184,714,530
st_R29_M273356_S1_1,metacontig,8,272,264
mm_R29_M6235_S1_1,metacontig,231,447,216
st_R29_M446499_S1_1,metacontig,56,458,402
ar_R29_M361_S1_1,metacontig,176,656,480
ar_R29_M38481_S1_1,metacontig,173,666,493
MN814310_2,metacontig,218,556,338
MN831443_3,metacontig,94,388,294
st_R29_M291446_S1_1,metacontig,90,462,372
sa_R29_M2320_S1_2,metacontig,72,479,407
ar_R29_M42501_S1_5,metacontig,81,432,351
sa_R29_M1658_S1_1,metacontig,34,396,362
st_R29_M18152_S1_1,metacontig,173,667,494
ar_R29_M10636_S1_1,metacontig,4,253,249
ma_R29_M6726_S1_1,metacontig,110,498,388
ar_R29_M667_S1_1,metacontig,1,239,238
ma_R29_M5307_S1_1,metacontig,62,404,342
MN831438_3,metacontig,117,493,376
st_R29_M284059_S1_6,metacontig,97,537,440
st_R29_M314361_S1_5,metacontig,266,671,405
ar_R29_M41583_S1_1,metacontig,49,377,328
ma_R29_M6133_S1_2,metacontig,100,447,347
fu_R29_M3009_S1_4,metacontig,171,669,498
MG596229_3,metacontig,262,621,359
st_R29_M179189_S1_2,metacontig,184,664,480
ma_R29_M3004_S1_1,metacontig,104,519,415
st_R29_M312142_S1_1,metacontig,3,287,284
st_R29_M74857_S1_5,metacontig,151,455,304
sa_R29_M2500_S1_1,metacontig,12,388,376
ma_R29_M2781_S1_1,metacontig,75,500,425
st_R29_M442391_S1_1,metacontig,274,679,405
ma_R29_M3028_S1_1,metacontig,85,480,395
NC_003747_4,metacontig,93,435,342
mm_R29_M1782_S1_2,metacontig,83,467,384
ar_R29_M25469_S1_1,metacontig,296,597,301
NC_027198_5,metacontig,93,437,344
fu_R29_M5005_S1_1,metacontig,10,506,496
ar_R29_M26553_S1_8,metacontig,120,422,302
st_R29_M19199_S1_1,metacontig,72,384,312
fu_R29_M5538_S1_1,metacontig,196,687,491
st_R29_M153134_S1_1,metacontig,6,248,242
st_R29_M210157_S1_1,metacontig,71,400,329
st_R29_M34407_S1_1,metacontig,376,978,602
sp_R29_M734_S1_2,metacontig,47,449,402
MH188030_2,metacontig,152,411,259
st_R29_M169633_S1_1,metacontig,15,369,354
st_R29_M259907_S1_2,metacontig,109,502,393
ar_R29_M39156_S5_6,metacontig,120,445,325
st_R29_M66575_S1_1,metacontig,2,301,299
st_R29_M85140_S1_1,metacontig,108,509,401
st_R29_M204714_S1_2,metacontig,54,461,407
al_R29_M350_S1_1,metacontig,196,670,474
st_R29_M60120_S1_1,metacontig,111,497,386
st_R29_M323801_S1_1,metacontig,101,325,224
st_R29_M360393_S1_3,metacontig,217,650,433
ma_R29_M1298_S1_1,metacontig,65,452,387
ma_R29_M6701_S1_1,metacontig,85,482,397
ar_R29_M26221_S1_2,metacontig,121,455,334
st_R29_M362888_S1_1,metacontig,153,652,499
MN416031_2,metacontig,142,660,518
st_R29_M129828_S1_1,metacontig,401,798,397
NC_033706_4,metacontig,98,457,359
NC_014509_4,metacontig,81,450,369
ar_R29_M6109_S1_2,metacontig,403,692,289
ar_R29_M5823_S1_3,metacontig,115,493,378
mm_R29_M7573_S2_1,metacontig,50,330,280
ar_R29_M37451_S1_4,metacontig,121,449,328
st_R29_M400173_S1_8,metacontig,429,750,321
sa_R29_M2358_S1_6,metacontig,368,877,509
sa_R29_M2358_S2_5,metacontig,153,662,509
st_R29_M239861_S1_6,metacontig,148,600,452
ar_R29_M10634_S1_1,metacontig,18,272,254
fu_R29_M2393_S1_2,metacontig,192,663,471
mm_R29_M6629_S1_1,metacontig,41,309,268
st_R29_M173673_S1_1,metacontig,128,539,411
st_R29_M37585_S1_2,metacontig,142,629,487
st_R29_M209022_S1_4,metacontig,228,516,288
st_R29_M426099_S1_1,metacontig,14,274,260
sa_R29_M1570_S1_2,metacontig,99,431,332
st_R29_M237638_S1_1,metacontig,3,300,297
st_R29_M30739_S1_1,metacontig,2,325,323
st_R29_M240487_S1_6,metacontig,30,225,195
sa_R29_M477_S1_10,metacontig,104,417,313
ar_R29_M4422_S1_3,metacontig,134,483,349
sa_R29_M1849_S1_1,metacontig,109,483,374
st_R29_M409743_S1_11,metacontig,1757,2346,589
st_R29_M354907_S1_1,metacontig,79,461,382
ar_R29_M7802_S1_7,metacontig,96,423,327
fi_R29_M1488_S1_15,metacontig,1337,1736,399
fu_R29_M5847_S1_2,metacontig,223,702,479
st_R29_M129935_S1_3,metacontig,141,469,328
mm_R29_M6493_S1_1,metacontig,146,433,287
st_R29_M28005_S1_9,metacontig,79,521,442
st_R29_M126992_S1_4,metacontig,639,894,255
ar_R29_M18797_S1_4,metacontig,10,244,234
st_R29_M119949_S1_1,metacontig,69,467,398
st_R29_M400167_S1_4,metacontig,138,462,324
ma_R29_M216_S1_2,metacontig,90,492,402
st_R29_M83156_S1_1,metacontig,124,547,423
HM163159_4,metacontig,148,453,305
ar_R29_M15138_S1_1,metacontig,2,282,280
ar_R29_M23201_S1_1,metacontig,1539,1848,309
sa_R29_M1649_S1_2,metacontig,16,420,404
sa_R29_M2540_S1_3,metacontig,142,528,386
ch_R29_M161_S2_1,metacontig,10,238,228
ar_R29_M23135_S1_2,metacontig,37,255,218
st_R29_M61803_S1_1,metacontig,43,352,309
st_R29_M237727_S1_5,metacontig,174,659,485
ar_R29_M38260_S1_1,metacontig,95,431,336
st_R29_M416814_S1_2,metacontig,3,243,240
st_R29_M28507_S1_1,metacontig,6,256,250
st_R29_M339762_S1_3,metacontig,169,385,216
st_R29_M299606_S1_1,metacontig,12,375,363
sa_R29_M1894_S1_6,metacontig,73,477,404
ar_R29_M3521_S1_8,metacontig,138,474,336
st_R29_M1924_S1_3,metacontig,83,502,419
sa_R29_M2886_S1_1,metacontig,395,795,400
fu_R29_M773_S1_13,metacontig,255,593,338
st_R29_M236060_S1_1,metacontig,3,209,206
MK722379_38,metacontig,440,910,470
st_R29_M161727_S1_1,metacontig,82,500,418
MK722370_36,metacontig,446,932,486
st_R29_M19974_S1_1,metacontig,123,535,412
ar_R29_M17751_S1_3,metacontig,178,451,273
st_R29_M439521_S1_4,metacontig,162,503,341
st_R29_M1091_S1_1,metacontig,97,347,250
st_R29_M331949_S1_1,metacontig,181,392,211
MN176979_9,metacontig,1774,2191,417
sa_R29_M2172_S1_3,metacontig,103,405,302
st_R29_M220520_S56_1,metacontig,66,364,298
am_R29_M354_S1_7,metacontig,475,897,422
sa_R29_M1582_S1_6,metacontig,463,948,485
ar_R29_M24321_S1_1,metacontig,10,239,229
st_R29_M380055_S1_5,metacontig,196,525,329
st_R29_M398600_S1_2,metacontig,4,309,305
st_R29_M244277_S1_2,metacontig,6,229,223
ar_R29_M37648_S1_1,metacontig,17,245,228
al_R29_M536_S1_1,metacontig,5,246,241
mm_R29_M1402_S1_3,metacontig,59,509,450
ar_R29_M42114_S1_3,metacontig,154,486,332
st_R29_M34590_S1_1,metacontig,91,511,420
st_R29_M30765_S1_3,metacontig,289,606,317
ma_R29_M4292_S1_1,metacontig,19,314,295
st_R29_M4816_S1_1,metacontig,200,516,316
ar_R29_M31118_S1_9,metacontig,96,388,292
st_R29_M263189_S1_4,metacontig,180,648,468
fu_R29_M4860_S1_1,metacontig,76,495,419
st_R29_M257202_S1_2,metacontig,441,708,267
ma_R29_M1701_S1_1,metacontig,96,482,386
mm_R29_M6602_S1_1,metacontig,27,362,335
al_R29_M125_S1_1,metacontig,26,458,432
ar_R29_M9485_S1_2,metacontig,83,479,396
st_R29_M164821_S2_8,metacontig,1030,1310,280
st_R29_M339797_S1_4,metacontig,144,427,283
mm_R29_M2289_S1_2,metacontig,622,1039,417
ar_R29_M37222_S1_2,metacontig,85,398,313
st_R29_M55675_S1_3,metacontig,319,652,333
KY855430_3,metacontig,96,496,400
ar_R29_M20599_S6_1,metacontig,111,354,243
ar_R29_M18275_S1_6,metacontig,66,382,316
ar_R29_M28144_S1_1,metacontig,38,428,390
st_R29_M413580_S1_1,metacontig,165,367,202
st_R29_M117677_S1_3,metacontig,238,695,457
st_R29_M133514_S1_1,metacontig,182,430,248
NC_011536_5,metacontig,85,458,373
ar_R29_M4248_S1_3,metacontig,33,341,308
ma_R29_M4623_S1_1,metacontig,146,449,303
st_R29_M297152_S1_1,metacontig,132,562,430
ar_R29_M42442_S1_2,metacontig,155,642,487
st_R29_M91414_S1_1,metacontig,258,500,242
st_R29_M306900_S1_8,metacontig,87,513,426
st_R29_M362465_S1_1,metacontig,4,279,275
st_R29_M117639_S1_3,metacontig,207,695,488
NC_001696_5,metacontig,119,441,322
st_R29_M101891_S1_2,metacontig,29,402,373
mm_R29_M5109_S1_3,metacontig,7,344,337
ma_R29_M2466_S1_1,metacontig,34,412,378
ma_R29_M1528_S1_1,metacontig,52,382,330
ma_R29_M4542_S1_1,metacontig,33,332,299
ar_R29_M8401_S1_1,metacontig,1,263,262
al_R29_M678_S1_1,metacontig,47,358,311
fu_R29_M3129_S1_1,metacontig,159,648,489
mm_R29_M6063_S1_3,metacontig,1848,2254,406
st_R29_M44942_S1_1,metacontig,28,370,342
ar_R29_M25930_S1_4,metacontig,121,369,248
st_R29_M8097_S1_1,metacontig,2,308,306
st_R29_M211669_S1_2,metacontig,62,516,454
sp_R29_M776_S1_7,metacontig,148,634,486
ar_R29_M12535_S1_2,metacontig,19,396,377
sa_R29_M396_S1_3,metacontig,141,489,348
st_R29_M121682_S1_5,metacontig,101,454,353
st_R29_M359687_S1_1,metacontig,45,601,556
NC_027199_2,metacontig,411,868,457
fi_R29_M1584_S1_3,metacontig,62,328,266
st_R29_M264733_S1_2,metacontig,232,649,417
st_R29_M140994_S1_5,metacontig,262,540,278
fu_R29_M646_S1_1,metacontig,7,355,348
st_R29_M375292_S2_2,metacontig,260,569,309
st_R29_M198594_S1_2,metacontig,80,427,347
ar_R29_M42081_S1_5,metacontig,92,391,299
st_R29_M430268_S1_5,metacontig,410,609,199
ar_R29_M18148_S1_7,metacontig,23,354,331
ar_R29_M7069_S1156_2,metacontig,133,470,337
MT246778_2,metacontig,315,622,307
mm_R29_M7216_S1_1,metacontig,77,439,362
st_R29_M348255_S1_1,metacontig,5,307,302
st_R29_M188778_S1_3,metacontig,54,368,314
st_R29_M124645_S1_1,metacontig,57,353,296
mm_R29_M6554_S1_3,metacontig,2,216,214
ar_R29_M27850_S1_3,metacontig,84,484,400
st_R29_M277115_S1_1,metacontig,4,253,249
mm_R29_M7604_S1_4,metacontig,17,477,460
st_R29_M222340_S1_7,metacontig,220,660,440
st_R29_M208722_S1_2,metacontig,111,526,415
ar_R29_M7069_S1186_2,metacontig,79,404,325
NC_002568_4,metacontig,81,471,390
ar_R29_M7069_S1152_5,metacontig,16,238,222
st_R29_M208725_S1_1,metacontig,19,272,253
fu_R29_M5030_S1_2,metacontig,4,273,269
ma_R29_M1797_S1_3,metacontig,93,510,417
NC_006961_1,metacontig,178,651,473
ma_R29_M4940_S1_2,metacontig,101,491,390
st_R29_M197250_S1_2,metacontig,1,255,254
mm_R29_M5994_S1_2,metacontig,394,628,234
ma_R29_M1563_S1_1,metacontig,109,486,377
st_R29_M209086_S1_1,metacontig,1,265,264
mm_R29_M170_S1_4,metacontig,378,623,245
st_R29_M274208_S1_6,metacontig,93,463,370
st_R29_M423503_S1_1,metacontig,4,490,486
st_R29_M63044_S1_6,metacontig,1093,1402,309
st_R29_M34844_S1_3,metacontig,1,264,263
fu_R29_M4591_S1_2,metacontig,183,655,472
ar_R29_M17620_S1_2,metacontig,89,354,265
st_R29_M380051_S2_2,metacontig,3,250,247
st_R29_M425363_S1_1,metacontig,136,528,392
ar_R29_M29750_S1_1,metacontig,101,367,266
st_R29_M286901_S1_2,metacontig,67,443,376
mm_R29_M3490_S1_2,metacontig,96,477,381
fu_R29_M6085_S1_8,metacontig,2141,2523,382
st_R29_M202570_S1_1,metacontig,31,337,306
sa_R29_M1659_S1_1,metacontig,90,479,389
st_R29_M350130_S1_1,metacontig,14,496,482
st_R29_M220792_S1_2,metacontig,63,396,333
ar_R29_M37037_S1_2,metacontig,98,398,300
mm_R29_M4071_S1_3,metacontig,73,465,392
st_R29_M424817_S1_1,metacontig,148,554,406
al_R29_M410_S1_2,metacontig,141,659,518
ar_R29_M27752_S1_3,metacontig,115,425,310
st_R29_M116105_S1_3,metacontig,158,654,496
ar_R29_M14744_S1_2,metacontig,35,532,497
fu_R29_M2952_S1_5,metacontig,177,663,486
st_R29_M89572_S1_1,metacontig,5,322,317
mm_R29_M3180_S1_1,metacontig,57,319,262
st_R29_M51311_S1_2,metacontig,11,217,206
st_R29_M77480_S1_2,metacontig,2,224,222
fu_R29_M1522_S1_10,metacontig,408,1029,621
st_R29_M25030_S1_1,metacontig,63,359,296
NC_017914_3,metacontig,86,450,364
st_R29_M197756_S1_1,metacontig,105,337,232
ar_R29_M11081_S1_4,metacontig,2,213,211
sa_R29_M2191_S1_2,metacontig,114,391,277
st_R29_M437042_S1_2,metacontig,3,298,295
ar_R29_M19809_S1_1,metacontig,12,251,239
NC_020899_3,metacontig,555,1093,538
ri_R29_M78_S1_3,metacontig,101,467,366
st_R29_M353396_S1_2,metacontig,5,301,296
st_R29_M107242_S1_1,metacontig,7,190,183
st_R29_M234714_S1_2,metacontig,179,653,474
st_R29_M37771_S1_10,metacontig,80,440,360
fu_R29_M4706_S1_1,metacontig,174,677,503
LC483442_4,metacontig,390,879,489
st_R29_M442485_S1_1,metacontig,15,208,193
st_R29_M184670_S1_2,metacontig,20,440,420
st_R29_M365943_S1_1,metacontig,142,544,402
st_R29_M438265_S1_2,metacontig,219,665,446
ar_R29_M31668_S1_3,metacontig,1233,1472,239
st_R29_M364373_S1_1,metacontig,18,310,292
st_R29_M131904_S1_2,metacontig,1246,1458,212
MG996765_4,metacontig,382,895,513
st_R29_M401696_S1_1,metacontig,127,530,403
ma_R29_M2850_S1_1,metacontig,95,493,398
ar_R29_M29304_S2_2,metacontig,160,356,196
ar_R29_M7069_S1070_2,metacontig,116,425,309
ar_R29_M15300_S1_1,metacontig,43,376,333
sa_R29_M363_S1_2,metacontig,57,421,364
st_R29_M409589_S1_2,metacontig,141,537,396
st_R29_M439126_S1_3,metacontig,80,482,402
ar_R29_M7069_S1410_2,metacontig,116,425,309
MN565048_1,metacontig,56,365,309
MN882587_3,metacontig,391,877,486
st_R29_M174171_S1_2,metacontig,52,443,391
st_R29_M408355_S1_6,metacontig,117,511,394
st_R29_M288626_S1_5,metacontig,197,631,434
ch_R29_M229_S1_1,metacontig,171,653,482
st_R29_M45639_S1_3,metacontig,197,655,458
st_R29_M373291_S1_3,metacontig,157,642,485
al_R29_M528_S1_1,metacontig,131,636,505
st_R29_M295823_S1_1,metacontig,348,570,222
st_R29_M380038_S1_3,metacontig,159,399,240
st_R29_M53332_S1_6,metacontig,1,233,232
ar_R29_M349_S15_3,metacontig,84,332,248
st_R29_M171166_S1_4,metacontig,7,206,199
LC088094_3,metacontig,392,877,485
ar_R29_M15774_S1_1,metacontig,22,343,321
st_R29_M61817_S1_1,metacontig,98,504,406
ma_R29_M2882_S1_2,metacontig,98,456,358
al_R29_M119_S1_3,metacontig,59,413,354
ar_R29_M21281_S4_1,metacontig,54,257,203
ar_R29_M7069_S1259_1,metacontig,568,809,241
mm_R29_M7094_S1_1,metacontig,8,248,240
st_R29_M424321_S1_1,metacontig,445,649,204
st_R29_M208764_S1_3,metacontig,120,475,355
AJ876793_4,metacontig,86,443,357
st_R29_M182336_S1_1,metacontig,309,705,396
st_R29_M117784_S1_3,metacontig,88,354,266
st_R29_M238073_S1_4,metacontig,686,902,216
ma_R29_M2417_S1_1,metacontig,70,402,332
ar_R29_M5884_S1_1,metacontig,1,206,205
st_R29_M289532_S1_1,metacontig,137,531,394
st_R29_M18202_S1_1,metacontig,127,546,419
mm_R29_M3820_S1_2,metacontig,160,520,360
st_R29_M215612_S1_2,metacontig,1531,2016,485
st_R29_M53325_S1_3,metacontig,7,296,289
mm_R29_M6251_S1_1,metacontig,2,213,211
sa_R29_M1300_S1_3,metacontig,125,359,234
ar_R29_M8930_S1_1,metacontig,143,631,488
ma_R29_M863_S1_1,metacontig,58,452,394
ar_R29_M28317_S1_3,metacontig,74,350,276
ma_R29_M3701_S1_1,metacontig,98,503,405
st_R29_M423964_S1_1,metacontig,153,525,372
st_R29_M437118_S1_3,metacontig,122,578,456
st_R29_M125832_S1_1,metacontig,10,344,334
st_R29_M370051_S1_8,metacontig,61,468,407
ar_R29_M39508_S1_1,metacontig,171,646,475
al_R29_M53_S1_3,metacontig,56,502,446
mm_R29_M6041_S9_1,metacontig,2,222,220
ma_R29_M2765_S1_1,metacontig,118,501,383
st_R29_M63223_S1_7,metacontig,134,646,512
st_R29_M197501_S1_4,metacontig,89,391,302
st_R29_M321021_S1_2,metacontig,166,643,477
st_R29_M407784_S1_1,metacontig,1,268,267
ar_R29_M2695_S2_3,metacontig,58,466,408
mm_R29_M5357_S1_2,metacontig,2,279,277
st_R29_M95715_S1_1,metacontig,8,241,233
fi_R29_M1957_S1_1,metacontig,42,604,562
ar_R29_M41565_S1_2,metacontig,139,335,196
st_R29_M399934_S1_1,metacontig,116,310,194
st_R29_M419915_S1_1,metacontig,4,319,315
ar_R29_M11203_S1_1,metacontig,154,682,528
sa_R29_M1322_S1_1,metacontig,65,425,360
st_R29_M96694_S1_1,metacontig,1422,1647,225
st_R29_M365890_S1_1,metacontig,4,193,189
st_R29_M30892_S1_3,metacontig,2,206,204
st_R29_M34032_S3_1,metacontig,27,298,271
st_R29_M310611_S1_3,metacontig,244,612,368
ma_R29_M2174_S1_1,metacontig,73,503,430
ar_R29_M14153_S1_4,metacontig,79,484,405
ma_R29_M19_S1_1,metacontig,11,334,323
ma_R29_M968_S1_1,metacontig,84,502,418
st_R29_M402096_S1_2,metacontig,2,214,212
ar_R29_M11162_S1_1,metacontig,10,254,244
st_R29_M387632_S1_2,metacontig,53,375,322
ar_R29_M96_S2_3,metacontig,93,304,211
ma_R29_M5941_S1_1,metacontig,86,490,404
st_R29_M266174_S19_2,metacontig,12,294,282
ar_R29_M43917_S1_3,metacontig,100,311,211
ar_R29_M96_S1_4,metacontig,100,311,211
M23021_4,metacontig,568,874,306
st_R29_M71872_S1_2,metacontig,180,670,490
sa_R29_M2878_S1_2,metacontig,99,326,227
st_R29_M295766_S1_1,metacontig,222,439,217
st_R29_M426085_S1_1,metacontig,118,456,338
st_R29_M25753_S1_1,metacontig,148,544,396
ar_R29_M36730_S1_3,metacontig,105,610,505
sa_R29_M411_S1_1,metacontig,89,492,403
st_R29_M234836_S1_1,metacontig,1478,1885,407
st_R29_M263190_S1_3,metacontig,176,648,472
st_R29_M66692_S1_2,metacontig,194,631,437
fu_R29_M5067_S1_1,metacontig,39,421,382
ar_R29_M28299_S1_2,metacontig,192,400,208
AF055888_3,metacontig,559,878,319
fi_R29_M1744_S1_5,metacontig,227,743,516
st_R29_M419951_S1_4,metacontig,5,387,382
st_R29_M374195_S1_1,metacontig,3,298,295
mm_R29_M3304_S1_1,metacontig,111,512,401
ma_R29_M4287_S1_1,metacontig,282,514,232
sa_R29_M970_S1_3,metacontig,152,442,290
st_R29_M21151_S1_1,metacontig,32,193,161
sa_R29_M292_S1_1,metacontig,109,496,387
ar_R29_M31370_S1_2,metacontig,111,468,357
st_R29_M386972_S1_1,metacontig,9,381,372
st_R29_M400035_S1_2,metacontig,92,315,223
LC381945_4,metacontig,86,437,351
st_R29_M11680_S1_3,metacontig,7,396,389
ma_R29_M1816_S1_2,metacontig,88,448,360
ma_R29_M346_S1_2,metacontig,78,466,388
ma_R29_M4155_S1_1,metacontig,2,211,209
st_R29_M255369_S1_5,metacontig,136,656,520
ar_R29_M32087_S1_2,metacontig,237,631,394
sa_R29_M2665_S3_1,metacontig,2,193,191
st_R29_M209084_S1_5,metacontig,170,633,463
ar_R29_M17255_S1_4,metacontig,122,451,329
st_R29_M65515_S1_2,metacontig,60,526,466
st_R29_M55157_S1_1,metacontig,2,233,231
st_R29_M75912_S1_1,metacontig,3,273,270
st_R29_M83033_S1_7,metacontig,168,665,497
st_R29_M226467_S1_7,metacontig,119,536,417
st_R29_M140740_S1_1,metacontig,4,214,210
sa_R29_M2847_S1_1,metacontig,69,444,375
ma_R29_M3261_S1_1,metacontig,113,510,397
fu_R29_M2263_S2_1,metacontig,2745,3369,624
st_R29_M40669_S1_1,metacontig,50,342,292
st_R29_M128813_S1_1,metacontig,153,635,482
ma_R29_M5747_S1_2,metacontig,118,504,386
ar_R29_M10334_S1_1,metacontig,20,305,285
ar_R29_M30291_S1_1,metacontig,172,658,486
st_R29_M177338_S1_1,metacontig,2,266,264
NC_003801_1,metacontig,206,666,460
st_R29_M270171_S1_9,metacontig,193,618,425
st_R29_M201314_S1_5,metacontig,2,312,310
ar_R29_M6975_S1_2,metacontig,7,504,497
NC_034976_4,metacontig,387,880,493
st_R29_M298498_S1_1,metacontig,19,294,275
st_R29_M124388_S1_2,metacontig,74,435,361
st_R29_M102217_S1_1,metacontig,2,271,269
st_R29_M380086_S1_3,metacontig,2,274,272
ar_R29_M13305_S1_3,metacontig,118,457,339
ar_R29_M20401_S1_2,metacontig,60,480,420
st_R29_M441785_S1_9,metacontig,143,635,492
ar_R29_M14696_S1_8,metacontig,175,476,301
st_R29_M35789_S1_9,metacontig,148,465,317
MK279475_1,metacontig,2745,3369,624
ar_R29_M41163_S1_2,metacontig,14,348,334
ar_R29_M2837_S1_1,metacontig,37,376,339
ar_R29_M37308_S1_6,metacontig,170,462,292
ar_R29_M12000_S1_1,metacontig,1851,2071,220
st_R29_M292419_S1_1,metacontig,209,455,246
st_R29_M40681_S1_2,metacontig,103,399,296
fu_R29_M5948_S1_2,metacontig,33,397,364
st_R29_M265882_S1_1,metacontig,113,534,421
st_R29_M386380_S1_1,metacontig,3,190,187
st_R29_M380049_S1_1,metacontig,126,540,414
st_R29_M238295_S1_2,metacontig,160,657,497
KR996515_4,metacontig,82,437,355
st_R29_M72275_S1_1,metacontig,181,640,459
ar_R29_M7069_S1540_2,metacontig,96,336,240
sp_R29_M493_S1_9,metacontig,2008,2457,449
ar_R29_M13775_S1_1,metacontig,7,264,257
sa_R29_M2876_S1_1,metacontig,84,471,387
ma_R29_M5005_S1_4,metacontig,96,495,399
st_R29_M222071_S1_3,metacontig,94,450,356
ar_R29_M37608_S1_1,metacontig,39,396,357
ma_R29_M1862_S1_1,metacontig,128,523,395
ma_R29_M3605_S1_1,metacontig,82,486,404
ma_R29_M2125_S1_1,metacontig,10,462,452
st_R29_M19965_S1_3,metacontig,157,591,434
ar_R29_M9295_S1_2,metacontig,2,200,198
ma_R29_M4389_S1_1,metacontig,120,468,348
ma_R29_M5872_S1_1,metacontig,105,483,378
ar_R29_M7069_S1101_7,metacontig,10,304,294
ma_R29_M1633_S1_1,metacontig,78,475,397
ar_R29_M3683_S1_3,metacontig,4,278,274
st_R29_M222333_S1_1,metacontig,154,639,485
st_R29_M237773_S1_1,metacontig,1,265,264
ar_R29_M31045_S1_1,metacontig,156,644,488
ar_R29_M14738_S1_1,metacontig,62,397,335
ar_R29_M7069_S1515_1,metacontig,8,211,203
st_R29_M82589_S1_2,metacontig,24,170,146
st_R29_M173514_S1_3,metacontig,3,187,184
st_R29_M18192_S1_5,metacontig,168,654,486
mm_R29_M2384_S1_1,metacontig,5,234,229
st_R29_M382596_S1_3,metacontig,1,277,276
fu_R29_M5748_S1_4,metacontig,213,704,491
st_R29_M16685_S1_2,metacontig,130,642,512
st_R29_M74592_S1_4,metacontig,39,240,201
st_R29_M18972_S1_2,metacontig,190,658,468
st_R29_M314686_S1_1,metacontig,29,288,259
ar_R29_M36631_S1_2,metacontig,143,349,206
fi_R29_M950_S26_1,metacontig,57,368,311
st_R29_M365974_S1_1,metacontig,143,559,416
sa_R29_M2645_S1_1,metacontig,95,486,391
st_R29_M102294_S1_4,metacontig,139,652,513
ar_R29_M41176_S1_1,metacontig,7,254,247
st_R29_M37605_S1_3,metacontig,206,637,431
st_R29_M272981_S1_1,metacontig,61,524,463
mm_R29_M5374_S1_2,metacontig,135,513,378
st_R29_M51620_S1_2,metacontig,4,201,197
st_R29_M288912_S1_2,metacontig,277,498,221
ar_R29_M5095_S6_2,metacontig,57,321,264
ar_R29_M40138_S1_2,metacontig,58,367,309
ma_R29_M4897_S1_1,metacontig,129,496,367
mm_R29_M3096_S1_1,metacontig,1,212,211
sa_R29_M613_S1_4,metacontig,350,725,375
ch_R29_M338_S1_3,metacontig,208,572,364
st_R29_M75594_S1_1,metacontig,4,223,219
mm_R29_M6147_S7_1,metacontig,60,255,195
st_R29_M331360_S1_1,metacontig,1,228,227
ar_R29_M28024_S1_5,metacontig,19,284,265
st_R29_M133492_S1_2,metacontig,65,483,418
ma_R29_M2806_S1_1,metacontig,35,224,189
ma_R29_M3935_S1_5,metacontig,75,514,439
st_R29_M157095_S1_5,metacontig,146,616,470
st_R29_M255357_S1_10,metacontig,117,516,399
MN745093_4,metacontig,456,913,457
st_R29_M353298_S1_1,metacontig,133,498,365
st_R29_M317266_S1_1,metacontig,186,450,264
ar_R29_M39651_S1_1,metacontig,396,604,208
fu_R29_M2286_S1_2,metacontig,16,470,454
fi_R29_M1689_S1_2,metacontig,3,256,253
st_R29_M306944_S1_10,metacontig,247,586,339
st_R29_M133565_S1_2,metacontig,154,469,315
mm_R29_M6046_S1_2,metacontig,3,349,346
ar_R29_M9895_S1_1,metacontig,10,221,211
ar_R29_M24440_S1_1,metacontig,180,405,225
st_R29_M407742_S1_3,metacontig,11,255,244
st_R29_M165047_S1_3,metacontig,174,634,460
ar_R29_M13359_S1_3,metacontig,48,366,318
st_R29_M408566_S1_2,metacontig,190,659,469
ar_R29_M36727_S1_1,metacontig,1,269,268
ma_R29_M3386_S1_1,metacontig,3,361,358
st_R29_M425352_S1_8,metacontig,137,491,354
ma_R29_M1759_S1_2,metacontig,24,220,196
ri_R29_M33_S1_1,metacontig,111,548,437
st_R29_M273925_S1_2,metacontig,220,694,474
ar_R29_M4601_S1_1,metacontig,734,953,219
fu_R29_M3217_S1_2,metacontig,507,998,491
st_R29_M393567_S1_1,metacontig,2,189,187
mm_R29_M3219_S1_2,metacontig,152,433,281
ar_R29_M25265_S1_4,metacontig,95,453,358
mm_R29_M5293_S1_2,metacontig,177,658,481
ma_R29_M1883_S1_3,metacontig,83,484,401
ar_R29_M31544_S1_6,metacontig,258,661,403
fu_R29_M4095_S1_4,metacontig,184,520,336
st_R29_M291408_S1_1,metacontig,155,630,475
st_R29_M10514_S1_4,metacontig,95,342,247
st_R29_M380959_S1_7,metacontig,159,481,322
st_R29_M263188_S1_1,metacontig,1,202,201
mm_R29_M6329_S1_2,metacontig,73,483,410
ma_R29_M4547_S1_2,metacontig,69,350,281
st_R29_M311543_S1_1,metacontig,7,252,245
fu_R29_M1602_S1_2,metacontig,161,640,479
st_R29_M112269_S1_3,metacontig,73,454,381
st_R29_M35788_S1_4,metacontig,143,500,357
MF536691_4,metacontig,1940,2436,496
ma_R29_M626_S3_2,metacontig,1,193,192
fu_R29_M5928_S1_3,metacontig,243,659,416
st_R29_M71873_S1_2,metacontig,205,666,461
fu_R29_M412_S1_1,metacontig,19,340,321
st_R29_M329369_S1_3,metacontig,65,413,348
MK279473_4,metacontig,2009,2556,547
ar_R29_M3820_S1_5,metacontig,105,413,308
ar_R29_M21145_S1_2,metacontig,41,432,391
mm_R29_M4352_S1_1,metacontig,4,343,339
st_R29_M400065_S1_2,metacontig,130,649,519
st_R29_M53054_S1_2,metacontig,2,328,326
st_R29_M389313_S1_1,metacontig,63,501,438
ar_R29_M14404_S1_1,metacontig,24,358,334
st_R29_M166731_S1_4,metacontig,149,490,341
st_R29_M226149_S1_1,metacontig,9,227,218
st_R29_M165686_S1_2,metacontig,7,220,213
fi_R29_M1049_S1_5,metacontig,402,889,487
ar_R29_M35804_S1_2,metacontig,119,432,313
st_R29_M80615_S1_2,metacontig,158,629,471
ar_R29_M1144_S2_1,metacontig,91,421,330
st_R29_M320003_S1_4,metacontig,189,658,469
ar_R29_M13769_S1_2,metacontig,271,545,274
st_R29_M414726_S1_1,metacontig,176,573,397
st_R29_M66304_S1_1,metacontig,99,358,259
ar_R29_M36209_S1_1,metacontig,55,408,353
ma_R29_M5353_S1_1,metacontig,106,461,355
st_R29_M324586_S1_2,metacontig,5,440,435
st_R29_M60829_S1_9,metacontig,191,648,457
st_R29_M135447_S1_1,metacontig,59,312,253
mm_R29_M2049_S1_1,metacontig,17,210,193
st_R29_M33769_S1_3,metacontig,206,459,253
st_R29_M238276_S1_1,metacontig,112,536,424
st_R29_M348434_S1_4,metacontig,31,409,378
st_R29_M259014_S1_2,metacontig,2,248,246
ar_R29_M28770_S1_3,metacontig,60,356,296
st_R29_M253682_S1_2,metacontig,193,585,392
ma_R29_M5011_S1_1,metacontig,16,291,275
ar_R29_M42587_S1_3,metacontig,139,616,477
st_R29_M12917_S1_7,metacontig,196,715,519
sa_R29_M3112_S1_1,metacontig,29,386,357
ma_R29_M593_S1_1,metacontig,123,499,376
ar_R29_M7069_S1419_2,metacontig,38,257,219
ma_R29_M1247_S1_2,metacontig,137,486,349
st_R29_M121180_S1_2,metacontig,229,727,498
st_R29_M117674_S1_1,metacontig,11,224,213
NC_026812_2,metacontig,375,824,449
mm_R29_M8201_S1_1,metacontig,1055,1243,188
mm_R29_M7718_S5_1,metacontig,335,573,238
ma_R29_M3162_S1_2,metacontig,54,427,373
ar_R29_M11576_S1_3,metacontig,203,425,222
mm_R29_M1983_S1_1,metacontig,8,227,219
sp_R29_M546_S1_1,metacontig,75,532,457
st_R29_M324350_S1_3,metacontig,100,519,419
st_R29_M25065_S1_2,metacontig,175,660,485
mm_R29_M2117_S1_1,metacontig,107,486,379
st_R29_M42914_S1_3,metacontig,191,654,463
mm_R29_M1583_S1_1,metacontig,2,226,224
st_R29_M396404_S1_1,metacontig,95,545,450
ar_R29_M19101_S1_5,metacontig,470,810,340
fu_R29_M2731_S1_1,metacontig,16,280,264
st_R29_M122928_S1_2,metacontig,175,466,291
st_R29_M350520_S1_1,metacontig,141,536,395
st_R29_M27618_S1_1,metacontig,189,395,206
ar_R29_M6506_S1_5,metacontig,120,473,353
ar_R29_M26420_S1_2,metacontig,453,667,214
ar_R29_M36432_S1_2,metacontig,109,387,278
st_R29_M386393_S1_5,metacontig,140,624,484
sa_R29_M1228_S1_1,metacontig,148,484,336
mm_R29_M3996_S1_21,metacontig,563,1011,448
st_R29_M69503_S1_8,metacontig,60,438,378
st_R29_M220734_S1_2,metacontig,6,249,243
ma_R29_M6020_S1_1,metacontig,64,441,377
ar_R29_M7249_S1_1,metacontig,49,386,337
st_R29_M43265_S1_1,metacontig,2,211,209
st_R29_M132381_S1_3,metacontig,152,627,475
st_R29_M27801_S1_3,metacontig,23,477,454
st_R29_M375292_S1_3,metacontig,256,545,289
ma_R29_M2570_S1_3,metacontig,63,417,354
MH898485_2,metacontig,213,663,450
st_R29_M118378_S1_1,metacontig,57,370,313
st_R29_M256483_S1_2,metacontig,177,671,494
ar_R29_M34353_S1_1,metacontig,3,210,207
ar_R29_M7921_S1_2,metacontig,234,415,181
st_R29_M312089_S1_4,metacontig,76,465,389
ar_R29_M32313_S1_1,metacontig,25,322,297
ar_R29_M6651_S1_1,metacontig,161,394,233
ma_R29_M5965_S1_1,metacontig,71,473,402
st_R29_M17163_S1_2,metacontig,54,445,391
st_R29_M61844_S1_1,metacontig,7,296,289
st_R29_M19982_S1_3,metacontig,135,554,419
st_R29_M216259_S1_3,metacontig,139,545,406
ar_R29_M40852_S1_1,metacontig,2,210,208
ar_R29_M10636_S3_1,metacontig,3,175,172
st_R29_M326251_S1_3,metacontig,13,285,272
ma_R29_M6104_S1_1,metacontig,11,263,252
st_R29_M141000_S1_2,metacontig,7,281,274
st_R29_M4228_S1_2,metacontig,2,346,344
ar_R29_M12340_S1_2,metacontig,11,221,210
ar_R29_M21011_S1_4,metacontig,79,350,271
st_R29_M226422_S1_1,metacontig,5,374,369
mm_R29_M1059_S1_5,metacontig,1518,1940,422
mm_R29_M4618_S1_2,metacontig,10,363,353
sp_R29_M325_S1_1,metacontig,161,658,497
st_R29_M364015_S1_2,metacontig,57,322,265
sa_R29_M88_S1_1,metacontig,354,697,343
mm_R29_M7517_S1_2,metacontig,225,563,338
st_R29_M406275_S1_4,metacontig,129,617,488
st_R29_M65560_S1_1,metacontig,136,528,392
st_R29_M188892_S1_1,metacontig,290,572,282
LC497421_3,metacontig,553,1100,547
st_R29_M182822_S1_1,metacontig,2,216,214
st_R29_M327009_S1_3,metacontig,23,349,326
st_R29_M298516_S1_4,metacontig,177,655,478
ar_R29_M30805_S1_2,metacontig,142,458,316
mm_R29_M5091_S1_1,metacontig,2,255,253
st_R29_M363993_S1_2,metacontig,3,254,251
MK889164_4,metacontig,192,493,301
fu_R29_M1530_S1_2,metacontig,160,645,485
mm_R29_M2114_S1_3,metacontig,158,379,221
ar_R29_M10297_S1_1,metacontig,40,378,338
st_R29_M72252_S1_3,metacontig,141,638,497
st_R29_M364021_S1_2,metacontig,149,628,479
st_R29_M101306_S1_1,metacontig,1,180,179
mm_R29_M6609_S1_3,metacontig,160,451,291
ma_R29_M1224_S1_1,metacontig,164,453,289
ma_R29_M1762_S1_2,metacontig,118,484,366
st_R29_M374230_S1_6,metacontig,176,670,494
mm_R29_M5452_S1_2,metacontig,150,499,349
st_R29_M167431_S1_8,metacontig,184,614,430
fu_R29_M3141_S1_3,metacontig,5,464,459
fu_R29_M3715_S1_1,metacontig,65,488,423
sa_R29_M424_S1_1,metacontig,63,378,315
ar_R29_M32528_S1_3,metacontig,170,363,193
st_R29_M244056_S1_1,metacontig,675,882,207
ma_R29_M3581_S1_1,metacontig,2,224,222
st_R29_M380877_S1_1,metacontig,75,375,300
st_R29_M169646_S1_2,metacontig,241,523,282
st_R29_M81448_S1_2,metacontig,209,669,460
st_R29_M65570_S1_1,metacontig,149,539,390
st_R29_M165651_S1_5,metacontig,137,653,516
st_R29_M35408_S1_1,metacontig,10,278,268
ar_R29_M28619_S2_2,metacontig,2,237,235
ar_R29_M28619_S3_3,metacontig,2,237,235
st_R29_M408681_S1_4,metacontig,47,454,407
st_R29_M263240_S1_5,metacontig,10,384,374
mm_R29_M6162_S1_1,metacontig,168,389,221
ch_R29_M55_S1_2,metacontig,202,571,369
st_R29_M374372_S1_3,metacontig,4,254,250
st_R29_M82394_S1_1,metacontig,10,197,187
st_R29_M281319_S1_6,metacontig,652,1091,439
MH620821_1,metacontig,59,372,313
st_R29_M424786_S1_1,metacontig,144,547,403
st_R29_M213287_S1_7,metacontig,190,658,468
st_R29_M237407_S1_2,metacontig,207,666,459
st_R29_M339787_S1_2,metacontig,198,648,450
ar_R29_M12616_S1_1,metacontig,38,476,438
sa_R29_M2920_S1_2,metacontig,5,247,242
mm_R29_M7100_S1_3,metacontig,248,726,478
ma_R29_M1402_S1_2,metacontig,155,575,420
st_R29_M386379_S1_2,metacontig,130,614,484
st_R29_M314969_S1_4,metacontig,17,501,484
st_R29_M268530_S1_3,metacontig,784,1023,239
st_R29_M386372_S1_7,metacontig,130,614,484
st_R29_M405911_S1_1,metacontig,45,408,363
ar_R29_M42120_S1_1,metacontig,5,224,219
st_R29_M209021_S1_2,metacontig,230,554,324
st_R29_M226367_S1_2,metacontig,5,202,197
st_R29_M153529_S1_3,metacontig,195,652,457
st_R29_M216643_S1_3,metacontig,206,638,432
st_R29_M395745_S1_6,metacontig,151,660,509
ar_R29_M36325_S1_4,metacontig,104,462,358
st_R29_M389201_S1_1,metacontig,202,417,215
ar_R29_M42711_S1_1,metacontig,11,240,229
st_R29_M363408_S1_7,metacontig,211,661,450
st_R29_M265930_S1_2,metacontig,190,643,453
st_R29_M442488_S1_2,metacontig,195,657,462
ar_R29_M23719_S1_1,metacontig,37,358,321
ma_R29_M6273_S1_1,metacontig,3,362,359
ar_R29_M5177_S1_4,metacontig,92,430,338
ch_R29_M245_S1_1,metacontig,125,391,266
fu_R29_M4787_S1_3,metacontig,186,656,470
NC_020900_2,metacontig,551,1098,547
st_R29_M272885_S1_7,metacontig,120,632,512
st_R29_M363237_S1_6,metacontig,133,633,500
st_R29_M184849_S1_2,metacontig,197,628,431
fu_R29_M5082_S2_1,metacontig,7,256,249
sa_R29_M1899_S1_1,metacontig,22,276,254
st_R29_M289193_S1_5,metacontig,181,443,262
ma_R29_M3649_S1_1,metacontig,123,460,337
st_R29_M264751_S1_1,metacontig,4,226,222
st_R29_M253673_S1_1,metacontig,124,428,304
st_R29_M184700_S1_2,metacontig,2,310,308
st_R29_M406316_S1_9,metacontig,121,632,511
am_R29_M22_S1_1,metacontig,32,385,353
st_R29_M37982_S1_2,metacontig,126,611,485
st_R29_M171621_S1_5,metacontig,12,347,335
st_R29_M233727_S1_2,metacontig,136,652,516
st_R29_M41506_S1_1,metacontig,2,321,319
st_R29_M299409_S1_3,metacontig,130,642,512
mm_R29_M5793_S33_4,metacontig,2,113,111
st_R29_M234685_S1_3,metacontig,85,577,492
st_R29_M193296_S1_5,metacontig,185,614,429
st_R29_M402162_S1_2,metacontig,206,513,307
st_R29_M34918_S1_1,metacontig,1,167,166
mm_R29_M520_S1_1,metacontig,4,277,273
st_R29_M58296_S1_1,metacontig,128,413,285
st_R29_M322971_S1_4,metacontig,29,546,517
st_R29_M380090_S1_2,metacontig,3,309,306
st_R29_M82756_S1_5,metacontig,174,619,445
ar_R29_M14411_S1_1,metacontig,25,297,272
st_R29_M439129_S1_1,metacontig,291,718,427
st_R29_M25832_S1_2,metacontig,125,638,513
ma_R29_M4027_S1_1,metacontig,155,576,421
st_R29_M402160_S1_3,metacontig,197,507,310
st_R29_M420005_S1_4,metacontig,187,653,466
st_R29_M266540_S1_5,metacontig,115,585,470
st_R29_M122742_S1_2,metacontig,245,572,327
ma_R29_M77_S1_1,metacontig,122,510,388
ar_R29_M31290_S1_1,metacontig,75,406,331
fu_R29_M1522_S2_5,metacontig,32,560,528
NC_014481_2,metacontig,217,700,483
st_R29_M16404_S1_3,metacontig,39,490,451
st_R29_M142290_S1_8,metacontig,144,650,506
st_R29_M185492_S1_6,metacontig,130,614,484
sa_R29_M1677_S1_3,metacontig,136,493,357
KC807172_2,metacontig,564,1080,516
st_R29_M90041_S1_3,metacontig,122,633,511
st_R29_M420005_S2_2,metacontig,187,653,466
st_R29_M265930_S2_1,metacontig,51,472,421
st_R29_M441772_S1_7,metacontig,181,613,432
st_R29_M238671_S1_1,metacontig,2,267,265
st_R29_M58582_S1_8,metacontig,181,611,430
st_R29_M126504_S1_2,metacontig,7,296,289
MT876192_4,metacontig,231,642,411
st_R29_M141649_S1_2,metacontig,190,659,469
st_R29_M310956_S1_1,metacontig,6,221,215
st_R29_M237799_S1_2,metacontig,438,689,251
ar_R29_M32649_S1_1,metacontig,23,422,399
st_R29_M209300_S1_2,metacontig,1669,2091,422
st_R29_M184842_S1_1,metacontig,68,498,430
st_R29_M85531_S1_2,metacontig,130,614,484
ch_R29_M159_S1_3,metacontig,79,364,285
st_R29_M110906_S1_2,metacontig,191,659,468
st_R29_M119957_S1_4,metacontig,187,652,465
NC_007537_3,metacontig,155,653,498
st_R29_M201090_S1_1,metacontig,126,405,279
fu_R29_M2320_S1_4,metacontig,119,639,520
st_R29_M298454_S1_2,metacontig,130,644,514
ar_R29_M2369_S2_1,metacontig,145,339,194
st_R29_M215624_S1_1,metacontig,6,286,280
st_R29_M209042_S1_1,metacontig,229,510,281
st_R29_M23178_S1_1,metacontig,45,278,233
mm_R29_M4732_S1_1,metacontig,155,524,369
mm_R29_M2433_S1_1,metacontig,96,556,460
st_R29_M161714_S1_1,metacontig,63,359,296
ar_R29_M31121_S1_1,metacontig,7,213,206
MF325033_2,metacontig,146,632,486
st_R29_M119979_S1_2,metacontig,158,670,512
st_R29_M306954_S1_2,metacontig,81,461,380
st_R29_M432319_S1_2,metacontig,99,343,244
st_R29_M179189_S2_1,metacontig,83,469,386
NC_013109_2,metacontig,180,670,490
mm_R29_M1704_S1_2,metacontig,86,452,366
st_R29_M409530_S1_1,metacontig,25,513,488
mm_R29_M6027_S1_1,metacontig,358,691,333
ch_R29_M338_S2_3,metacontig,35,278,243
NC_040690_2,metacontig,123,606,483
ar_R29_M2716_S1_7,metacontig,706,890,184
ma_R29_M452_S1_3,metacontig,138,496,358
st_R29_M129933_S1_10,metacontig,119,510,391
st_R29_M437312_S1_8,metacontig,129,615,486
st_R29_M412534_S1_2,metacontig,5,196,191
st_R29_M96701_S1_7,metacontig,199,634,435
ar_R29_M35408_S1_11,metacontig,2,242,240
ar_R29_M1443_S1_3,metacontig,44,394,350
ar_R29_M14478_S2_4,metacontig,44,394,350
st_R29_M92923_S1_1,metacontig,216,399,183
st_R29_M198975_S1_8,metacontig,131,614,483
st_R29_M66639_S1_1,metacontig,33,215,182
NC_023986_2,metacontig,568,1090,522
ar_R29_M1078_S3_1,metacontig,2,118,116
st_R29_M398616_S1_1,metacontig,108,451,343
st_R29_M222470_S1_3,metacontig,16,242,226
ar_R29_M27003_S1_1,metacontig,229,668,439
st_R29_M209281_S1_2,metacontig,105,478,373
ar_R29_M23803_S1_3,metacontig,80,349,269
mm_R29_M6883_S1_5,metacontig,81,482,401
st_R29_M314417_S1_7,metacontig,192,621,429
st_R29_M122994_S1_3,metacontig,1,295,294
st_R29_M253672_S1_1,metacontig,59,474,415
ma_R29_M6189_S1_1,metacontig,30,345,315
ch_R29_M119_S1_3,metacontig,19,216,197
mm_R29_M7403_S1_2,metacontig,78,462,384
st_R29_M42117_S1_5,metacontig,132,453,321
ar_R29_M20268_S1_3,metacontig,176,481,305
st_R29_M193162_S1_3,metacontig,156,652,496
st_R29_M252631_S1_2,metacontig,91,379,288
st_R29_M336241_S1_2,metacontig,136,653,517
st_R29_M395734_S1_7,metacontig,178,615,437
st_R29_M119952_S1_1,metacontig,31,447,416
st_R29_M293949_S1_4,metacontig,22,377,355
sa_R29_M1159_S1_1,metacontig,32,386,354
st_R29_M219391_S1_3,metacontig,196,681,485
fu_R29_M4330_S1_3,metacontig,91,446,355
st_R29_M65470_S1_3,metacontig,470,902,432
st_R29_M75141_S1_2,metacontig,169,628,459
ar_R29_M7069_S1352_2,metacontig,30,242,212
st_R29_M82749_S1_2,metacontig,141,650,509
ar_R29_M25688_S1_3,metacontig,1202,1543,341
st_R29_M171300_S1_7,metacontig,313,743,430
st_R29_M58066_S1_3,metacontig,173,618,445
ar_R29_M33254_S1_1,metacontig,35,375,340
st_R29_M439367_S1_2,metacontig,78,341,263
st_R29_M161730_S1_1,metacontig,104,568,464
st_R29_M37649_S1_2,metacontig,139,625,486
ma_R29_M1430_S1_1,metacontig,61,338,277
st_R29_M426402_S1_3,metacontig,41,537,496
st_R29_M208740_S1_3,metacontig,164,654,490
st_R29_M400064_S1_4,metacontig,29,537,508
mm_R29_M3911_S1_1,metacontig,111,488,377
st_R29_M91432_S1_7,metacontig,288,691,403
st_R29_M71417_S1_3,metacontig,129,624,495
sa_R29_M3059_S1_2,metacontig,115,456,341
st_R29_M23644_S1_2,metacontig,3,255,252
st_R29_M119980_S1_1,metacontig,11,412,401
st_R29_M171234_S1_2,metacontig,193,410,217
mm_R29_M761_S1_2,metacontig,183,596,413
ma_R29_M4207_S1_2,metacontig,83,495,412
st_R29_M181580_S1_2,metacontig,182,628,446
st_R29_M381433_S1_1,metacontig,11,412,401
st_R29_M119944_S1_5,metacontig,227,744,517
st_R29_M446526_S1_1,metacontig,132,548,416
st_R29_M381007_S1_1,metacontig,242,558,316
st_R29_M193299_S1_3,metacontig,222,664,442
ar_R29_M36332_S1_2,metacontig,98,362,264
NC_038296_2,metacontig,557,1110,553
st_R29_M50811_S1_2,metacontig,132,651,519
st_R29_M188894_S1_3,metacontig,204,637,433
st_R29_M374275_S1_7,metacontig,193,639,446
st_R29_M248413_S1_2,metacontig,57,495,438
st_R29_M131130_S1_2,metacontig,10,234,224
st_R29_M99118_S1_1,metacontig,24,535,511
st_R29_M324329_S1_2,metacontig,81,584,503
st_R29_M33795_S1_2,metacontig,186,674,488
st_R29_M191201_S1_2,metacontig,434,824,390
st_R29_M65579_S1_2,metacontig,43,533,490
sp_R29_M264_S4_1,metacontig,177,376,199
al_R29_M97_S1_2,metacontig,24,473,449
st_R29_M314155_S1_3,metacontig,20,444,424
ar_R29_M13811_S1_2,metacontig,165,463,298
st_R29_M42939_S1_3,metacontig,45,522,477
st_R29_M238325_S1_1,metacontig,23,256,233
ma_R29_M1534_S1_2,metacontig,134,466,332
st_R29_M64045_S1_2,metacontig,172,615,443
st_R29_M350198_S1_2,metacontig,143,625,482
mm_R29_M5699_S1_1,metacontig,2,178,176
st_R29_M17527_S1_3,metacontig,159,618,459
mm_R29_M1729_S1_12,metacontig,780,1215,435
st_R29_M312150_S1_3,metacontig,186,613,427
st_R29_M391964_S1_3,metacontig,1,176,175
st_R29_M7742_S1_3,metacontig,63,559,496
st_R29_M89811_S1_1,metacontig,62,558,496
fu_R29_M2183_S1_2,metacontig,300,581,281
st_R29_M58067_S2_8,metacontig,208,664,456
st_R29_M143322_S1_2,metacontig,19,249,230
st_R29_M68036_S1_3,metacontig,42,519,477
ar_R29_M7069_S1179_5,metacontig,87,360,273
st_R29_M44999_S1_3,metacontig,62,522,460
st_R29_M348262_S1_2,metacontig,104,343,239
st_R29_M51294_S1_1,metacontig,1,161,160
ar_R29_M16756_S1_2,metacontig,123,387,264
st_R29_M293561_S1_12,metacontig,313,743,430
fu_R29_M1604_S1_2,metacontig,1969,2394,425
fi_R29_M589_S1_2,metacontig,9,405,396
st_R29_M286899_S1_3,metacontig,179,639,460
ar_R29_M12540_S1_1,metacontig,78,382,304
st_R29_M164791_S1_2,metacontig,143,643,500
st_R29_M272310_S1_2,metacontig,234,413,179
ar_R29_M38982_S1_6,metacontig,541,1064,523
st_R29_M306912_S1_6,metacontig,236,533,297
LC429302_2,metacontig,143,638,495
st_R29_M266116_S1_5,metacontig,188,638,450
st_R29_M266628_S1_8,metacontig,129,639,510
ma_R29_M4973_S1_1,metacontig,86,469,383
st_R29_M153973_S1_2,metacontig,143,638,495
st_R29_M69038_S1_4,metacontig,4,412,408
st_R29_M34506_S1_2,metacontig,131,617,486
st_R29_M385328_S1_2,metacontig,121,605,484
st_R29_M353646_S1_2,metacontig,226,678,452
ar_R29_M13899_S1_8,metacontig,208,464,256
st_R29_M83977_S1_1,metacontig,64,361,297
mm_R29_M6504_S1_1,metacontig,346,578,232
ar_R29_M28037_S1_1,metacontig,2,187,185
st_R29_M44967_S1_3,metacontig,40,501,461
st_R29_M58067_S1_2,metacontig,208,664,456
st_R29_M52900_S1_4,metacontig,142,660,518
st_R29_M66702_S1_6,metacontig,83,566,483
st_R29_M54339_S1_2,metacontig,134,643,509
st_R29_M424985_S1_2,metacontig,138,354,216
ar_R29_M25557_S1_2,metacontig,138,578,440
fi_R29_M1373_S5_3,metacontig,28,224,196
st_R29_M201006_S1_2,metacontig,183,625,442
st_R29_M64083_S1_7,metacontig,188,612,424
st_R29_M371426_S1_2,metacontig,239,604,365
st_R29_M44969_S1_3,metacontig,94,562,468
st_R29_M317816_S1_8,metacontig,128,647,519
st_R29_M323421_S1_10,metacontig,201,677,476
st_R29_M151602_S1_3,metacontig,195,660,465
st_R29_M176233_S1_1,metacontig,46,512,466
st_R29_M55696_S1_1,metacontig,54,516,462
st_R29_M222258_S1_6,metacontig,149,651,502
ar_R29_M3234_S1_1,metacontig,2,221,219
st_R29_M447808_S1_1,metacontig,22,451,429
st_R29_M4207_S1_3,metacontig,34,489,455
st_R29_M100192_S1_3,metacontig,34,490,456
ma_R29_M4208_S1_1,metacontig,57,420,363
st_R29_M176237_S1_4,metacontig,140,608,468
st_R29_M257787_S1_9,metacontig,135,633,498
st_R29_M342811_S1_3,metacontig,30,473,443
st_R29_M409667_S1_10,metacontig,179,480,301
st_R29_M198699_S1_3,metacontig,135,638,503
mm_R29_M6836_S1_3,metacontig,125,328,203
st_R29_M178784_S1_10,metacontig,130,648,518
st_R29_M12772_S1_3,metacontig,22,478,456
ma_R29_M5359_S1_2,metacontig,85,494,409
st_R29_M409529_S1_2,metacontig,176,631,455
st_R29_M213442_S1_8,metacontig,131,614,483
fi_R29_M1488_S2_3,metacontig,18,294,276
ar_R29_M14478_S1_7,metacontig,46,394,348
ar_R29_M14478_S5_5,metacontig,46,394,348
ar_R29_M14478_S7_1,metacontig,46,394,348
ar_R29_M14478_S8_5,metacontig,46,394,348
ar_R29_M14478_S9_1,metacontig,46,394,348
st_R29_M164775_S1_10,metacontig,166,664,498
fu_R29_M3034_S1_1,metacontig,34,495,461
ar_R29_M40824_S1_2,metacontig,13,346,333
ar_R29_M38977_S1_1,metacontig,2,190,188
st_R29_M381441_S1_6,metacontig,174,641,467
st_R29_M401816_S1_2,metacontig,153,624,471
st_R29_M87030_S1_3,metacontig,15,470,455
fu_R29_M4308_S1_27,metacontig,2859,3338,479
NC_036581_2,metacontig,159,677,518
st_R29_M381396_S1_3,metacontig,140,649,509
ar_R29_M8828_S1_4,metacontig,32,282,250
sa_R29_M2112_S1_1,metacontig,136,376,240
mm_R29_M2992_S1_1,metacontig,434,654,220
st_R29_M351599_S1_2,metacontig,191,642,451
st_R29_M446097_S1_1,metacontig,2,188,186
fu_R29_M3850_S1_9,metacontig,140,618,478
st_R29_M394671_S1_1,metacontig,173,354,181
st_R29_M63161_S1_4,metacontig,75,306,231
st_R29_M28020_S1_3,metacontig,360,779,419
st_R29_M109739_S1_1,metacontig,37,318,281
st_R29_M54610_S1_1,metacontig,8,461,453
st_R29_M312149_S1_4,metacontig,191,638,447
st_R29_M117741_S1_2,metacontig,204,633,429
st_R29_M181487_S1_2,metacontig,1,191,190
st_R29_M176234_S1_1,metacontig,13,437,424
mm_R29_M6938_S1_1,metacontig,5,213,208
st_R29_M44989_S1_1,metacontig,124,552,428
st_R29_M140115_S1_3,metacontig,82,379,297
st_R29_M354842_S1_1,metacontig,238,453,215
st_R29_M10878_S1_1,metacontig,60,556,496
ar_R29_M4979_S1_3,metacontig,214,408,194
fu_R29_M3690_S1_3,metacontig,181,664,483
ar_R29_M23238_S1_1,metacontig,1,203,202
st_R29_M51335_S1_3,metacontig,163,647,484
st_R29_M379640_S1_4,metacontig,83,371,288
ar_R29_M14701_S1_2,metacontig,247,748,501
st_R29_M35513_S1_2,metacontig,130,632,502
ar_R29_M551_S1_1,metacontig,34,311,277
mm_R29_M2363_S1_2,metacontig,97,496,399
st_R29_M7860_S1_2,metacontig,144,645,501
st_R29_M44284_S1_1,metacontig,450,672,222
st_R29_M74734_S1_8,metacontig,170,612,442
st_R29_M23136_S1_1,metacontig,84,280,196
st_R29_M151672_S1_2,metacontig,173,618,445
st_R29_M445288_S1_1,metacontig,106,611,505
st_R29_M126994_S1_1,metacontig,5,225,220
st_R29_M185281_S1_8,metacontig,131,609,478
st_R29_M58580_S1_6,metacontig,123,604,481
st_R29_M176239_S1_3,metacontig,8,430,422
st_R29_M259091_S1_1,metacontig,176,381,205
ch_R29_M126_S1_1,metacontig,117,381,264
st_R29_M33144_S1_1,metacontig,152,336,184
st_R29_M594_S1_5,metacontig,178,638,460
ar_R29_M3539_S2_1,metacontig,21,165,144
st_R29_M109645_S1_1,metacontig,286,466,180
st_R29_M51336_S8_3,metacontig,108,602,494
AF230973_9,metacontig,7,153,146
ar_R29_M19571_S1_1,metacontig,28,253,225
st_R29_M164759_S1_2,metacontig,169,602,433
mm_R29_M3780_S1_2,metacontig,64,472,408
st_R29_M153973_S5_2,metacontig,143,638,495
st_R29_M51336_S7_3,metacontig,38,492,454
st_R29_M56219_S1_2,metacontig,9,238,229
fi_R29_M1457_S1_1,metacontig,46,436,390
ar_R29_M27681_S1_3,metacontig,130,353,223
st_R29_M10494_S1_3,metacontig,466,650,184
st_R29_M243851_S1_1,metacontig,12,434,422
st_R29_M141651_S1_2,metacontig,8,466,458
st_R29_M109064_S1_1,metacontig,226,407,181
st_R29_M321020_S1_4,metacontig,97,474,377
st_R29_M200508_S1_3,metacontig,213,660,447
mm_R29_M6131_S1_1,metacontig,113,505,392
st_R29_M350568_S1_3,metacontig,170,648,478
st_R29_M60827_S1_1,metacontig,46,473,427
st_R29_M140951_S1_3,metacontig,86,465,379
al_R29_M653_S1_1,metacontig,3,288,285
st_R29_M28957_S1_4,metacontig,196,632,436
mm_R29_M2447_S1_21,metacontig,537,1011,474
st_R29_M259931_S1_3,metacontig,81,302,221
st_R29_M197533_S1_6,metacontig,191,638,447
st_R29_M2087_S1_1,metacontig,3,247,244
ar_R29_M22802_S1_9,metacontig,554,1038,484
st_R29_M289224_S1_1,metacontig,543,746,203
st_R29_M381008_S1_1,metacontig,149,343,194
st_R29_M119009_S1_2,metacontig,181,622,441
st_R29_M381420_S1_1,metacontig,2,397,395
st_R29_M204724_S1_4,metacontig,161,672,511
st_R29_M42936_S1_7,metacontig,26,537,511
st_R29_M415139_S1_2,metacontig,205,642,437
st_R29_M206822_S1_2,metacontig,237,669,432
sa_R29_M770_S1_1,metacontig,3,191,188
ar_R29_M6747_S1_3,metacontig,70,321,251
NC_036580_3,metacontig,135,637,502
st_R29_M196045_S2_2,metacontig,159,656,497
st_R29_M151669_S1_1,metacontig,40,462,422
ar_R29_M39504_S1_1,metacontig,4,283,279
st_R29_M44965_S1_2,metacontig,57,550,493
sa_R29_M1689_S1_3,metacontig,337,546,209
st_R29_M50810_S1_3,metacontig,136,607,471
st_R29_M350101_S1_1,metacontig,2,187,185
ma_R29_M1488_S1_1,metacontig,585,1023,438
st_R29_M331643_S1_1,metacontig,4,310,306
st_R29_M1945_S1_5,metacontig,208,650,442
st_R29_M245731_S1_4,metacontig,156,643,487
ar_R29_M28996_S1_1,metacontig,33,349,316
st_R29_M153973_S7_4,metacontig,143,682,539
st_R29_M188960_S1_2,metacontig,59,307,248
st_R29_M272590_S1_4,metacontig,194,653,459
st_R29_M406298_S1_2,metacontig,5,457,452
st_R29_M437187_S1_10,metacontig,205,634,429
st_R29_M138297_S2_1,metacontig,1,191,190
st_R29_M339772_S1_1,metacontig,4,121,117
st_R29_M169604_S1_1,metacontig,220,415,195
st_R29_M80587_S1_2,metacontig,3,241,238
st_R29_M370122_S1_5,metacontig,138,610,472
ar_R29_M22461_S1_1,metacontig,222,708,486
st_R29_M259921_S1_3,metacontig,167,659,492
st_R29_M409672_S1_4,metacontig,20,264,244
st_R29_M66424_S1_2,metacontig,136,344,208
st_R29_M297802_S1_2,metacontig,140,659,519
st_R29_M304094_S1_1,metacontig,4,320,316
st_R29_M63201_S1_2,metacontig,139,651,512
st_R29_M299568_S1_1,metacontig,40,466,426
st_R29_M164792_S1_2,metacontig,55,491,436
st_R29_M71424_S1_2,metacontig,143,638,495
fu_R29_M4591_S3_2,metacontig,59,336,277
st_R29_M290699_S1_1,metacontig,10,247,237
al_R29_M106_S1_2,metacontig,177,683,506
sa_R29_M1673_S1_1,metacontig,14,304,290
st_R29_M45902_S1_5,metacontig,86,360,274
MK648427_2,metacontig,158,642,484
st_R29_M23270_S1_3,metacontig,3,450,447
st_R29_M272332_S1_3,metacontig,162,550,388
st_R29_M151622_S1_1,metacontig,14,354,340
ch_R29_M190_S1_2,metacontig,168,597,429
st_R29_M82726_S1_2,metacontig,70,496,426
ar_R29_M3795_S1_2,metacontig,2,349,347
st_R29_M298487_S1_1,metacontig,50,347,297
ch_R29_M276_S1_1,metacontig,30,324,294
st_R29_M437137_S1_1,metacontig,12,515,503
st_R29_M317856_S1_1,metacontig,62,357,295
ar_R29_M42720_S1_3,metacontig,38,339,301
st_R29_M65674_S1_1,metacontig,55,317,262
st_R29_M355383_S1_2,metacontig,4,275,271
st_R29_M397395_S1_4,metacontig,147,628,481
st_R29_M102180_S1_1,metacontig,107,522,415
ar_R29_M10664_S1_1,metacontig,43,319,276
ch_R29_M171_S1_2,metacontig,97,479,382
st_R29_M19843_S1_1,metacontig,1,189,188
st_R29_M311650_S4_10,metacontig,158,641,483
ma_R29_M6778_S1_1,metacontig,94,406,312
st_R29_M438969_S1_8,metacontig,181,596,415
st_R29_M109996_S1_2,metacontig,143,634,491
st_R29_M63991_S1_1,metacontig,635,801,166
st_R29_M311650_S2_4,metacontig,158,642,484
sa_R29_M2581_S1_5,metacontig,19,140,121
st_R29_M437363_S1_8,metacontig,208,650,442
st_R29_M447789_S1_8,metacontig,181,609,428
st_R29_M286213_S1_4,metacontig,19,468,449
st_R29_M248399_S1_4,metacontig,5,418,413
ar_R29_M18205_S1_1,metacontig,612,818,206
st_R29_M101843_S1_4,metacontig,124,604,480
st_R29_M318250_S1_9,metacontig,198,671,473
st_R29_M350564_S1_7,metacontig,143,648,505
st_R29_M358651_S1_3,metacontig,225,443,218
st_R29_M439157_S1_1,metacontig,50,458,408
st_R29_M441771_S1_2,metacontig,205,664,459
st_R29_M448556_S1_3,metacontig,2,203,201
mm_R29_M5767_S2_1,metacontig,254,455,201
st_R29_M366289_S1_2,metacontig,180,609,429
st_R29_M70868_S1_3,metacontig,136,618,482
MK956105_3,metacontig,494,920,426
st_R29_M264709_S1_2,metacontig,197,645,448
sa_R29_M1172_S1_3,metacontig,203,445,242
st_R29_M52902_S1_3,metacontig,152,657,505
st_R29_M70869_S1_2,metacontig,181,635,454
ar_R29_M27209_S4_1,metacontig,31,330,299
st_R29_M363537_S1_3,metacontig,2,212,210
mm_R29_M4060_S1_1,metacontig,205,520,315
st_R29_M150863_S1_1,metacontig,38,318,280
st_R29_M164865_S1_6,metacontig,177,640,463
st_R29_M69047_S1_1,metacontig,20,388,368
st_R29_M21094_S1_9,metacontig,192,612,420
st_R29_M97028_S1_2,metacontig,157,603,446
st_R29_M153319_S1_8,metacontig,177,604,427
st_R29_M308557_S1_5,metacontig,254,597,343
st_R29_M272300_S1_1,metacontig,58,457,399
st_R29_M33137_S1_8,metacontig,175,645,470
st_R29_M290863_S1_1,metacontig,49,319,270
st_R29_M289222_S1_15,metacontig,109,573,464
ma_R29_M5890_S1_2,metacontig,88,450,362
ar_R29_M7667_S1_3,metacontig,86,300,214
st_R29_M342826_S1_2,metacontig,18,528,510
st_R29_M153112_S1_3,metacontig,213,648,435
st_R29_M393120_S1_5,metacontig,162,551,389
fu_R29_M1756_S1_2,metacontig,52,330,278
st_R29_M295942_S1_4,metacontig,181,609,428
st_R29_M39677_S1_3,metacontig,244,763,519
st_R29_M66447_S1_4,metacontig,130,632,502
st_R29_M406298_S2_1,metacontig,47,340,293
sa_R29_M2433_S1_2,metacontig,63,373,310
st_R29_M389659_S1_3,metacontig,406,926,520
st_R29_M234192_S1_3,metacontig,43,449,406
st_R29_M61906_S1_10,metacontig,177,520,343
st_R29_M66695_S1_2,metacontig,121,583,462
st_R29_M252661_S1_1,metacontig,59,546,487
st_R29_M91917_S1_5,metacontig,82,542,460
sp_R29_M885_S1_1,metacontig,822,1181,359
st_R29_M6972_S1_1,metacontig,8,324,316
st_R29_M348913_S1_2,metacontig,199,657,458
st_R29_M441750_S1_5,metacontig,11,411,400
ma_R29_M2256_S1_1,metacontig,121,515,394
st_R29_M266137_S1_3,metacontig,23,444,421
st_R29_M91559_S1_3,metacontig,190,625,435
NC_020901_3,metacontig,555,1098,543
st_R29_M212253_S1_1,metacontig,179,401,222
ar_R29_M21294_S1_3,metacontig,127,330,203
ar_R29_M20017_S1_1,metacontig,135,573,438
st_R29_M15220_S1_2,metacontig,121,620,499
st_R29_M389656_S1_1,metacontig,7,396,389
fi_R29_M1024_S2_1,metacontig,3,186,183
st_R29_M100008_S1_2,metacontig,131,623,492
st_R29_M220448_S1_2,metacontig,92,309,217
st_R29_M447806_S1_11,metacontig,160,670,510
MK359280_8,metacontig,348,675,327
ma_R29_M2833_S1_2,metacontig,125,507,382
ar_R29_M11138_S1_3,metacontig,296,735,439
st_R29_M74652_S1_13,metacontig,108,497,389
mm_R29_M2053_S1_2,metacontig,191,400,209
st_R29_M404999_S1_3,metacontig,134,619,485
st_R29_M209979_S1_3,metacontig,229,658,429
ch_R29_M20_S1_1,metacontig,86,367,281
ch_R29_M180_S1_1,metacontig,123,379,256
st_R29_M85258_S1_5,metacontig,140,608,468
st_R29_M97028_S4_4,metacontig,29,452,423
ar_R29_M7069_S1492_2,metacontig,7,194,187
st_R29_M273877_S1_1,metacontig,27,442,415
st_R29_M381326_S1_6,metacontig,136,655,519
st_R29_M381418_S1_5,metacontig,178,637,459
st_R29_M181249_S1_4,metacontig,247,676,429
st_R29_M171165_S1_3,metacontig,180,394,214
st_R29_M136040_S1_9,metacontig,131,650,519
st_R29_M165036_S1_4,metacontig,34,341,307
ar_R29_M12655_S1_2,metacontig,55,389,334
st_R29_M407848_S1_3,metacontig,27,320,293
st_R29_M259974_S1_1,metacontig,5,159,154
st_R29_M197783_S1_2,metacontig,140,630,490
st_R29_M409777_S1_2,metacontig,60,493,433
st_R29_M126363_S2_1,metacontig,10,230,220
st_R29_M381393_S1_2,metacontig,156,672,516
st_R29_M370119_S1_3,metacontig,185,619,434
st_R29_M273879_S1_5,metacontig,55,492,437
st_R29_M99501_S9_2,metacontig,45,494,449
st_R29_M333549_S1_3,metacontig,8,418,410
sa_R29_M1102_S1_1,metacontig,84,510,426
st_R29_M220524_S1_2,metacontig,142,651,509
st_R29_M80083_S1_2,metacontig,369,685,316
st_R29_M126654_S1_1,metacontig,31,454,423
mm_R29_M7384_S1_1,metacontig,2,307,305
st_R29_M373738_S1_1,metacontig,77,406,329
KT033457_5,metacontig,326,654,328
ma_R29_M5139_S2_1,metacontig,2,158,156
st_R29_M139710_S1_1,metacontig,14,406,392
st_R29_M257826_S1_1,metacontig,26,412,386
st_R29_M107283_S1_2,metacontig,164,605,441
st_R29_M99501_S2_3,metacontig,274,729,455
KM196101_7,metacontig,326,654,328
st_R29_M37582_S1_1,metacontig,175,336,161
KT159249_9,metacontig,326,654,328
MH479774_3,metacontig,274,729,455
st_R29_M278813_S1_1,metacontig,2,220,218
ar_R29_M7069_S622_2,metacontig,277,740,463
ar_R29_M7069_S630_2,metacontig,275,742,467
ar_R29_M7069_S17_7,metacontig,275,742,467
mm_R29_M1544_S1_1,metacontig,1459,1911,452
st_R29_M139711_S1_1,metacontig,38,475,437
st_R29_M309519_S1_8,metacontig,270,732,462
st_R29_M311120_S1_2,metacontig,295,722,427
st_R29_M380045_S1_3,metacontig,83,292,209
ar_R29_M32785_S1_3,metacontig,601,1005,404
st_R29_M210079_S1_3,metacontig,159,647,488
ma_R29_M3238_S1_1,metacontig,79,497,418
st_R29_M297342_S1_5,metacontig,15,224,209
st_R29_M39663_S1_2,metacontig,75,594,519
st_R29_M270281_S1_2,metacontig,367,845,478
st_R29_M366233_S1_1,metacontig,151,358,207
st_R29_M52903_S1_6,metacontig,191,646,455
ar_R29_M7069_S1400_2,metacontig,24,224,200
st_R29_M119982_S1_3,metacontig,130,618,488
st_R29_M21087_S1_1,metacontig,10,444,434
sp_R29_M264_S3_1,metacontig,14,190,176
st_R29_M298494_S1_5,metacontig,150,659,509
st_R29_M420039_S1_1,metacontig,8,210,202
st_R29_M16746_S1_1,metacontig,4,225,221
st_R29_M171440_S1_3,metacontig,189,606,417
ma_R29_M6605_S1_2,metacontig,2,192,190
st_R29_M296953_S1_1,metacontig,157,579,422
mm_R29_M2112_S1_1,metacontig,86,448,362
ar_R29_M7340_S92_2,metacontig,257,448,191
ar_R29_M373_S1_12,metacontig,625,994,369
ar_R29_M7069_S1362_1,metacontig,1,130,129
KX967492_7,metacontig,359,687,328
KT344816_7,metacontig,326,654,328
ar_R29_M34682_S1_1,metacontig,35,380,345
NC_004714_1,metacontig,849,1279,430
AB811788_6,metacontig,335,653,318
st_R29_M312153_S1_2,metacontig,5,437,432
ar_R29_M13394_S1_3,metacontig,96,321,225
st_R29_M286782_S1_1,metacontig,10,492,482
mm_R29_M2063_S1_8,metacontig,1544,1982,438
st_R29_M210142_S1_3,metacontig,134,627,493
st_R29_M92951_S1_1,metacontig,1,188,187
st_R29_M389659_S2_2,metacontig,407,890,483
st_R29_M251619_S1_3,metacontig,44,408,364
MN927229_6,metacontig,334,662,328
st_R29_M69066_S1_4,metacontig,14,321,307
ar_R29_M31545_S1_1,metacontig,71,420,349
MK214314_8,metacontig,326,654,328
fu_R29_M2823_S1_5,metacontig,4,331,327
KX980393_4,metacontig,326,650,324
st_R29_M120058_S1_2,metacontig,78,561,483
st_R29_M317503_S1_1,metacontig,181,394,213
st_R29_M238692_S1_2,metacontig,154,630,476
st_R29_M264784_S1_5,metacontig,199,636,437
st_R29_M416816_S1_1,metacontig,46,405,359
st_R29_M359884_S1_2,metacontig,133,640,507
ar_R29_M35542_S1_3,metacontig,63,327,264
mm_R29_M2973_S1_1,metacontig,16,314,298
st_R29_M51737_S1_1,metacontig,140,494,354
st_R29_M299406_S1_2,metacontig,206,665,459
ar_R29_M3291_S1_3,metacontig,335,800,465
st_R29_M73588_S1_3,metacontig,165,654,489
st_R29_M34880_S1_2,metacontig,169,688,519
st_R29_M266170_S1_1,metacontig,27,386,359
ri_R29_M90_S1_1,metacontig,3,279,276
MT070763_4,metacontig,554,1097,543
ar_R29_M36474_S1_3,metacontig,82,309,227
st_R29_M171297_S1_3,metacontig,191,623,432
st_R29_M381392_S1_4,metacontig,61,507,446
MG011718_8,metacontig,327,651,324
st_R29_M395788_S1_5,metacontig,187,605,418
st_R29_M37588_S1_9,metacontig,191,612,421
KX668221_7,metacontig,332,676,344
MN927228_8,metacontig,334,662,328
st_R29_M1549_S1_3,metacontig,152,652,500
st_R29_M248450_S1_8,metacontig,7,244,237
st_R29_M335878_S1_7,metacontig,7,244,237
st_R29_M402214_S1_5,metacontig,186,648,462
st_R29_M197778_S1_2,metacontig,125,612,487
sa_R29_M2596_S1_1,metacontig,1,342,341
NC_034615_2,metacontig,177,626,449
st_R29_M61806_S1_4,metacontig,49,244,195
st_R29_M111331_S1_2,metacontig,347,614,267
st_R29_M370121_S1_7,metacontig,182,619,437
st_R29_M151599_S1_1,metacontig,54,399,345
KT257956_9,metacontig,327,648,321
MT008024_7,metacontig,348,675,327
st_R29_M201396_S1_2,metacontig,129,607,478
KC492504_7,metacontig,326,653,327
st_R29_M97422_S1_1,metacontig,507,691,184
st_R29_M31033_S1_1,metacontig,21,287,266
FJ848673_17,metacontig,569,993,424
st_R29_M353674_S1_2,metacontig,7,448,441
st_R29_M287473_S1_6,metacontig,292,671,379
st_R29_M436801_S1_1,metacontig,31,390,359
st_R29_M98967_S2_9,metacontig,155,640,485
GU047345_7,metacontig,325,654,329
KX947267_22,metacontig,523,990,467
st_R29_M385333_S1_1,metacontig,2,271,269
st_R29_M33796_S1_2,metacontig,51,509,458
MH463456_7,metacontig,326,654,328
st_R29_M381430_S1_8,metacontig,197,646,449
ar_R29_M11785_S1_1,metacontig,266,697,431
KC862572_8,metacontig,333,662,329
MK057532_5,metacontig,326,650,324
MN073172_4,metacontig,327,646,319
st_R29_M82727_S1_4,metacontig,208,648,440
st_R29_M395292_S1_1,metacontig,45,403,358
st_R29_M50814_S1_3,metacontig,141,620,479
st_R29_M385331_S1_2,metacontig,133,634,501
al_R29_M4_S3_3,metacontig,80,512,432
st_R29_M80378_S1_1,metacontig,9,309,300
st_R29_M412588_S1_4,metacontig,61,520,459
ma_R29_M2392_S1_1,metacontig,215,416,201
KT945018_8,metacontig,326,648,322
KT334375_9,metacontig,326,654,328
st_R29_M381437_S1_7,metacontig,196,649,453
JF802085_9,metacontig,348,676,328
st_R29_M167428_S1_2,metacontig,4,417,413
fi_R29_M1264_S1_2,metacontig,163,340,177
st_R29_M92317_S1_2,metacontig,1,278,277
ma_R29_M1805_S2_15,metacontig,348,676,328
st_R29_M240215_S1_2,metacontig,388,615,227
st_R29_M353675_S1_1,metacontig,2,441,439
KX622783_9,metacontig,334,662,328
st_R29_M140739_S1_1,metacontig,4,247,243
KY363382_8,metacontig,326,653,327
st_R29_M146896_S1_2,metacontig,5,172,167
st_R29_M424974_S1_1,metacontig,139,481,342
st_R29_M110912_S1_2,metacontig,391,845,454
st_R29_M209969_S1_9,metacontig,131,631,500
ar_R29_M35820_S1_1,metacontig,63,350,287
st_R29_M375490_S1_1,metacontig,571,758,187
al_R29_M909_S1_2,metacontig,13,177,164
st_R29_M364020_S1_2,metacontig,149,470,321
st_R29_M318329_S1_5,metacontig,1116,1279,163
ma_R29_M284_S3_12,metacontig,326,644,318
ar_R29_M23708_S1_21,metacontig,641,993,352
st_R29_M385384_S1_3,metacontig,59,328,269
st_R29_M139706_S1_1,metacontig,49,393,344
MT000052_5,metacontig,326,654,328
MN175678_8,metacontig,326,654,328
st_R29_M140992_S1_3,metacontig,202,630,428
st_R29_M263187_S1_2,metacontig,834,1042,208
st_R29_M117738_S1_1,metacontig,9,392,383
st_R29_M298469_S1_7,metacontig,143,622,479
st_R29_M114465_S1_2,metacontig,184,662,478
st_R29_M136214_S1_1,metacontig,78,348,270
st_R29_M276149_S1_4,metacontig,2,419,417
st_R29_M273871_S1_2,metacontig,217,667,450
ar_R29_M27209_S1_1,metacontig,11,293,282
st_R29_M210154_S1_2,metacontig,55,503,448
st_R29_M119978_S1_4,metacontig,190,628,438
MK359260_10,metacontig,326,653,327
ar_R29_M8731_S2_3,metacontig,15,106,91
st_R29_M177335_S1_2,metacontig,31,194,163
st_R29_M2919_S1_2,metacontig,16,189,173
MK359263_7,metacontig,334,660,326
st_R29_M19145_S1_1,metacontig,11,424,413
st_R29_M127027_S1_10,metacontig,143,649,506
ar_R29_M30926_S1_2,metacontig,278,428,150
KP998408_6,metacontig,333,654,321
ar_R29_M29887_S1_2,metacontig,199,415,216
MK639926_8,metacontig,320,648,328
ar_R29_M38261_S1_2,metacontig,87,301,214
KT326148_6,metacontig,325,654,329
ma_R29_M2662_S1_1,metacontig,83,498,415
ch_R29_M300_S1_1,metacontig,9,357,348
st_R29_M286771_S1_1,metacontig,2,416,414
st_R29_M209018_S1_1,metacontig,4,163,159
JN662424_6,metacontig,327,649,322
MK057530_6,metacontig,326,649,323
st_R29_M216261_S1_2,metacontig,2,184,182
KY053458_7,metacontig,334,657,323
st_R29_M353003_S1_3,metacontig,27,387,360
ma_R29_M4004_S36_1,metacontig,85,403,318
st_R29_M323769_S1_1,metacontig,77,518,441
st_R29_M182892_S1_3,metacontig,139,623,484
MK359268_9,metacontig,326,653,327
KP998415_6,metacontig,332,652,320
NC_048210_5,metacontig,242,652,410
st_R29_M272591_S1_9,metacontig,173,609,436
ar_R29_M7069_S1532_1,metacontig,41,229,188
st_R29_M366271_S1_7,metacontig,184,633,449
st_R29_M136212_S1_1,metacontig,81,351,270
st_R29_M367831_S1_3,metacontig,11,317,306
st_R29_M233670_S1_4,metacontig,208,636,428
KP998422_4,metacontig,334,655,321
st_R29_M244058_S1_2,metacontig,185,652,467
st_R29_M364020_S2_3,metacontig,2,408,406
st_R29_M43152_S3_4,metacontig,14,415,401
st_R29_M375340_S1_2,metacontig,32,189,157
st_R29_M395250_S1_4,metacontig,187,641,454
ma_R29_M4004_S24_11,metacontig,326,645,319
KY348849_6,metacontig,326,648,322
LC008532_8,metacontig,326,649,323
MH463458_10,metacontig,359,686,327
KT257997_7,metacontig,333,657,324
GQ330474_4,metacontig,326,649,323
KP998410_6,metacontig,333,655,322
st_R29_M67986_S1_1,metacontig,412,817,405
KT159248_8,metacontig,326,654,328
MF766471_7,metacontig,326,645,319
st_R29_M264759_S1_3,metacontig,8,405,397
st_R29_M33754_S1_8,metacontig,145,483,338
st_R29_M19155_S1_2,metacontig,226,692,466
JF800911_7,metacontig,326,642,316
KT258002_9,metacontig,328,649,321
st_R29_M185493_S1_2,metacontig,172,691,519
st_R29_M114269_S1_6,metacontig,136,633,497
KP998427_5,metacontig,333,655,322
ma_R29_M4004_S33_8,metacontig,326,645,319
KM110940_8,metacontig,340,671,331
KT945017_7,metacontig,327,648,321
st_R29_M373251_S1_1,metacontig,146,625,479
st_R29_M449060_S1_1,metacontig,502,665,163
st_R29_M353683_S1_7,metacontig,136,633,497
st_R29_M298497_S1_3,metacontig,201,650,449
MH463457_8,metacontig,326,654,328
ma_R29_M1775_S1_1,metacontig,15,431,416
st_R29_M171794_S1_3,metacontig,17,349,332
KF287142_6,metacontig,327,648,321
st_R29_M71842_S1_1,metacontig,11,398,387
KP998428_5,metacontig,326,649,323
st_R29_M57220_S1_12,metacontig,327,645,318
NC_028963_3,metacontig,334,653,319
st_R29_M307556_S1_1,metacontig,63,309,246
st_R29_M124620_S1_2,metacontig,207,663,456
ma_R29_M284_S4_2,metacontig,126,445,319
ma_R29_M3677_S1_3,metacontig,185,518,333
st_R29_M272543_S1_2,metacontig,139,460,321
st_R29_M359878_S1_1,metacontig,5,444,439
st_R29_M253723_S1_2,metacontig,195,617,422
st_R29_M33752_S1_6,metacontig,191,644,453
st_R29_M408438_S1_11,metacontig,158,646,488
st_R29_M212399_S1_1,metacontig,76,342,266
st_R29_M252673_S1_1,metacontig,16,528,512
ma_R29_M4004_S29_4,metacontig,326,645,319
KC862571_9,metacontig,348,676,328
fi_R29_M1154_S1_1,metacontig,282,475,193
ma_R29_M1024_S1_1,metacontig,63,404,341
ma_R29_M4004_S32_11,metacontig,326,645,319
MN073110_7,metacontig,327,648,321
st_R29_M375359_S1_2,metacontig,10,156,146
MN401750_6,metacontig,333,657,324
KT257963_7,metacontig,327,650,323
KU131569_7,metacontig,326,645,319
st_R29_M153126_S1_2,metacontig,19,487,468
st_R29_M312151_S1_3,metacontig,153,573,420
MK303390_7,metacontig,326,654,328
st_R29_M319351_S1_4,metacontig,179,638,459
st_R29_M50812_S1_1,metacontig,56,502,446
st_R29_M352670_S1_2,metacontig,193,465,272
st_R29_M35353_S1_1,metacontig,29,301,272
st_R29_M182885_S1_3,metacontig,139,623,484
MN862433_7,metacontig,326,650,324
MF598091_4,metacontig,360,665,305
st_R29_M153973_S17_3,metacontig,46,348,302
KT257967_5,metacontig,327,648,321
ma_R29_M4004_S26_6,metacontig,92,410,318
NC_025112_6,metacontig,333,657,324
KM110941_6,metacontig,323,670,347
st_R29_M259613_S1_2,metacontig,1132,1538,406
st_R29_M385284_S1_2,metacontig,47,511,464
st_R29_M370053_S1_1,metacontig,31,322,291
MN642105_6,metacontig,326,645,319
KP998430_6,metacontig,333,655,322
mm_R29_M5347_S1_2,metacontig,3,189,186
st_R29_M161652_S2_9,metacontig,1086,1267,181
LC215900_1,metacontig,5,181,176
st_R29_M307221_S1_2,metacontig,189,366,177
st_R29_M252682_S1_9,metacontig,122,601,479
KP998403_8,metacontig,334,654,320
ar_R29_M29666_S1_1,metacontig,148,532,384
st_R29_M64074_S1_4,metacontig,469,739,270
st_R29_M307314_S1_3,metacontig,190,630,440
NC_027124_6,metacontig,326,640,314
ar_R29_M8418_S10_1,metacontig,4,215,211
ar_R29_M8418_S11_1,metacontig,4,215,211
ar_R29_M8418_S1_10,metacontig,4,215,211
ar_R29_M8418_S2_6,metacontig,4,215,211
ar_R29_M8418_S6_5,metacontig,4,215,211
ar_R29_M8418_S7_3,metacontig,4,215,211
st_R29_M353364_S1_8,metacontig,136,619,483
st_R29_M403038_S1_4,metacontig,137,606,469
KY363992_7,metacontig,328,649,321
st_R29_M405909_S1_1,metacontig,1,254,253
sp_R29_M885_S2_2,metacontig,201,456,255
KU131563_6,metacontig,327,645,318
st_R29_M121744_S1_2,metacontig,119,546,427
MH463459_9,metacontig,326,654,328
st_R29_M16705_S1_3,metacontig,20,328,308
st_R29_M142697_S1_2,metacontig,11,351,340
st_R29_M101797_S1_1,metacontig,6,338,332
MT907511_8,metacontig,592,969,377
ar_R29_M3232_S1_1,metacontig,142,336,194
al_R29_M698_S1_1,metacontig,5,202,197
st_R29_M413636_S1_3,metacontig,27,223,196
st_R29_M426016_S1_1,metacontig,35,282,247
st_R29_M58066_S6_4,metacontig,4,393,389
st_R29_M36524_S1_5,metacontig,368,847,479
MT846991_3,metacontig,135,475,340
ar_R29_M7496_S1_2,metacontig,65,308,243
st_R29_M286918_S1_2,metacontig,260,767,507
st_R29_M225403_S1_2,metacontig,50,481,431
st_R29_M387630_S1_2,metacontig,6,225,219
st_R29_M299392_S1_1,metacontig,67,416,349
st_R29_M156626_S1_1,metacontig,17,359,342
st_R29_M353618_S1_1,metacontig,1,215,214
MH347276_3,metacontig,3291,3697,406
st_R29_M74733_S1_8,metacontig,391,876,485
st_R29_M197543_S1_7,metacontig,218,677,459
ma_R29_M4514_S1_3,metacontig,10,225,215
ar_R29_M27075_S1_1,metacontig,12,176,164
ma_R29_M72_S1_1,metacontig,62,332,270
KP998425_6,metacontig,327,648,321
st_R29_M350567_S1_1,metacontig,31,511,480
st_R29_M41363_S1_1,metacontig,3,397,394
st_R29_M400442_S1_1,metacontig,3,101,98
st_R29_M199982_S1_3,metacontig,136,606,470
st_R29_M114484_S1_2,metacontig,132,620,488
st_R29_M65645_S1_1,metacontig,61,345,284
st_R29_M43324_S1_1,metacontig,4,425,421
st_R29_M298491_S1_2,metacontig,185,594,409
st_R29_M110909_S1_3,metacontig,391,850,459
sa_R29_M3044_S1_1,metacontig,611,837,226
mm_R29_M3134_S1_1,metacontig,51,375,324
st_R29_M69619_S1_2,metacontig,186,652,466
st_R29_M167430_S1_2,metacontig,53,509,456
KF287137_6,metacontig,328,646,318
st_R29_M167060_S1_2,metacontig,198,635,437
st_R29_M373617_S1_7,metacontig,179,619,440
st_R29_M252663_S1_3,metacontig,55,537,482
st_R29_M19973_S1_2,metacontig,156,497,341
st_R29_M142293_S1_5,metacontig,78,465,387
KP998426_4,metacontig,333,659,326
st_R29_M149491_S1_1,metacontig,1,263,262
st_R29_M366288_S1_1,metacontig,17,430,413
st_R29_M266625_S1_2,metacontig,200,683,483
mm_R29_M5250_S1_1,metacontig,333,565,232
st_R29_M129506_S1_2,metacontig,119,422,303
ar_R29_M26349_S1_1,metacontig,184,692,508
st_R29_M99501_S10_2,metacontig,19,423,404
ar_R29_M29453_S1_3,metacontig,167,688,521
ar_R29_M39754_S1_3,metacontig,4,183,179
KM514315_8,metacontig,335,656,321
KM110943_6,metacontig,342,670,328
NC_022896_3,metacontig,3086,3492,406
ma_R29_M2052_S1_2,metacontig,204,481,277
st_R29_M38038_S1_8,metacontig,127,627,500
st_R29_M152284_S1_8,metacontig,194,619,425
st_R29_M54869_S1_3,metacontig,111,396,285
KF555451_6,metacontig,328,642,314
KM110936_5,metacontig,343,671,328
st_R29_M420005_S5_6,metacontig,187,461,274
st_R29_M350569_S1_3,metacontig,173,691,518
st_R29_M88515_S1_2,metacontig,1,181,180
st_R29_M252662_S1_1,metacontig,112,557,445
ma_R29_M2889_S1_13,metacontig,253,662,409
fu_R29_M1255_S1_6,metacontig,1655,2110,455
st_R29_M264627_S1_2,metacontig,21,396,375
st_R29_M416592_S1_3,metacontig,167,651,484
MN119309_7,metacontig,326,645,319
AB811789_7,metacontig,327,648,321
st_R29_M66442_S3_5,metacontig,130,475,345
ma_R29_M1171_S4_1,metacontig,2,201,199
fu_R29_M5081_S1_6,metacontig,3111,3517,406
st_R29_M167429_S1_3,metacontig,129,613,484
st_R29_M10071_S1_1,metacontig,514,851,337
KY855429_3,metacontig,99,508,409
st_R29_M298472_S3_3,metacontig,7,424,417
ar_R29_M22976_S1_1,metacontig,170,345,175
st_R29_M216272_S1_4,metacontig,75,339,264
ch_R29_M232_S1_1,metacontig,192,397,205
st_R29_M177270_S1_5,metacontig,541,863,322
st_R29_M51345_S1_2,metacontig,175,682,507
KM110942_7,metacontig,338,666,328
st_R29_M185921_S1_2,metacontig,291,795,504
st_R29_M297781_S1_2,metacontig,192,652,460
st_R29_M97865_S1_8,metacontig,61,509,448
ar_R29_M25692_S1_1,metacontig,1,162,161
fu_R29_M1662_S1_1,metacontig,153,550,397
st_R29_M23662_S1_2,metacontig,3,357,354
st_R29_M407847_S1_1,metacontig,15,304,289
st_R29_M178724_S1_3,metacontig,112,400,288
mm_R29_M4818_S1_1,metacontig,2,180,178
st_R29_M426042_S1_2,metacontig,146,400,254
MN242368_8,metacontig,246,656,410
st_R29_M117762_S1_2,metacontig,3,414,411
st_R29_M252928_S1_3,metacontig,136,640,504
st_R29_M273893_S1_2,metacontig,46,360,314
st_R29_M54617_S1_1,metacontig,137,564,427
fu_R29_M1009_S3_4,metacontig,1287,1692,405
ar_R29_M5019_S1_1,metacontig,65,424,359
st_R29_M257155_S1_2,metacontig,110,289,179
st_R29_M1546_S1_3,metacontig,199,640,441
st_R29_M317229_S1_4,metacontig,51,563,512
ar_R29_M38955_S1_1,metacontig,154,547,393
st_R29_M197547_S1_1,metacontig,55,506,451
ar_R29_M13437_S2_1,metacontig,36,223,187
mm_R29_M4292_S1_2,metacontig,14,302,288
st_R29_M97026_S1_2,metacontig,156,610,454
am_R29_M639_S1_17,metacontig,407,769,362
st_R29_M419903_S1_15,metacontig,2670,3165,495
ar_R29_M15906_S1_1,metacontig,33,285,252
st_R29_M142184_S2_6,metacontig,86,577,491
sp_R29_M793_S1_2,metacontig,1,183,182
st_R29_M363523_S1_1,metacontig,39,195,156
st_R29_M363539_S1_1,metacontig,40,196,156
st_R29_M50818_S1_3,metacontig,206,664,458
st_R29_M274582_S1_2,metacontig,139,619,480
st_R29_M173946_S1_2,metacontig,187,651,464
sa_R29_M2663_S1_1,metacontig,79,487,408
st_R29_M97026_S2_1,metacontig,18,451,433
KU953950_4,metacontig,2476,2763,287
st_R29_M89754_S1_1,metacontig,1163,1323,160
NC_029053_7,metacontig,240,648,408
st_R29_M436775_S1_1,metacontig,50,414,364
ar_R29_M23286_S1_2,metacontig,7,173,166
st_R29_M309200_S1_1,metacontig,210,371,161
st_R29_M407842_S1_1,metacontig,77,367,290
sa_R29_M1229_S1_1,metacontig,67,379,312
MH686150_8,metacontig,239,677,438
st_R29_M88173_S1_3,metacontig,93,270,177
st_R29_M426404_S1_1,metacontig,11,395,384
KY369969_4,metacontig,339,665,326
al_R29_M904_S2_19,metacontig,73,268,195
st_R29_M58073_S1_1,metacontig,22,453,431
st_R29_M101441_S1_2,metacontig,25,346,321
st_R29_M233702_S1_4,metacontig,72,430,358
st_R29_M255350_S1_2,metacontig,95,513,418
st_R29_M3966_S1_2,metacontig,367,846,479
st_R29_M329366_S1_3,metacontig,3,332,329
st_R29_M88489_S1_2,metacontig,24,345,321
st_R29_M106520_S1_2,metacontig,23,344,321
fu_R29_M3541_S2_12,metacontig,540,975,435
st_R29_M142184_S1_4,metacontig,2040,2531,491
LC493096_16,metacontig,23,156,133
mm_R29_M3055_S1_5,metacontig,544,1007,463
st_R29_M353693_S1_1,metacontig,229,611,382
st_R29_M21088_S1_1,metacontig,16,277,261
NC_040535_4,metacontig,338,660,322
st_R29_M362719_S1_2,metacontig,21,342,321
st_R29_M126869_S1_2,metacontig,15,336,321
st_R29_M306880_S1_3,metacontig,501,679,178
ro_R29_M85_S1_2,metacontig,66,329,263
st_R29_M198710_S1_2,metacontig,106,327,221
st_R29_M34652_S1_2,metacontig,7,382,375
st_R29_M63743_S1_2,metacontig,24,345,321
st_R29_M124723_S1_2,metacontig,30,351,321
st_R29_M55049_S1_1,metacontig,349,510,161
st_R29_M54382_S1_1,metacontig,24,345,321
st_R29_M70027_S1_2,metacontig,25,346,321
st_R29_M110332_S1_2,metacontig,26,347,321
st_R29_M204725_S1_3,metacontig,102,420,318
st_R29_M106519_S1_2,metacontig,33,354,321
st_R29_M262711_S1_2,metacontig,27,348,321
st_R29_M89812_S1_1,metacontig,48,369,321
st_R29_M126876_S1_2,metacontig,41,362,321
st_R29_M69265_S1_3,metacontig,63,384,321
st_R29_M93108_S1_1,metacontig,41,362,321
st_R29_M295985_S1_2,metacontig,42,363,321
st_R29_M385332_S1_3,metacontig,97,409,312
st_R29_M380925_S1_6,metacontig,536,830,294
st_R29_M125961_S1_4,metacontig,85,412,327
st_R29_M165708_S1_2,metacontig,2,103,101
st_R29_M93088_S1_4,metacontig,32,401,369
st_R29_M129932_S1_7,metacontig,86,479,393
st_R29_M273910_S1_1,metacontig,2,406,404
st_R29_M181493_S1_2,metacontig,79,355,276
st_R29_M17893_S1_2,metacontig,21,342,321
st_R29_M210152_S1_8,metacontig,201,636,435
ar_R29_M27820_S1_5,metacontig,216,636,420
st_R29_M83981_S1_2,metacontig,8,422,414
st_R29_M174885_S1_3,metacontig,7,397,390
ar_R29_M31289_S1_1,metacontig,102,315,213
st_R29_M112559_S1_2,metacontig,26,317,291
NC_026439_8,metacontig,239,657,418
st_R29_M256893_S1_2,metacontig,59,445,386
st_R29_M58074_S1_3,metacontig,12,430,418
st_R29_M204907_S1_3,metacontig,64,470,406
st_R29_M82014_S1_1,metacontig,271,434,163
mm_R29_M8063_S1_2,metacontig,148,424,276
mm_R29_M4926_S1_2,metacontig,1,285,284
ar_R29_M15423_S1_3,metacontig,133,573,440
ar_R29_M31742_S1_4,metacontig,566,1089,523
st_R29_M131128_S1_3,metacontig,6,440,434
fu_R29_M2567_S1_6,metacontig,130,612,482
st_R29_M387635_S1_2,metacontig,253,468,215
st_R29_M51336_S9_1,metacontig,3,323,320
ar_R29_M2283_S4_1,metacontig,5,137,132
sa_R29_M1132_S1_1,metacontig,10,335,325
st_R29_M41424_S1_2,metacontig,24,310,286
st_R29_M194972_S1_1,metacontig,17,240,223
st_R29_M10238_S1_1,metacontig,16,447,431
st_R29_M351975_S1_6,metacontig,359,843,484
st_R29_M331665_S1_3,metacontig,595,776,181
st_R29_M176016_S1_1,metacontig,10,145,135
mm_R29_M2010_S1_1,metacontig,57,312,255
st_R29_M68042_S1_2,metacontig,17,306,289
st_R29_M182829_S1_3,metacontig,132,623,491
ar_R29_M7069_S1604_1,metacontig,1,160,159
st_R29_M239797_S1_1,metacontig,3,252,249
st_R29_M420364_S1_1,metacontig,1,185,184
st_R29_M118959_S1_2,metacontig,12,300,288
st_R29_M201395_S1_1,metacontig,8,422,414
ar_R29_M29647_S1_1,metacontig,77,379,302
st_R29_M41930_S1_1,metacontig,431,786,355
st_R29_M34272_S1_3,metacontig,45,337,292
mm_R29_M275_S1_2,metacontig,72,373,301
ma_R29_M5568_S1_18,metacontig,318,635,317
st_R29_M171557_S1_2,metacontig,1,301,300
st_R29_M252688_S1_8,metacontig,156,620,464
fu_R29_M3541_S1_8,metacontig,4020,4454,434
mm_R29_M6185_S1_1,metacontig,7,216,209
ar_R29_M19107_S1_2,metacontig,21,243,222
st_R29_M389208_S1_2,metacontig,117,351,234
mm_R29_M2186_S1_1,metacontig,202,709,507
st_R29_M409532_S1_6,metacontig,132,644,512
st_R29_M64254_S1_1,metacontig,27,190,163
am_R29_M240_S1_8,metacontig,400,749,349
st_R29_M446093_S1_3,metacontig,35,233,198
ar_R29_M5704_S1_8,metacontig,799,959,160
MH155201_6,metacontig,323,641,318
ar_R29_M38278_S1_22,metacontig,562,894,332
fu_R29_M86_S1_4,metacontig,78,360,282
st_R29_M71850_S1_4,metacontig,126,596,470
st_R29_M380958_S1_5,metacontig,211,644,433
st_R29_M112029_S1_1,metacontig,3,327,324
sa_R29_M165_S1_4,metacontig,6,196,190
st_R29_M28037_S1_7,metacontig,189,656,467
mm_R29_M4160_S1_4,metacontig,23,182,159
st_R29_M407871_S1_1,metacontig,23,359,336
st_R29_M312152_S1_3,metacontig,24,450,426
NC_040711_6,metacontig,671,1050,379
st_R29_M126185_S1_2,metacontig,351,690,339
st_R29_M91428_S1_1,metacontig,2,216,214
ar_R29_M13331_S1_2,metacontig,22,339,317
fu_R29_M4334_S1_1,metacontig,339,696,357
st_R29_M210196_S1_3,metacontig,136,640,504
MN015673_4,metacontig,133,613,480
st_R29_M326710_S1_1,metacontig,8,151,143
st_R29_M15208_S1_2,metacontig,43,350,307
fu_R29_M4174_S1_21,metacontig,2085,2515,430
st_R29_M336556_S1_2,metacontig,211,661,450
st_R29_M205025_S1_4,metacontig,49,357,308
st_R29_M145716_S1_2,metacontig,33,209,176
st_R29_M269900_S1_4,metacontig,5,195,190
st_R29_M216648_S1_1,metacontig,61,516,455
st_R29_M360246_S1_1,metacontig,53,482,429
st_R29_M17072_S1_1,metacontig,119,393,274
st_R29_M110320_S1_2,metacontig,5,323,318
st_R29_M97861_S1_7,metacontig,324,640,316
sa_R29_M2680_S1_1,metacontig,32,368,336
st_R29_M396507_S1_10,metacontig,3116,3478,362
st_R29_M213439_S1_2,metacontig,488,931,443
st_R29_M807_S2_2,metacontig,12,241,229
fu_R29_M3171_S1_14,metacontig,526,842,316
AF227196_17,metacontig,624,970,346
st_R29_M319946_S1_3,metacontig,1,233,232
st_R29_M409147_S1_1,metacontig,86,352,266
st_R29_M385339_S1_2,metacontig,113,432,319
st_R29_M438269_S1_5,metacontig,140,622,482
st_R29_M57532_S1_1,metacontig,8,144,136
st_R29_M101967_S1_1,metacontig,54,307,253
ma_R29_M3199_S1_6,metacontig,345,710,365
ar_R29_M30675_S1_1,metacontig,1,182,181
NC_034614_3,metacontig,191,623,432
st_R29_M153773_S1_1,metacontig,6,173,167
mm_R29_M7914_S2_2,metacontig,325,507,182
st_R29_M213424_S1_5,metacontig,181,610,429
ar_R29_M32761_S2_2,metacontig,90,229,139
st_R29_M210330_S1_4,metacontig,166,555,389
st_R29_M86478_S1_1,metacontig,30,351,321
st_R29_M113993_S14_1,metacontig,2,157,155
ro_R29_M218_S1_1,metacontig,1,202,201
st_R29_M314116_S1_2,metacontig,208,499,291
ma_R29_M4411_S1_2,metacontig,209,597,388
st_R29_M438234_S1_1,metacontig,4,413,409
ar_R29_M6749_S1_1,metacontig,4,136,132
st_R29_M154232_S1_1,metacontig,99,395,296
st_R29_M266174_S21_1,metacontig,60,315,255
ma_R29_M758_S2_16,metacontig,185,503,318
ar_R29_M24652_S1_1,metacontig,21,349,328
ch_R29_M271_S1_1,metacontig,188,531,343
mm_R29_M4347_S1_1,metacontig,3,156,153
st_R29_M314958_S1_9,metacontig,361,651,290
st_R29_M164847_S1_1,metacontig,104,393,289
MK541992_8,metacontig,342,641,299
st_R29_M292646_S1_2,metacontig,132,385,253
st_R29_M318256_S1_2,metacontig,84,360,276
st_R29_M326123_S1_10,metacontig,139,616,477
st_R29_M293494_S1_2,metacontig,19,381,362
LC000003_7,metacontig,342,639,297
ar_R29_M41967_S1_16,metacontig,610,1001,391
st_R29_M298393_S1_2,metacontig,1,109,108
st_R29_M185487_S1_1,metacontig,66,344,278
st_R29_M438975_S1_1,metacontig,27,304,277
NC_026509_10,metacontig,331,668,337
ch_R29_M259_S1_3,metacontig,184,611,427
ar_R29_M7069_S1143_3,metacontig,14,161,147
ch_R29_M354_S1_2,metacontig,83,412,329
MT415062_9,metacontig,234,651,417
st_R29_M152415_S1_4,metacontig,76,350,274
st_R29_M135296_S1_1,metacontig,8,398,390
st_R29_M151594_S1_2,metacontig,16,109,93
mm_R29_M128_S1_1,metacontig,1,192,191
st_R29_M323059_S1_1,metacontig,132,377,245
st_R29_M34838_S1_1,metacontig,157,455,298
st_R29_M253184_S1_2,metacontig,5,163,158
al_R29_M225_S1_1,metacontig,330,656,326
ar_R29_M32761_S1_2,metacontig,12,155,143
st_R29_M266174_S23_1,metacontig,60,308,248
st_R29_M425357_S1_7,metacontig,121,501,380
mm_R29_M3057_S1_4,metacontig,164,367,203
st_R29_M385340_S1_3,metacontig,107,417,310
st_R29_M358649_S1_6,metacontig,575,771,196
ar_R29_M1087_S23_2,metacontig,769,959,190
st_R29_M381385_S1_2,metacontig,1,301,300
ar_R29_M2873_S1_1,metacontig,216,411,195
st_R29_M450811_S1_3,metacontig,62,506,444
mm_R29_M1156_S1_6,metacontig,9,275,266
ar_R29_M35043_S1_2,metacontig,156,332,176
st_R29_M24573_S1_2,metacontig,43,206,163
ar_R29_M3099_S1_15,metacontig,631,1003,372
st_R29_M297345_S1_7,metacontig,284,727,443
sa_R29_M1774_S1_1,metacontig,73,396,323
st_R29_M16895_S1_2,metacontig,8,323,315
ar_R29_M20872_S1_2,metacontig,85,511,426
ar_R29_M21508_S1_2,metacontig,18,354,336
st_R29_M409531_S1_1,metacontig,14,211,197
st_R29_M128794_S1_3,metacontig,1,157,156
st_R29_M325_S1_2,metacontig,19,306,287
st_R29_M252689_S1_1,metacontig,64,480,416
ar_R29_M7069_S1590_2,metacontig,29,140,111
AY349167_5,metacontig,342,637,295
st_R29_M185260_S1_2,metacontig,7,188,181
st_R29_M417055_S1_3,metacontig,5,148,143
ma_R29_M758_S1_4,metacontig,331,644,313
KR862298_7,metacontig,226,639,413
ar_R29_M43132_S1_7,metacontig,204,666,462
ar_R29_M42829_S1_3,metacontig,225,599,374
MG264317_7,metacontig,217,659,442
mm_R29_M4667_S1_1,metacontig,82,492,410
st_R29_M272548_S1_2,metacontig,120,606,486
Y07862_7,metacontig,342,623,281
st_R29_M329349_S1_3,metacontig,477,900,423
mm_R29_M3040_S1_4,metacontig,519,924,405
st_R29_M64058_S1_6,metacontig,86,385,299
st_R29_M66000_S1_1,metacontig,4,310,306
MN635447_5,metacontig,336,646,310
st_R29_M88040_S1_1,metacontig,8,315,307
st_R29_M326174_S1_2,metacontig,183,444,261
st_R29_M88468_S1_1,metacontig,12,320,308
KR862306_6,metacontig,327,639,312
ma_R29_M29_S3_2,metacontig,3,162,159
st_R29_M226855_S2_1,metacontig,11,241,230
st_R29_M326165_S1_1,metacontig,2902,3306,404
st_R29_M8157_S1_2,metacontig,177,485,308
st_R29_M414960_S1_2,metacontig,103,348,245
ar_R29_M21036_S1_1,metacontig,160,615,455
sa_R29_M765_S1_2,metacontig,126,467,341
st_R29_M265551_S1_2,metacontig,155,617,462
st_R29_M331675_S1_2,metacontig,444,657,213
st_R29_M45407_S1_1,metacontig,6,312,306
st_R29_M173675_S1_2,metacontig,14,200,186
st_R29_M350150_S1_2,metacontig,9,139,130
st_R29_M190656_S1_2,metacontig,244,660,416
mm_R29_M6892_S1_4,metacontig,468,867,399
st_R29_M51617_S1_4,metacontig,14,159,145
ar_R29_M24355_S1_6,metacontig,94,387,293
fu_R29_M4975_S7_1,metacontig,394,803,409
st_R29_M23080_S1_1,metacontig,1764,2184,420
MN508189_6,metacontig,353,662,309
st_R29_M54688_S1_1,metacontig,7,169,162
st_R29_M208739_S1_1,metacontig,145,379,234
KR862303_6,metacontig,324,639,315
st_R29_M252916_S1_4,metacontig,175,397,222
st_R29_M367836_S1_1,metacontig,115,406,291
mm_R29_M7043_S1_1,metacontig,88,384,296
GQ903811_7,metacontig,342,636,294
st_R29_M167057_S1_3,metacontig,26,316,290
KR862300_6,metacontig,228,638,410
KR862309_8,metacontig,328,641,313
ar_R29_M24000_S1_2,metacontig,2,170,168
JN211320_8,metacontig,343,641,298
st_R29_M361914_S1_6,metacontig,187,434,247
st_R29_M308_S1_1,metacontig,2,218,216
st_R29_M339749_S1_2,metacontig,122,409,287
KR862310_7,metacontig,329,641,312
ar_R29_M10206_S1_2,metacontig,415,831,416
st_R29_M102126_S1_1,metacontig,47,344,297
st_R29_M389279_S1_1,metacontig,42,311,269
ar_R29_M7069_S1114_6,metacontig,42,160,118
fu_R29_M4792_S1_4,metacontig,143,630,487
ar_R29_M1626_S2_1,metacontig,4,139,135
mm_R29_M6850_S1_2,metacontig,11,133,122
st_R29_M145219_S1_1,metacontig,104,370,266
ar_R29_M43656_S1_2,metacontig,320,723,403
mm_R29_M6884_S3_2,metacontig,280,721,441
ar_R29_M43833_S1_1,metacontig,26,145,119
st_R29_M80099_S1_2,metacontig,36,313,277
st_R29_M43880_S1_2,metacontig,111,357,246
st_R29_M367919_S1_12,metacontig,2,224,222
st_R29_M30425_S1_7,metacontig,1583,1894,311
st_R29_M120793_S1_3,metacontig,14,177,163
NC_035127_10,metacontig,225,636,411
st_R29_M170064_S1_1,metacontig,17,195,178
sa_R29_M842_S1_1,metacontig,1,131,130
st_R29_M272547_S1_1,metacontig,3,315,312
mm_R29_M6243_S1_20,metacontig,127,565,438
st_R29_M287474_S1_1,metacontig,2,242,240
st_R29_M28971_S1_1,metacontig,7,305,298
mm_R29_M7250_S1_1,metacontig,1,140,139
ar_R29_M30889_S1_5,metacontig,283,675,392
KR862304_6,metacontig,322,639,317
ar_R29_M16218_S1_1,metacontig,38,378,340
mm_R29_M5793_S49_1,metacontig,3,116,113
st_R29_M293_S1_6,metacontig,7,362,355
st_R29_M401965_S1_1,metacontig,49,368,319
st_R29_M359886_S1_3,metacontig,266,421,155
st_R29_M101844_S1_1,metacontig,41,401,360
NC_026811_7,metacontig,334,651,317
st_R29_M352670_S2_1,metacontig,27,228,201
NC_038293_7,metacontig,349,660,311
st_R29_M1948_S1_3,metacontig,35,346,311
st_R29_M178886_S1_3,metacontig,1,200,199
st_R29_M171303_S1_1,metacontig,49,181,132
fi_R29_M376_S2_9,metacontig,397,759,362
ar_R29_M11759_S1_2,metacontig,161,602,441
ar_R29_M37235_S1_6,metacontig,50,301,251
ar_R29_M33582_S1_1,metacontig,3,272,269
fu_R29_M2559_S1_2,metacontig,2069,2485,416
st_R29_M395111_S1_1,metacontig,5,138,133
st_R29_M69131_S1_1,metacontig,14,175,161
sp_R29_M343_S3_1,metacontig,4,157,153
st_R29_M71870_S1_3,metacontig,195,604,409
ar_R29_M42298_S1_2,metacontig,20,376,356
MF324849_8,metacontig,218,643,425
mm_R29_M6884_S2_7,metacontig,409,849,440
ar_R29_M30645_S1_2,metacontig,118,523,405
mm_R29_M6994_S10_1,metacontig,17,138,121
st_R29_M449030_S1_2,metacontig,33,171,138
st_R29_M83968_S1_2,metacontig,24,282,258
mm_R29_M315_S1_17,metacontig,2854,3287,433
mm_R29_M5793_S8_3,metacontig,764,1239,475
st_R29_M425141_S1_1,metacontig,127,347,220
ma_R29_M4004_S19_2,metacontig,13,276,263
mm_R29_M6884_S1_29,metacontig,411,849,438
st_R29_M322861_S3_3,metacontig,13,287,274
fu_R29_M1595_S1_5,metacontig,655,945,290
am_R29_M492_S1_1,metacontig,73,337,264
fu_R29_M4975_S1_1,metacontig,2070,2486,416
fu_R29_M5758_S1_9,metacontig,191,479,288
st_R29_M65654_S1_1,metacontig,44,314,270
st_R29_M201268_S1_7,metacontig,66,292,226
st_R29_M49337_S1_1,metacontig,264,403,139
KR862305_6,metacontig,328,638,310
KR862301_6,metacontig,325,638,313
st_R29_M146677_S1_5,metacontig,27,443,416
st_R29_M113050_S1_1,metacontig,1,153,152
ar_R29_M37735_S1_2,metacontig,268,760,492
st_R29_M60269_S1_3,metacontig,243,472,229
st_R29_M8871_S1_2,metacontig,10,131,121
mm_R29_M3447_S1_1,metacontig,8,214,206
ar_R29_M7069_S1382_1,metacontig,14,241,227
ma_R29_M2100_S1_1,metacontig,82,360,278
fu_R29_M1314_S1_1,metacontig,3,200,197
st_R29_M77122_S1_1,metacontig,42,330,288
KR862308_6,metacontig,310,637,327
st_R29_M201284_S1_5,metacontig,2,254,252
st_R29_M66524_S1_2,metacontig,61,335,274
mm_R29_M6243_S2_1,metacontig,1010,1448,438
st_R29_M35280_S1_4,metacontig,182,419,237
ma_R29_M1859_S1_1,metacontig,366,583,217
st_R29_M400058_S1_5,metacontig,284,703,419
ch_R29_M326_S1_1,metacontig,350,583,233
st_R29_M237620_S1_4,metacontig,174,375,201
st_R29_M69102_S2_2,metacontig,6,324,318
ar_R29_M23835_S1_2,metacontig,114,388,274
sa_R29_M1188_S1_1,metacontig,6,186,180
st_R29_M75176_S1_1,metacontig,144,385,241
ar_R29_M37458_S1_1,metacontig,90,472,382
st_R29_M92969_S4_2,metacontig,190,353,163
st_R29_M367904_S1_2,metacontig,74,223,149
fi_R29_M830_S1_1,metacontig,160,354,194
ar_R29_M12465_S1_1,metacontig,129,332,203
st_R29_M104225_S1_3,metacontig,1,204,203
st_R29_M424960_S1_2,metacontig,51,281,230
st_R29_M30728_S1_1,metacontig,511,929,418
st_R29_M321019_S1_2,metacontig,195,539,344
st_R29_M145209_S1_1,metacontig,20,239,219
ar_R29_M40436_S1_6,metacontig,264,642,378
FJ150422_1,metacontig,203,632,429
ar_R29_M7069_S1187_5,metacontig,52,172,120
MN508192_8,metacontig,343,650,307
fi_R29_M78_S1_6,metacontig,411,770,359
ar_R29_M5151_S1_6,metacontig,111,496,385
mm_R29_M6583_S2_7,metacontig,17,339,322
mm_R29_M4160_S5_2,metacontig,14,140,126
fi_R29_M1770_S1_1,metacontig,2,219,217
ma_R29_M501_S1_1,metacontig,226,595,369
ar_R29_M27183_S1_2,metacontig,198,661,463
st_R29_M252914_S1_2,metacontig,25,182,157
st_R29_M265550_S1_3,metacontig,77,209,132
st_R29_M317222_S1_1,metacontig,87,253,166
st_R29_M293946_S1_2,metacontig,2,223,221
NC_001639_5,metacontig,329,655,326
mm_R29_M4155_S1_3,metacontig,270,648,378
al_R29_M520_S1_2,metacontig,3,275,272
ar_R29_M41328_S1_1,metacontig,190,621,431
st_R29_M353254_S1_1,metacontig,76,216,140
KR862294_7,metacontig,325,639,314
st_R29_M268534_S1_3,metacontig,54,276,222
st_R29_M446353_S1_1,metacontig,346,487,141
MN565052_2,metacontig,185,668,483
st_R29_M140866_S1_1,metacontig,138,450,312
ar_R29_M42967_S1_2,metacontig,29,275,246
MH447987_5,metacontig,324,642,318
st_R29_M252622_S1_1,metacontig,409,554,145
st_R29_M233712_S1_1,metacontig,5,138,133
st_R29_M153778_S1_2,metacontig,95,271,176
NC_029992_6,metacontig,326,636,310
ar_R29_M7069_S1005_7,metacontig,42,160,118
ar_R29_M7069_S1032_3,metacontig,42,160,118
ar_R29_M7069_S975_5,metacontig,42,160,118
mm_R29_M7467_S1_2,metacontig,18,159,141
MH037014_12,metacontig,3109,3525,416
ar_R29_M3902_S1_3,metacontig,5,139,134
st_R29_M323868_S1_2,metacontig,1,287,286
ma_R29_M1834_S1_1,metacontig,147,540,393
ar_R29_M34884_S1_11,metacontig,232,613,381
sp_R29_M1_S1_3,metacontig,2,277,275
st_R29_M156647_S1_6,metacontig,8,132,124
ma_R29_M5625_S1_2,metacontig,17,165,148
st_R29_M41793_S1_1,metacontig,1,214,213
st_R29_M61796_S1_2,metacontig,70,309,239
MH188027_1,metacontig,221,611,390
st_R29_M352675_S1_2,metacontig,17,235,218
ar_R29_M26841_S12_1,metacontig,34,204,170
ar_R29_M9607_S1_1,metacontig,332,680,348
mm_R29_M4640_S1_4,metacontig,50,445,395
st_R29_M289556_S1_1,metacontig,1,336,335
mm_R29_M5790_S1_1,metacontig,5,147,142
sp_R29_M251_S1_2,metacontig,735,1119,384
ar_R29_M39084_S1_4,metacontig,404,566,162
st_R29_M174589_S1_4,metacontig,73,230,157
ar_R29_M7069_S937_5,metacontig,189,602,413
ar_R29_M7069_S1252_4,metacontig,34,129,95
mm_R29_M714_S1_1,metacontig,1,172,171
ar_R29_M39447_S1_3,metacontig,216,467,251
ma_R29_M5229_S1_2,metacontig,225,562,337
ar_R29_M12611_S1_1,metacontig,23,204,181
ar_R29_M18043_S1_21,metacontig,562,1127,565
ar_R29_M7515_S1_1,metacontig,81,360,279
ar_R29_M20769_S1_2,metacontig,99,448,349
st_R29_M239016_S1_4,metacontig,3,251,248
NC_007518_4,metacontig,640,953,313
mm_R29_M1348_S1_2,metacontig,276,476,200
al_R29_M894_S1_2,metacontig,6,143,137
NC_005983_2,metacontig,221,663,442
al_R29_M885_S1_3,metacontig,202,695,493
st_R29_M137677_S1_3,metacontig,2,253,251
ar_R29_M20627_S1_1,metacontig,267,631,364
st_R29_M205056_S1_7,metacontig,1221,1378,157
mm_R29_M1795_S1_3,metacontig,20,176,156
st_R29_M56826_S1_2,metacontig,144,340,196
st_R29_M169661_S1_1,metacontig,2,165,163
fu_R29_M1271_S1_1,metacontig,6,280,274
st_R29_M379454_S1_1,metacontig,208,383,175
ar_R29_M11675_S3_1,metacontig,243,612,369
st_R29_M398828_S1_1,metacontig,894,1054,160
al_R29_M628_S1_1,metacontig,256,466,210
ar_R29_M11675_S1_8,metacontig,252,621,369
MN565051_1,metacontig,204,627,423
ar_R29_M8059_S1_1,metacontig,23,175,152
st_R29_M74611_S1_5,metacontig,82,364,282
st_R29_M54438_S1_6,metacontig,76,421,345
st_R29_M30847_S1_2,metacontig,319,470,151
st_R29_M222557_S1_2,metacontig,32,209,177
ar_R29_M32392_S1_1,metacontig,245,490,245
st_R29_M266650_S1_2,metacontig,20,147,127
st_R29_M407516_S1_1,metacontig,2,197,195
st_R29_M18235_S1_1,metacontig,5,147,142
st_R29_M423488_S1_1,metacontig,10,241,231
st_R29_M290557_S1_1,metacontig,311,651,340
ma_R29_M2012_S1_2,metacontig,90,501,411
st_R29_M100193_S1_1,metacontig,1,299,298
st_R29_M429698_S1_2,metacontig,83,396,313
ar_R29_M16320_S1_3,metacontig,13,251,238
fu_R29_M5912_S1_5,metacontig,1812,2220,408
ar_R29_M7069_S881_7,metacontig,122,281,159
st_R29_M401690_S1_4,metacontig,7,337,330
ar_R29_M10098_S1_5,metacontig,27,355,328
ar_R29_M6674_S1_6,metacontig,222,466,244
al_R29_M340_S1_1,metacontig,10,170,160
st_R29_M141657_S1_2,metacontig,4,294,290
ar_R29_M26575_S1_2,metacontig,3,133,130
st_R29_M201315_S1_1,metacontig,2,189,187
st_R29_M346648_S3_2,metacontig,458,602,144
ar_R29_M1237_S3_3,metacontig,19,265,246
ar_R29_M36658_S1_2,metacontig,225,467,242
st_R29_M420366_S1_7,metacontig,210,409,199
NC_040540_1,metacontig,200,454,254
st_R29_M256562_S1_5,metacontig,64,312,248
st_R29_M46507_S1_6,metacontig,64,312,248
sa_R29_M1866_S1_7,metacontig,230,602,372
st_R29_M306905_S1_1,metacontig,11,152,141
ch_R29_M243_S1_1,metacontig,3,201,198
mm_R29_M3051_S1_6,metacontig,517,898,381
st_R29_M156593_S1_1,metacontig,2,151,149
st_R29_M209019_S1_1,metacontig,2,153,151
ar_R29_M33530_S1_1,metacontig,87,377,290
sa_R29_M2220_S1_3,metacontig,210,599,389
ar_R29_M32118_S3_1,metacontig,1481,1651,170
st_R29_M387637_S1_1,metacontig,7,147,140
ar_R29_M35843_S1_1,metacontig,20,122,102
mm_R29_M2024_S1_8,metacontig,578,1011,433
st_R29_M125978_S1_1,metacontig,1,298,297
st_R29_M156811_S1_1,metacontig,1,211,210
sa_R29_M2665_S1_7,metacontig,406,773,367
sa_R29_M2665_S2_6,metacontig,406,773,367
fi_R29_M287_S1_18,metacontig,397,759,362
ar_R29_M26841_S10_3,metacontig,1,109,108
st_R29_M415140_S1_2,metacontig,120,342,222
st_R29_M374227_S1_13,metacontig,1951,2375,424
ar_R29_M13286_S1_2,metacontig,179,292,113
ar_R29_M2828_S2_3,metacontig,84,209,125
ar_R29_M33150_S1_1,metacontig,5,126,121
sa_R29_M1013_S1_2,metacontig,229,660,431
st_R29_M75673_S1_3,metacontig,14,178,164
ar_R29_M28712_S1_6,metacontig,193,582,389
st_R29_M306987_S1_1,metacontig,6,177,171
ar_R29_M7069_S1539_3,metacontig,41,167,126
fu_R29_M1548_S1_3,metacontig,226,602,376
st_R29_M237405_S1_3,metacontig,136,422,286
st_R29_M152504_S1_2,metacontig,15,186,171
mm_R29_M6686_S1_1,metacontig,279,427,148
st_R29_M290526_S1_2,metacontig,27,218,191
ma_R29_M4095_S1_2,metacontig,135,281,146
st_R29_M322862_S1_1,metacontig,2,133,131
sa_R29_M3028_S1_1,metacontig,3,180,177
mm_R29_M5092_S1_1,metacontig,8,175,167
st_R29_M20103_S1_4,metacontig,15,258,243
ar_R29_M36782_S1_6,metacontig,156,500,344
ar_R29_M31510_S1_3,metacontig,255,494,239
st_R29_M308176_S1_1,metacontig,419,588,169
st_R29_M335880_S1_1,metacontig,12,136,124
ar_R29_M17847_S1_2,metacontig,108,411,303
LC505019_1,metacontig,200,475,275
st_R29_M367834_S1_7,metacontig,1,108,107
ar_R29_M35892_S1_5,metacontig,109,273,164
ar_R29_M26411_S1_6,metacontig,262,506,244
am_R29_M86_S1_1,metacontig,7,244,237
ar_R29_M2548_S1_2,metacontig,12,348,336
ar_R29_M1237_S1_5,metacontig,71,268,197
ar_R29_M10522_S1_1,metacontig,36,371,335
st_R29_M416828_S1_2,metacontig,2,250,248
st_R29_M253013_S1_1,metacontig,8,178,170
st_R29_M239756_S1_2,metacontig,2,188,186
ri_R29_M123_S1_2,metacontig,4,134,130
ar_R29_M33185_S1_1,metacontig,7,126,119
ar_R29_M31034_S1_9,metacontig,203,688,485
st_R29_M425020_S1_1,metacontig,61,337,276
ar_R29_M11353_S1_6,metacontig,234,575,341
st_R29_M135487_S1_1,metacontig,47,301,254
ar_R29_M29757_S1_2,metacontig,220,583,363
st_R29_M4219_S1_1,metacontig,5,295,290
st_R29_M121428_S1_3,metacontig,2,141,139
st_R29_M195603_S1_1,metacontig,8,170,162
st_R29_M70853_S1_2,metacontig,6,148,142
st_R29_M121433_S1_1,metacontig,2,119,117
st_R29_M63863_S1_1,metacontig,236,482,246
ar_R29_M349_S11_3,metacontig,20,141,121
ar_R29_M10720_S1_4,metacontig,252,502,250
st_R29_M136199_S1_1,metacontig,578,709,131
ar_R29_M6504_S1_5,metacontig,54,292,238
fi_R29_M805_S1_6,metacontig,251,501,250
st_R29_M68045_S1_1,metacontig,4,291,287
st_R29_M132485_S1_2,metacontig,136,401,265
st_R29_M373770_S1_1,metacontig,411,596,185
fu_R29_M5417_S1_19,metacontig,1492,2009,517
st_R29_M399765_S1_3,metacontig,6,177,171
st_R29_M116431_S1_1,metacontig,448,739,291
st_R29_M336236_S1_2,metacontig,190,420,230
st_R29_M367879_S1_1,metacontig,10,244,234
st_R29_M232536_S1_11,metacontig,341,474,133
ar_R29_M36732_S1_15,metacontig,207,445,238
st_R29_M438276_S1_1,metacontig,10,244,234
ar_R29_M11552_S1_3,metacontig,241,632,391
ar_R29_M11034_S1_2,metacontig,22,148,126
st_R29_M65615_S1_4,metacontig,3,134,131
st_R29_M426121_S1_1,metacontig,26,263,237
ma_R29_M997_S1_2,metacontig,9,131,122
ar_R29_M36233_S5_1,metacontig,4,126,122
fi_R29_M928_S1_1,metacontig,264,534,270
ar_R29_M37169_S1_1,metacontig,20,149,129
NC_003412_2,metacontig,177,454,277
st_R29_M177589_S1_2,metacontig,193,339,146
st_R29_M64061_S1_1,metacontig,15,236,221
st_R29_M30494_S1_1,metacontig,9,234,225
sa_R29_M407_S1_4,metacontig,230,635,405
ar_R29_M40417_S1_2,metacontig,12,340,328
st_R29_M299394_S1_1,metacontig,5,233,228
al_R29_M280_S1_1,metacontig,21,114,93
st_R29_M40143_S1_2,metacontig,9,185,176
st_R29_M144810_S1_1,metacontig,3,158,155
ar_R29_M12527_S1_3,metacontig,229,483,254
st_R29_M239766_S1_2,metacontig,1,182,181
ar_R29_M1237_S2_3,metacontig,19,265,246
ar_R29_M26779_S1_1,metacontig,2,115,113
st_R29_M408935_S1_1,metacontig,14,157,143
ar_R29_M15744_S1_1,metacontig,37,454,417
st_R29_M245060_S1_2,metacontig,2,111,109
mm_R29_M4503_S1_1,metacontig,347,511,164
st_R29_M67017_S1_2,metacontig,83,189,106
st_R29_M87631_S1_1,metacontig,4,160,156
st_R29_M370576_S1_6,metacontig,966,1503,537
ar_R29_M33646_S1_4,metacontig,230,580,350
mm_R29_M1275_S1_19,metacontig,826,1232,406
st_R29_M441799_S1_1,metacontig,14,192,178
ar_R29_M41332_S1_4,metacontig,239,422,183
al_R29_M261_S2_11,metacontig,278,558,280
ar_R29_M43092_S1_1,metacontig,274,432,158
ar_R29_M43676_S1_3,metacontig,252,604,352
st_R29_M86724_S1_4,metacontig,157,325,168
mm_R29_M366_S1_1,metacontig,1,176,175
st_R29_M86470_S1_5,metacontig,26,247,221
ar_R29_M21575_S1_6,metacontig,103,344,241
ar_R29_M33646_S2_6,metacontig,10,351,341
ar_R29_M30377_S1_24,metacontig,110,534,424
ar_R29_M16032_S1_1,metacontig,245,461,216
ar_R29_M25251_S1_2,metacontig,52,373,321
ar_R29_M2935_S2_6,metacontig,229,479,250
st_R29_M92030_S1_1,metacontig,369,539,170
ar_R29_M13502_S1_9,metacontig,227,604,377
st_R29_M88350_S1_1,metacontig,1,160,159
mm_R29_M3581_S1_1,metacontig,16,172,156
st_R29_M324332_S1_1,metacontig,6,260,254
st_R29_M41500_S1_1,metacontig,3,143,140
al_R29_M261_S4_7,metacontig,232,742,510
st_R29_M322909_S1_1,metacontig,3,246,243
fi_R29_M548_S1_2,metacontig,1,164,163
al_R29_M4_S2_8,metacontig,13,185,172
st_R29_M437148_S1_2,metacontig,72,302,230
st_R29_M266624_S1_4,metacontig,150,437,287
ar_R29_M2874_S1_2,metacontig,10,154,144
st_R29_M266126_S1_1,metacontig,1,163,162
ma_R29_M617_S1_3,metacontig,1,160,159
ma_R29_M4698_S70_10,metacontig,743,884,141
st_R29_M320003_S2_1,metacontig,38,289,251
ma_R29_M4698_S65_3,metacontig,356,497,141
sa_R29_M1126_S1_1,metacontig,219,592,373
HG974564_2,metacontig,256,519,263
ar_R29_M31228_S1_2,metacontig,4,99,95
st_R29_M88533_S1_2,metacontig,2,213,211
ar_R29_M42390_S1_3,metacontig,240,377,137
st_R29_M385355_S1_2,metacontig,7,263,256
st_R29_M164656_S1_1,metacontig,8,163,155
st_R29_M266540_S2_1,metacontig,5,225,220
ar_R29_M28255_S1_9,metacontig,238,482,244
sa_R29_M1349_S1_1,metacontig,50,243,193
st_R29_M387070_S1_1,metacontig,415,582,167
st_R29_M71547_S1_1,metacontig,3,280,277
sa_R29_M529_S1_1,metacontig,19,286,267
st_R29_M17600_S1_1,metacontig,3,285,282
ma_R29_M3690_S8_1,metacontig,1,128,127
st_R29_M359634_S1_4,metacontig,36,130,94
ar_R29_M7069_S1535_1,metacontig,249,384,135
mm_R29_M4351_S1_1,metacontig,1,167,166
ar_R29_M27209_S3_1,metacontig,65,196,131
st_R29_M71044_S1_1,metacontig,6,153,147
ma_R29_M6180_S1_1,metacontig,11,130,119
st_R29_M35193_S1_4,metacontig,153,643,490
ar_R29_M39748_S1_9,metacontig,35,278,243
st_R29_M357275_S1_1,metacontig,4,144,140
st_R29_M363939_S1_4,metacontig,191,440,249
st_R29_M85148_S1_10,metacontig,4,414,410
ma_R29_M3707_S1_1,metacontig,71,312,241
ri_R29_M5_S1_1,metacontig,28,103,75
HG974566_2,metacontig,257,513,256
st_R29_M437167_S1_2,metacontig,84,309,225
ar_R29_M15971_S1_1,metacontig,14,130,116
ar_R29_M5662_S1_3,metacontig,213,454,241
st_R29_M438275_S1_1,metacontig,3,221,218
ar_R29_M43110_S2_5,metacontig,5,77,72
st_R29_M42517_S1_1,metacontig,12,134,122
st_R29_M200477_S1_9,metacontig,14,242,228
ar_R29_M32047_S1_1,metacontig,15,95,80
ar_R29_M3422_S2_1,metacontig,11,219,208
st_R29_M366290_S1_1,metacontig,2,248,246
st_R29_M270178_S1_3,metacontig,241,437,196
mm_R29_M5793_S1_71,metacontig,988,1464,476
mm_R29_M5793_S3_48,metacontig,988,1464,476
ar_R29_M34606_S1_1,metacontig,129,364,235
ar_R29_M26841_S9_1,metacontig,15,113,98
st_R29_M61807_S1_4,metacontig,184,353,169
ar_R29_M33764_S1_1,metacontig,92,413,321
st_R29_M175622_S1_3,metacontig,200,446,246
ar_R29_M7069_S1144_4,metacontig,31,118,87
st_R29_M298302_S1_1,metacontig,9,226,217
ar_R29_M34210_S1_2,metacontig,26,111,85
sa_R29_M2310_S1_1,metacontig,255,637,382
st_R29_M225614_S1_2,metacontig,162,310,148
st_R29_M440978_S1_1,metacontig,1,124,123
st_R29_M450787_S1_3,metacontig,95,270,175
ar_R29_M30380_S1_7,metacontig,12,147,135
st_R29_M331691_S1_2,metacontig,91,214,123
ar_R29_M28267_S1_3,metacontig,15,130,115
ar_R29_M32823_S1_2,metacontig,218,603,385
ar_R29_M10214_S1_2,metacontig,8,113,105
st_R29_M151588_S1_2,metacontig,12,258,246
mm_R29_M1042_S1_1,metacontig,7,82,75
ar_R29_M34327_S1_3,metacontig,3,317,314
ar_R29_M12465_S2_2,metacontig,14,146,132
ar_R29_M22555_S1_3,metacontig,195,485,290
st_R29_M169650_S1_1,metacontig,7,162,155
ar_R29_M7069_S1235_3,metacontig,135,316,181
st_R29_M180874_S1_1,metacontig,19,122,103
ar_R29_M22815_S1_1,metacontig,217,463,246
ar_R29_M14900_S1_5,metacontig,220,603,383
ar_R29_M9223_S1_2,metacontig,235,474,239
ar_R29_M37744_S1_11,metacontig,237,477,240
st_R29_M266254_S1_1,metacontig,12,138,126
ma_R29_M670_S1_2,metacontig,10,138,128
ar_R29_M6696_S1_2,metacontig,1,94,93
st_R29_M117766_S1_2,metacontig,209,420,211
ar_R29_M30380_S2_10,metacontig,12,124,112
ar_R29_M7069_S1277_1,metacontig,474,601,127
st_R29_M227384_S1_1,metacontig,12,120,108
ar_R29_M36939_S1_3,metacontig,43,226,183
ar_R29_M27209_S2_1,metacontig,11,215,204
mm_R29_M7342_S1_4,metacontig,514,673,159
ar_R29_M7069_S38_1,metacontig,224,466,242
st_R29_M298720_S1_6,metacontig,42,89,47
ar_R29_M12290_S1_6,metacontig,17,320,303
fi_R29_M732_S1_1,metacontig,754,895,141
ar_R29_M30476_S1_4,metacontig,90,211,121
st_R29_M36124_S1_1,metacontig,66,283,217
st_R29_M66032_S1_1,metacontig,3,245,242
st_R29_M156794_S1_1,metacontig,12,136,124
ar_R29_M32551_S1_1,metacontig,246,480,234
st_R29_M106436_S1_1,metacontig,2,117,115
st_R29_M61788_S1_5,metacontig,67,282,215
ar_R29_M7069_S946_2,metacontig,224,466,242
ma_R29_M4879_S1_5,metacontig,79,221,142
ar_R29_M21811_S1_1,metacontig,19,193,174
st_R29_M227345_S1_2,metacontig,6,99,93
ar_R29_M19724_S1_6,metacontig,232,478,246
st_R29_M278806_S1_1,metacontig,2,167,165
mm_R29_M2843_S1_1,metacontig,62,450,388
fi_R29_M218_S16_1,metacontig,54,100,46
st_R29_M210146_S1_5,metacontig,169,415,246
st_R29_M140166_S1_1,metacontig,46,463,417
ar_R29_M35652_S1_1,metacontig,204,483,279
st_R29_M319608_S2_1,metacontig,13,136,123
st_R29_M181480_S1_1,metacontig,5,174,169
fu_R29_M3909_S1_16,metacontig,21,240,219
st_R29_M152553_S1_1,metacontig,22,91,69
st_R29_M152553_S2_3,metacontig,22,91,69
st_R29_M142087_S1_1,metacontig,2,237,235
st_R29_M126519_S1_1,metacontig,5,122,117
mm_R29_M8096_S1_4,metacontig,157,504,347
st_R29_M72256_S1_3,metacontig,139,383,244
ar_R29_M27675_S1_1,metacontig,13,129,116
MN862348_1,metacontig,215,468,253
st_R29_M213444_S1_1,metacontig,1,216,215
ar_R29_M10187_S1_2,metacontig,150,625,475
st_R29_M74643_S21_2,metacontig,48,136,88
mm_R29_M4191_S1_2,metacontig,46,231,185
st_R29_M97375_S1_1,metacontig,4,157,153
mm_R29_M4124_S1_1,metacontig,215,340,125
ar_R29_M27377_S1_9,metacontig,186,481,295
ar_R29_M16122_S1_1,metacontig,3,109,106
st_R29_M381006_S1_1,metacontig,7,184,177
st_R29_M146695_S1_3,metacontig,131,324,193
st_R29_M119871_S1_2,metacontig,11,268,257
st_R29_M237371_S1_8,metacontig,420,622,202
st_R29_M132568_S1_4,metacontig,874,1261,387
st_R29_M91914_S1_2,metacontig,144,355,211
ar_R29_M43728_S1_11,metacontig,184,479,295
st_R29_M58076_S1_7,metacontig,130,370,240
ar_R29_M9019_S5_1,metacontig,31,122,91
ar_R29_M7069_S899_3,metacontig,238,479,241
ar_R29_M10687_S2_1,metacontig,33,142,109
st_R29_M74643_S9_5,metacontig,48,136,88
ar_R29_M20345_S1_1,metacontig,27,72,45
ar_R29_M8418_S14_1,metacontig,60,117,57
st_R29_M374236_S1_5,metacontig,6,263,257
st_R29_M75178_S1_1,metacontig,9,230,221
st_R29_M17616_S1_4,metacontig,13,232,219
st_R29_M381327_S1_1,metacontig,28,101,73
st_R29_M60700_S1_2,metacontig,3,122,119
ar_R29_M7069_S1468_2,metacontig,24,105,81
ma_R29_M4698_S80_1,metacontig,33,122,89
ar_R29_M511_S1_1,metacontig,191,355,164
st_R29_M309199_S1_1,metacontig,11,129,118
st_R29_M30438_S1_5,metacontig,132,373,241
st_R29_M374233_S2_15,metacontig,124,438,314
st_R29_M111569_S1_1,metacontig,51,237,186
ar_R29_M3743_S1_4,metacontig,87,217,130
sa_R29_M3032_S1_3,metacontig,262,417,155
ar_R29_M7069_S1510_2,metacontig,189,226,37
st_R29_M364018_S1_3,metacontig,7,183,176
st_R29_M353262_S1_4,metacontig,1,52,51
st_R29_M88539_S1_3,metacontig,6,134,128
st_R29_M30890_S1_2,metacontig,19,312,293
NC_016517_1,metacontig,265,553,288
ma_R29_M4936_S1_3,metacontig,94,211,117
al_R29_M442_S1_1,metacontig,11,124,113
mm_R29_M3372_S1_3,metacontig,785,1092,307
fi_R29_M1088_S1_2,metacontig,54,89,35
st_R29_M399935_S1_1,metacontig,11,139,128
ar_R29_M17039_S1_1,metacontig,10,90,80
ma_R29_M5431_S1_1,metacontig,6,105,99
ar_R29_M24480_S1_6,metacontig,47,170,123
st_R29_M374233_S1_22,metacontig,796,1108,312
st_R29_M288896_S1_2,metacontig,43,152,109
ma_R29_M4004_S30_3,metacontig,326,440,114
st_R29_M89479_S1_5,metacontig,288,325,37
st_R29_M430001_S1_1,metacontig,595,736,141
st_R29_M237368_S1_5,metacontig,97,337,240
ar_R29_M18640_S1_1,metacontig,189,362,173
st_R29_M74643_S11_7,metacontig,47,129,82
fi_R29_M1088_S3_2,metacontig,64,98,34
st_R29_M110260_S1_1,metacontig,5,215,210
st_R29_M298740_S1_1,metacontig,95,128,33
fi_R29_M1481_S1_8,metacontig,50,373,323
st_R29_M19761_S1_1,metacontig,3,103,100
st_R29_M291394_S1_1,metacontig,40,159,119
st_R29_M445298_S1_1,metacontig,10,85,75
ar_R29_M30364_S1_3,metacontig,226,370,144
st_R29_M253544_S1_2,metacontig,4,104,100
st_R29_M101449_S1_3,metacontig,475,566,91
ar_R29_M15519_S1_1,metacontig,311,728,417
ar_R29_M9019_S2_2,metacontig,18,94,76
ar_R29_M9019_S6_1,metacontig,18,94,76
st_R29_M74643_S19_3,metacontig,47,129,82
ar_R29_M27466_S1_1,metacontig,311,727,416
ar_R29_M21338_S1_2,metacontig,9,138,129
ar_R29_M32133_S3_2,metacontig,23,131,108
st_R29_M416635_S1_1,metacontig,37,414,377
ar_R29_M11661_S1_1,metacontig,57,195,138
st_R29_M113993_S9_1,metacontig,10,110,100
st_R29_M286892_S1_1,metacontig,2,231,229
st_R29_M96558_S1_2,metacontig,1,106,105
st_R29_M298493_S1_2,metacontig,29,85,56
ma_R29_M1830_S7_1,metacontig,5,108,103
st_R29_M209980_S1_7,metacontig,11,135,124
ar_R29_M27107_S1_1,metacontig,179,403,224
st_R29_M33059_S1_1,metacontig,46,97,51
st_R29_M145228_S1_1,metacontig,226,371,145
st_R29_M170252_S1_1,metacontig,192,288,96
st_R29_M385375_S1_2,metacontig,46,218,172
st_R29_M450867_S1_2,metacontig,9,119,110
st_R29_M441_S1_1,metacontig,9,66,57
st_R29_M449084_S1_2,metacontig,63,100,37
ar_R29_M40308_S1_5,metacontig,105,243,138
ar_R29_M25863_S1_3,metacontig,162,239,77
st_R29_M53293_S1_1,metacontig,6,57,51
st_R29_M6590_S1_1,metacontig,1,231,230
st_R29_M92969_S3_5,metacontig,3,116,113
st_R29_M185468_S1_1,metacontig,1,199,198
am_R29_M122_S1_4,metacontig,65,288,223
st_R29_M387927_S1_1,metacontig,8,131,123
ar_R29_M2841_S1_1,metacontig,208,353,145
ar_R29_M15014_S1_1,metacontig,596,831,235
st_R29_M114238_S1_1,metacontig,1,128,127
st_R29_M75175_S1_1,metacontig,2,201,199
st_R29_M114240_S1_1,metacontig,4,128,124
st_R29_M339770_S1_3,metacontig,31,106,75
st_R29_M339770_S3_2,metacontig,31,106,75
st_R29_M89867_S1_2,metacontig,46,91,45
st_R29_M89205_S1_1,metacontig,23,96,73
ar_R29_M6504_S2_2,metacontig,14,102,88
st_R29_M102125_S1_1,metacontig,11,178,167
st_R29_M377140_S1_4,metacontig,6,62,56
st_R29_M366307_S1_7,metacontig,13,73,60
st_R29_M145905_S1_2,metacontig,478,635,157
ar_R29_M36350_S6_1,metacontig,62,95,33
st_R29_M295943_S1_7,metacontig,59,210,151
st_R29_M426307_S1_1,metacontig,3,119,116
ar_R29_M39096_S1_3,metacontig,292,492,200
st_R29_M449085_S1_2,metacontig,9,110,101
st_R29_M129492_S1_2,metacontig,16,102,86
ar_R29_M10687_S3_1,metacontig,10,79,69
st_R29_M35292_S1_3,metacontig,2,215,213
fi_R29_M1088_S2_1,metacontig,12,44,32
st_R29_M118195_S1_1,metacontig,70,188,118
mm_R29_M7432_S7_1,metacontig,75,110,35
st_R29_M379396_S1_2,metacontig,212,352,140
st_R29_M200480_S1_2,metacontig,50,185,135
st_R29_M173535_S5_1,metacontig,7,56,49
st_R29_M171780_S1_1,metacontig,1,47,46
mm_R29_M2324_S1_2,metacontig,261,420,159
st_R29_M197546_S1_2,metacontig,57,266,209
st_R29_M173535_S2_2,metacontig,9,58,49
st_R29_M152347_S1_4,metacontig,102,207,105
ar_R29_M39969_S1_1,metacontig,667,732,65
st_R29_M21148_S1_2,metacontig,91,122,31
mm_R29_M6152_S3_1,metacontig,47,73,26
st_R29_M53283_S1_1,metacontig,6,57,51
st_R29_M165047_S4_3,metacontig,80,212,132
st_R29_M420401_S1_3,metacontig,11,103,92
st_R29_M82592_S1_1,metacontig,8,73,65
MN053827_21,metacontig,41,146,105
st_R29_M71496_S1_2,metacontig,7,79,72
st_R29_M82556_S1_1,metacontig,6,128,122
st_R29_M55995_S1_1,metacontig,18,42,24
ar_R29_M10636_S2_1,metacontig,13,51,38
st_R29_M352669_S1_2,metacontig,17,72,55
fi_R29_M218_S11_1,metacontig,26,76,50
st_R29_M180877_S1_1,metacontig,56,84,28
st_R29_M38042_S1_1,metacontig,110,215,105
ar_R29_M10687_S1_3,metacontig,19,52,33
st_R29_M289_S1_1,metacontig,18,52,34
ar_R29_M22424_S1_5,metacontig,13,77,64
st_R29_M382874_S1_1,metacontig,11,95,84
st_R29_M266630_S1_4,metacontig,129,261,132
ar_R29_M37942_S1_2,metacontig,5,250,245
st_R29_M373619_S1_1,metacontig,66,151,85
st_R29_M363587_S1_3,metacontig,326,401,75
st_R29_M188977_S1_1,metacontig,26,114,88
st_R29_M145217_S1_1,metacontig,43,69,26
ar_R29_M6388_S1_1,metacontig,53,83,30
ar_R29_M32823_S3_2,metacontig,30,106,76
st_R29_M171809_S1_9,metacontig,14,47,33
st_R29_M257213_S1_1,metacontig,76,177,101
MH188018_5,metacontig,455,554,99
st_R29_M3966_S2_1,metacontig,18,187,169
ar_R29_M27679_S1_1,metacontig,1972,2069,97
mm_R29_M5793_S71_2,metacontig,39,80,41
fi_R29_M218_S12_3,metacontig,21,67,46
ar_R29_M42071_S2_1,metacontig,53,100,47
ar_R29_M16970_S1_2,metacontig,90,157,67
st_R29_M373620_S1_2,metacontig,210,315,105
st_R29_M173535_S1_4,metacontig,1,43,42
st_R29_M69130_S1_1,metacontig,82,144,62
st_R29_M353316_S1_2,metacontig,84,158,74
ar_R29_M38003_S1_3,metacontig,11,88,77
st_R29_M41919_S1_1,metacontig,4,87,83
ar_R29_M1811_S1_3,metacontig,31,116,85
st_R29_M38041_S1_1,metacontig,64,163,99
st_R29_M34702_S1_3,metacontig,135,305,170
st_R29_M229573_S1_2,metacontig,31,59,28
fi_R29_M218_S8_3,metacontig,33,89,56
st_R29_M117745_S1_1,metacontig,84,167,83
st_R29_M317232_S1_4,metacontig,30,107,77
st_R29_M74643_S5_9,metacontig,47,97,50
st_R29_M128939_S2_8,metacontig,48,97,49
st_R29_M335886_S1_5,metacontig,48,97,49
st_R29_M381442_S1_6,metacontig,48,97,49
st_R29_M393117_S1_8,metacontig,48,97,49
st_R29_M74643_S17_5,metacontig,48,97,49
mm_R29_M5793_S69_1,metacontig,70,102,32
st_R29_M15184_S1_9,metacontig,51,97,46
st_R29_M74643_S1_12,metacontig,51,97,46
st_R29_M176345_S1_3,metacontig,131,162,31
mm_R29_M5793_S76_2,metacontig,69,106,37
ar_R29_M5371_S1_2,metacontig,37,240,203
st_R29_M142411_S2_4,metacontig,83,626,543
ar_R29_M7069_S1046_5,metacontig,646,1185,539
st_R29_M166781_S1_7,metacontig,1293,1827,534
fu_R29_M907_S28_3,metacontig,166,699,533
st_R29_M365955_S1_1,metacontig,65,589,524
mm_R29_M5542_S1_8,metacontig,369,883,514
mm_R29_M2730_S1_8,metacontig,1158,1669,511
st_R29_M413612_S1_9,metacontig,1584,2083,499
ar_R29_M7069_S1282_9,metacontig,268,766,498
st_R29_M439206_S1_6,metacontig,401,898,497
st_R29_M37542_S1_6,metacontig,269,764,495
fu_R29_M907_S18_3,metacontig,499,992,493
mm_R29_M5903_S1_6,metacontig,119,607,488
st_R29_M306881_S1_26,metacontig,810,1294,484
ar_R29_M5600_S1_11,metacontig,47,531,484
st_R29_M175759_S1_30,metacontig,53,536,483
st_R29_M79122_S1_26,metacontig,1839,2321,482
st_R29_M153973_S19_1,metacontig,127,607,480
st_R29_M331690_S1_2,metacontig,2360,2836,476
st_R29_M132596_S1_3,metacontig,192,666,474
ar_R29_M32229_S1_10,metacontig,1694,2167,473
ar_R29_M39925_S2_10,metacontig,428,900,472
st_R29_M73267_S1_11,metacontig,993,1463,470
st_R29_M67985_S1_23,metacontig,346,814,468
ar_R29_M10483_S1_1,metacontig,19,487,468
MT134328_10,metacontig,1303,1770,467
ma_R29_M6958_S1_10,metacontig,142,609,467
st_R29_M3817_S1_4,metacontig,193,659,466
mm_R29_M6951_S1_14,metacontig,1591,2056,465
st_R29_M1968_S1_28,metacontig,482,947,465
mm_R29_M1780_S1_3,metacontig,1066,1531,465
st_R29_M201281_S1_5,metacontig,1249,1714,465
st_R29_M277213_S2_8,metacontig,94,558,464
st_R29_M253546_S1_4,metacontig,386,848,462
ar_R29_M7069_S1294_1,metacontig,172,634,462
ar_R29_M30927_S1_8,metacontig,669,1130,461
st_R29_M97223_S1_21,metacontig,180,640,460
mm_R29_M1460_S1_9,metacontig,687,1147,460
st_R29_M49387_S1_9,metacontig,259,719,460
st_R29_M1961_S1_13,metacontig,546,1005,459
ar_R29_M28070_S1_5,metacontig,323,782,459
ar_R29_M7069_S6_150,metacontig,179,638,459
ar_R29_M17741_S1_6,metacontig,1103,1558,455
st_R29_M212254_S2_5,metacontig,99,554,455
st_R29_M51336_S6_5,metacontig,44,498,454
ar_R29_M33460_S1_16,metacontig,494,947,453
st_R29_M200545_S1_4,metacontig,132,585,453
st_R29_M51034_S1_2,metacontig,41,494,453
st_R29_M210090_S1_10,metacontig,790,1243,453
st_R29_M364014_S1_10,metacontig,1482,1934,452
st_R29_M100328_S1_4,metacontig,219,669,450
st_R29_M57237_S1_8,metacontig,51,500,449
st_R29_M113993_S1_4,metacontig,141,589,448
st_R29_M308405_S1_10,metacontig,100,546,446
st_R29_M97225_S1_1,metacontig,61,505,444
st_R29_M40086_S1_26,metacontig,1272,1715,443
st_R29_M190657_S1_10,metacontig,172,615,443
st_R29_M350189_S1_6,metacontig,6,449,443
am_R29_M3_S12_12,metacontig,452,892,440
st_R29_M91573_S1_5,metacontig,102,541,439
st_R29_M307214_S1_6,metacontig,177,615,438
sa_R29_M2970_S1_21,metacontig,1812,2250,438
st_R29_M201313_S1_23,metacontig,492,928,436
st_R29_M252890_S1_11,metacontig,427,861,434
st_R29_M437325_S1_12,metacontig,2491,2924,433
st_R29_M185908_S1_2,metacontig,115,548,433
ar_R29_M7689_S1_2,metacontig,5,435,430
st_R29_M313650_S2_11,metacontig,82,511,429
st_R29_M170262_S1_6,metacontig,73,500,427
ma_R29_M2838_S1_17,metacontig,1792,2218,426
st_R29_M55985_S1_19,metacontig,35,459,424
st_R29_M273933_S1_11,metacontig,186,610,424
st_R29_M343168_S1_4,metacontig,201,621,420
st_R29_M4505_S31_16,metacontig,835,1251,416
st_R29_M272330_S1_4,metacontig,183,599,416
st_R29_M350157_S1_11,metacontig,351,766,415
st_R29_M129454_S1_2,metacontig,120,534,414
st_R29_M362928_S1_10,metacontig,318,732,414
st_R29_M29060_S1_3,metacontig,372,785,413
ar_R29_M7069_S1407_1,metacontig,120,533,413
st_R29_M361985_S1_10,metacontig,323,736,413
st_R29_M210332_S1_9,metacontig,147,556,409
ar_R29_M32810_S1_13,metacontig,140,548,408
ar_R29_M32810_S2_4,metacontig,110,518,408
mm_R29_M2371_S1_8,metacontig,39,447,408
st_R29_M55994_S2_8,metacontig,175,580,405
st_R29_M216605_S2_29,metacontig,2375,2777,402
st_R29_M14847_S1_3,metacontig,18,419,401
sa_R29_M40_S4_2,metacontig,15,416,401
st_R29_M131094_S1_4,metacontig,124,525,401
mm_R29_M183_S1_4,metacontig,184,585,401
ar_R29_M14049_S1_2,metacontig,25,417,392
st_R29_M222318_S1_1,metacontig,269,661,392
st_R29_M24470_S1_10,metacontig,75,465,390
st_R29_M446387_S1_7,metacontig,2439,2828,389
ar_R29_M7069_S1345_4,metacontig,32,419,387
st_R29_M101971_S1_6,metacontig,117,501,384
st_R29_M425073_S1_18,metacontig,1003,1385,382
ar_R29_M33937_S1_16,metacontig,30,412,382
st_R29_M10285_S3_3,metacontig,198,579,381
ar_R29_M31199_S8_15,metacontig,226,607,381
ar_R29_M7069_S560_4,metacontig,23,400,377
st_R29_M128779_S1_1,metacontig,489,864,375
st_R29_M102210_S2_21,metacontig,19,393,374
st_R29_M213424_S2_3,metacontig,164,537,373
ar_R29_M22578_S1_2,metacontig,59,430,371
ar_R29_M7069_S1519_3,metacontig,10,377,367
st_R29_M445333_S1_7,metacontig,8,373,365
st_R29_M25056_S1_3,metacontig,10,375,365
mm_R29_M6565_S1_2,metacontig,58,418,360
st_R29_M33233_S11_1,metacontig,99,458,359
ar_R29_M7069_S819_37,metacontig,8,367,359
st_R29_M99876_S1_6,metacontig,142,500,358
ar_R29_M24997_S1_4,metacontig,17,375,358
st_R29_M97224_S1_2,metacontig,1,358,357
st_R29_M107199_S1_3,metacontig,89,446,357
st_R29_M317502_S1_12,metacontig,54,408,354
ar_R29_M27931_S1_4,metacontig,4,358,354
st_R29_M88529_S1_11,metacontig,11,364,353
st_R29_M252210_S1_22,metacontig,467,815,348
st_R29_M109801_S85_11,metacontig,920,1266,346
al_R29_M527_S1_6,metacontig,44,390,346
ar_R29_M12421_S1_4,metacontig,138,484,346
st_R29_M91427_S1_9,metacontig,375,720,345
ar_R29_M26874_S1_7,metacontig,19,363,344
st_R29_M403094_S1_4,metacontig,760,1104,344
st_R29_M76064_S1_1,metacontig,461,805,344
ar_R29_M7069_S1163_7,metacontig,3,347,344
st_R29_M447865_S1_9,metacontig,43,386,343
st_R29_M69444_S1_4,metacontig,143,486,343
st_R29_M438325_S1_3,metacontig,169,511,342
ar_R29_M25530_S1_2,metacontig,30,372,342
st_R29_M37996_S1_6,metacontig,260,602,342
st_R29_M318579_S1_5,metacontig,52,393,341
mm_R29_M6020_S1_5,metacontig,58,398,340
st_R29_M111578_S1_5,metacontig,623,961,338
st_R29_M110881_S1_9,metacontig,28,366,338
ar_R29_M10286_S1_4,metacontig,2,336,334
ar_R29_M32727_S1_2,metacontig,93,427,334
mm_R29_M1356_S1_1,metacontig,61,393,332
ar_R29_M15067_S1_33,metacontig,1443,1773,330
st_R29_M229182_S1_9,metacontig,68,398,330
ar_R29_M14461_S1_2,metacontig,54,383,329
st_R29_M444304_S1_9,metacontig,1489,1818,329
st_R29_M51733_S1_4,metacontig,2325,2651,326
st_R29_M215656_S1_4,metacontig,7,333,326
st_R29_M184729_S1_3,metacontig,77,402,325
fi_R29_M185_S1_8,metacontig,602,926,324
st_R29_M222477_S1_7,metacontig,27,347,320
mm_R29_M4692_S10_7,metacontig,24,343,319
ar_R29_M7069_S693_30,metacontig,27,346,319
ar_R29_M7069_S1399_10,metacontig,27,346,319
fi_R29_M1101_S1_4,metacontig,146,465,319
ar_R29_M5885_S2_37,metacontig,91,410,319
st_R29_M25837_S1_5,metacontig,1865,2182,317
ar_R29_M186_S1_4,metacontig,14,329,315
ar_R29_M25479_S1_7,metacontig,143,455,312
st_R29_M34625_S3_3,metacontig,16,325,309
fi_R29_M62_S2_1,metacontig,19,327,308
st_R29_M63763_S69_17,metacontig,25,329,304
ar_R29_M20621_S31_2,metacontig,990,1294,304
st_R29_M266174_S20_3,metacontig,22,325,303
st_R29_M188804_S1_2,metacontig,5,307,302
st_R29_M61834_S1_1,metacontig,9,311,302
st_R29_M393577_S1_12,metacontig,7,307,300
st_R29_M171313_S1_2,metacontig,3,302,299
st_R29_M81827_S1_8,metacontig,4,302,298
st_R29_M165046_S1_2,metacontig,102,400,298
st_R29_M72320_S1_5,metacontig,37,333,296
st_R29_M85735_S1_1,metacontig,8,304,296
st_R29_M311541_S1_1,metacontig,1,296,295
ar_R29_M26375_S3_4,metacontig,1,296,295
fu_R29_M4470_S1_14,metacontig,222,517,295
st_R29_M447804_S1_2,metacontig,56,350,294
ar_R29_M32328_S1_2,metacontig,5,298,293
ma_R29_M2919_S1_5,metacontig,126,418,292
st_R29_M102216_S1_25,metacontig,257,546,289
st_R29_M215623_S1_1,metacontig,1,289,288
st_R29_M375348_S1_2,metacontig,2,289,287
st_R29_M37982_S2_7,metacontig,35,322,287
st_R29_M314627_S1_3,metacontig,1272,1558,286
st_R29_M51347_S1_7,metacontig,212,498,286
ar_R29_M7069_S718_16,metacontig,2,286,284
st_R29_M176235_S1_3,metacontig,28,312,284
ar_R29_M19244_S1_7,metacontig,34,317,283
ar_R29_M17741_S2_4,metacontig,27,308,281
st_R29_M323759_S1_7,metacontig,20,301,281
st_R29_M298472_S2_4,metacontig,133,414,281
st_R29_M176238_S1_8,metacontig,14,292,278
st_R29_M35525_S1_20,metacontig,252,526,274
mm_R29_M6041_S3_9,metacontig,17,289,272
ar_R29_M34371_S1_7,metacontig,2,271,269
ar_R29_M19987_S1_8,metacontig,4,272,268
st_R29_M23066_S1_2,metacontig,8,275,267
st_R29_M380046_S1_1,metacontig,8,275,267
ar_R29_M7069_S54_2,metacontig,4,267,263
ar_R29_M35973_S3_1,metacontig,86,349,263
st_R29_M407194_S1_2,metacontig,57,318,261
st_R29_M81448_S2_8,metacontig,5,261,256
ar_R29_M7262_S1_20,metacontig,225,480,255
ar_R29_M9019_S1_32,metacontig,9,262,253
st_R29_M142297_S1_6,metacontig,3,255,252
st_R29_M34625_S2_2,metacontig,10,260,250
st_R29_M409631_S1_3,metacontig,7,254,247
st_R29_M55857_S1_3,metacontig,11,254,243
ar_R29_M15779_S1_2,metacontig,41,283,242
mm_R29_M7060_S1_1,metacontig,6,247,241
st_R29_M7718_S1_1,metacontig,2,241,239
mm_R29_M5040_S1_2,metacontig,1,240,239
ar_R29_M7069_S1015_1,metacontig,11,249,238
st_R29_M360102_S1_1,metacontig,2,240,238
ar_R29_M7069_S86_8,metacontig,4,240,236
st_R29_M44303_S1_6,metacontig,53,289,236
st_R29_M353682_S1_5,metacontig,51,287,236
st_R29_M432282_S1_2,metacontig,117,351,234
st_R29_M432288_S1_2,metacontig,11,244,233
st_R29_M376589_S1_2,metacontig,61,293,232
st_R29_M34647_S1_2,metacontig,26,258,232
st_R29_M51532_S1_11,metacontig,8,239,231
st_R29_M210166_S1_11,metacontig,8,237,229
st_R29_M166760_S5_1,metacontig,2,231,229
am_R29_M562_S1_10,metacontig,19,246,227
st_R29_M42915_S1_2,metacontig,169,396,227
ar_R29_M33549_S1_10,metacontig,19,245,226
ri_R29_M123_S2_5,metacontig,16,242,226
ar_R29_M22302_S3_5,metacontig,2,226,224
ar_R29_M22302_S5_2,metacontig,2,226,224
ar_R29_M7069_S1059_20,metacontig,16,240,224
fi_R29_M723_S1_2,metacontig,12,235,223
ar_R29_M34273_S4_10,metacontig,2,224,222
st_R29_M143327_S1_1,metacontig,15,236,221
st_R29_M194977_S1_2,metacontig,4,222,218
ar_R29_M1169_S1_4,metacontig,246,464,218
st_R29_M290983_S1_2,metacontig,78,296,218
st_R29_M348431_S1_1,metacontig,3,220,217
st_R29_M153312_S2_2,metacontig,70,287,217
st_R29_M251616_S1_1,metacontig,12,229,217
st_R29_M266174_S8_1,metacontig,12,229,217
st_R29_M297027_S1_7,metacontig,19,234,215
ar_R29_M21196_S1_2,metacontig,16,231,215
st_R29_M427184_S1_4,metacontig,116,331,215
ar_R29_M7069_S944_7,metacontig,6,220,214
st_R29_M63763_S43_10,metacontig,2,214,212
ar_R29_M33833_S1_14,metacontig,50,261,211
ar_R29_M5095_S5_4,metacontig,16,227,211
st_R29_M171817_S1_3,metacontig,91,302,211
st_R29_M266174_S22_5,metacontig,13,223,210
ar_R29_M26375_S6_1,metacontig,5,214,209
st_R29_M166757_S1_1,metacontig,2,211,209
st_R29_M374286_S1_2,metacontig,49,258,209
st_R29_M56311_S1_6,metacontig,44,251,207
st_R29_M10296_S1_3,metacontig,2,208,206
ar_R29_M7069_S1096_3,metacontig,1,206,205
st_R29_M333465_S1_1,metacontig,2,205,203
st_R29_M205397_S1_5,metacontig,32,235,203
st_R29_M140968_S1_3,metacontig,30,233,203
fu_R29_M1108_S1_22,metacontig,15,214,199
ar_R29_M6869_S9_1,metacontig,2,200,198
ar_R29_M2018_S1_12,metacontig,10,207,197
ar_R29_M22085_S4_1,metacontig,3,199,196
mm_R29_M2320_S1_1,metacontig,1,197,196
ar_R29_M7069_S1552_1,metacontig,12,207,195
st_R29_M66237_S1_1,metacontig,14,209,195
st_R29_M365877_S1_8,metacontig,56,250,194
st_R29_M200065_S1_2,metacontig,2,196,194
st_R29_M95730_S1_3,metacontig,11,204,193
ma_R29_M6031_S23_3,metacontig,5,197,192
st_R29_M18771_S1_3,metacontig,13,205,192
st_R29_M12579_S1_1,metacontig,13,205,192
ma_R29_M4155_S2_3,metacontig,1,191,190
ar_R29_M35822_S1_1,metacontig,2,190,188
st_R29_M1958_S1_5,metacontig,37,225,188
mm_R29_M626_S1_1,metacontig,3,189,186
mm_R29_M835_S1_2,metacontig,8,193,185
st_R29_M303610_S1_5,metacontig,71,256,185
ar_R29_M7069_S1454_1,metacontig,2,186,184
st_R29_M42614_S1_1,metacontig,3,186,183
ar_R29_M2498_S170_1,metacontig,5,188,183
st_R29_M395673_S1_1,metacontig,3,185,182
st_R29_M63763_S49_5,metacontig,351,533,182
mm_R29_M6994_S9_1,metacontig,2,181,179
st_R29_M35803_S1_9,metacontig,2,181,179
ar_R29_M32989_S1_2,metacontig,49,228,179
st_R29_M95723_S1_2,metacontig,4,182,178
ar_R29_M7069_S1549_1,metacontig,1,179,178
st_R29_M291285_S1_1,metacontig,13,190,177
ar_R29_M11663_S5_1,metacontig,4,178,174
ar_R29_M27989_S1_1,metacontig,4,178,174
sa_R29_M2996_S1_2,metacontig,12,185,173
ar_R29_M7069_S1563_2,metacontig,63,236,173
ar_R29_M24020_S1_2,metacontig,9,181,172
ar_R29_M7069_S1072_17,metacontig,83,255,172
sp_R29_M264_S1_1,metacontig,20,191,171
ar_R29_M674_S1_1,metacontig,6,176,170
ar_R29_M7340_S95_2,metacontig,1,170,169
st_R29_M335875_S1_2,metacontig,5,174,169
st_R29_M364004_S1_2,metacontig,5,174,169
st_R29_M4513_S3_2,metacontig,26,194,168
st_R29_M153973_S18_1,metacontig,27,195,168
st_R29_M440706_S1_5,metacontig,2,168,166
st_R29_M76097_S1_1,metacontig,2,168,166
st_R29_M357611_S1_4,metacontig,2,168,166
ar_R29_M4998_S1_5,metacontig,26,190,164
st_R29_M56270_S1_1,metacontig,5,169,164
ro_R29_M169_S1_1,metacontig,5,168,163
ar_R29_M4511_S1_1,metacontig,2,164,162
ar_R29_M7069_S631_4,metacontig,17,179,162
st_R29_M366294_S3_2,metacontig,8,170,162
MK279509_4,metacontig,152,314,162
st_R29_M353016_S1_1,metacontig,16,176,160
ar_R29_M18299_S6_3,metacontig,22,181,159
ar_R29_M1997_S19_3,metacontig,6,164,158
ar_R29_M34482_S13_1,metacontig,10,166,156
ar_R29_M33031_S3_2,metacontig,24,180,156
st_R29_M35083_S2_3,metacontig,159,315,156
st_R29_M23076_S4_16,metacontig,1,156,155
KP119603_4,metacontig,18,173,155
ar_R29_M33031_S2_4,metacontig,24,179,155
st_R29_M366386_S1_1,metacontig,18,172,154
ar_R29_M7069_S377_1,metacontig,15,169,154
mm_R29_M21_S1_4,metacontig,10,164,154
sa_R29_M2203_S1_1,metacontig,1,154,153
st_R29_M216659_S1_14,metacontig,13,166,153
ar_R29_M35537_S2_1,metacontig,1,154,153
ar_R29_M40549_S1_16,metacontig,6,157,151
ar_R29_M27382_S1_1,metacontig,4,155,151
mm_R29_M5850_S1_10,metacontig,10,161,151
ar_R29_M43884_S2_3,metacontig,4,154,150
ar_R29_M7069_S920_4,metacontig,2,152,150
mm_R29_M5135_S1_2,metacontig,12,161,149
ar_R29_M42024_S4_1,metacontig,11,159,148
ar_R29_M7069_S1285_1,metacontig,9,157,148
st_R29_M24827_S1_4,metacontig,4,152,148
st_R29_M400073_S1_2,metacontig,4,152,148
st_R29_M122939_S1_1,metacontig,1,148,147
mm_R29_M6994_S2_4,metacontig,2,147,145
ar_R29_M26375_S5_1,metacontig,2,147,145
st_R29_M251618_S1_5,metacontig,26,171,145
st_R29_M152365_S1_3,metacontig,14,159,145
st_R29_M61442_S1_2,metacontig,87,232,145
ar_R29_M39377_S4_1,metacontig,1,145,144
ar_R29_M6392_S1_7,metacontig,6,150,144
ar_R29_M7069_S139_8,metacontig,25,169,144
ar_R29_M7069_S472_6,metacontig,2,145,143
ar_R29_M9755_S1_2,metacontig,14,157,143
st_R29_M109026_S1_1,metacontig,71,214,143
st_R29_M71822_S1_5,metacontig,348,491,143
ar_R29_M6172_S1_3,metacontig,22,165,143
ar_R29_M7069_S1326_1,metacontig,74,217,143
st_R29_M100327_S1_1,metacontig,30,172,142
st_R29_M76175_S1_1,metacontig,38,180,142
st_R29_M407247_S1_3,metacontig,344,486,142
st_R29_M63763_S44_5,metacontig,348,490,142
ar_R29_M6172_S2_2,metacontig,22,164,142
st_R29_M52895_S2_4,metacontig,18,160,142
ar_R29_M39136_S1_4,metacontig,2,143,141
st_R29_M87724_S2_2,metacontig,4,145,141
ar_R29_M7069_S1562_1,metacontig,2,143,141
st_R29_M47357_S5_2,metacontig,9,149,140
ar_R29_M2771_S2_2,metacontig,11,151,140
ar_R29_M5095_S4_6,metacontig,16,156,140
st_R29_M152553_S3_2,metacontig,91,230,139
st_R29_M294726_S1_1,metacontig,13,151,138
ar_R29_M21022_S1_4,metacontig,2,140,138
st_R29_M17313_S19_1,metacontig,3,140,137
st_R29_M360161_S1_2,metacontig,3,140,137
ar_R29_M37600_S1_7,metacontig,8,144,136
ar_R29_M7069_S1135_4,metacontig,1,137,136
ar_R29_M34070_S2_1,metacontig,19,155,136
ar_R29_M34273_S2_13,metacontig,4,140,136
ar_R29_M7069_S39_7,metacontig,3,139,136
ar_R29_M7069_S1224_2,metacontig,2,137,135
st_R29_M24938_S1_16,metacontig,1,136,135
ar_R29_M235_S2_3,metacontig,11,145,134
ar_R29_M34371_S11_6,metacontig,3,136,133
ar_R29_M7069_S1080_1,metacontig,4,137,133
st_R29_M373242_S1_2,metacontig,59,192,133
st_R29_M109257_S1_2,metacontig,1,133,132
st_R29_M109307_S1_3,metacontig,1,133,132
st_R29_M75590_S1_1,metacontig,1,133,132
st_R29_M86732_S1_2,metacontig,1,133,132
ar_R29_M13945_S2_1,metacontig,6,138,132
st_R29_M41809_S1_1,metacontig,20,151,131
st_R29_M135116_S1_1,metacontig,3,133,130
st_R29_M324576_S1_1,metacontig,2,131,129
ar_R29_M26375_S4_1,metacontig,2,130,128
ar_R29_M7069_S1175_2,metacontig,1,129,128
ar_R29_M10292_S2_1,metacontig,3,131,128
st_R29_M323078_S1_1,metacontig,3,131,128
st_R29_M63763_S36_6,metacontig,29,157,128
st_R29_M235421_S1_1,metacontig,30,157,127
ar_R29_M7094_S2_3,metacontig,4,131,127
st_R29_M110297_S2_1,metacontig,8,135,127
ar_R29_M1629_S3_5,metacontig,2,128,126
st_R29_M2914_S2_1,metacontig,3,129,126
ar_R29_M8632_S13_7,metacontig,4,129,125
st_R29_M117863_S1_3,metacontig,4,129,125
st_R29_M81816_S1_3,metacontig,2,127,125
al_R29_M314_S1_2,metacontig,10,134,124
st_R29_M359638_S1_5,metacontig,34,158,124
sp_R29_M264_S2_1,metacontig,19,142,123
st_R29_M310957_S1_1,metacontig,6,129,123
st_R29_M355508_S17_1,metacontig,8,130,122
st_R29_M259515_S1_2,metacontig,3,125,122
ar_R29_M8632_S12_7,metacontig,15,137,122
ar_R29_M8632_S15_3,metacontig,15,137,122
ar_R29_M30423_S2_1,metacontig,4,126,122
st_R29_M238168_S1_1,metacontig,10,132,122
st_R29_M407245_S1_11,metacontig,8,129,121
ar_R29_M7069_S1575_1,metacontig,2,123,121
st_R29_M273927_S1_2,metacontig,1,122,121
st_R29_M424320_S1_2,metacontig,2,123,121
st_R29_M63215_S1_5,metacontig,2,123,121
mm_R29_M6041_S11_1,metacontig,7,127,120
st_R29_M90026_S3_1,metacontig,2,122,120
st_R29_M56310_S1_1,metacontig,2,122,120
st_R29_M133001_S1_3,metacontig,3,123,120
ar_R29_M25951_S1_2,metacontig,5,125,120
ar_R29_M7574_S1_12,metacontig,1,120,119
ar_R29_M7069_S91_4,metacontig,13,132,119
ar_R29_M7069_S1177_4,metacontig,41,160,119
st_R29_M6369_S1_12,metacontig,13,132,119
ar_R29_M11152_S1_1,metacontig,2,121,119
st_R29_M97545_S1_1,metacontig,1,119,118
st_R29_M110257_S1_2,metacontig,11,129,118
ar_R29_M7069_S1035_1,metacontig,14,132,118
ar_R29_M7069_S1060_1,metacontig,14,132,118
ar_R29_M7069_S1185_2,metacontig,14,132,118
ar_R29_M7069_S36_6,metacontig,14,132,118
ar_R29_M7069_S43_2,metacontig,14,132,118
ar_R29_M7069_S1133_1,metacontig,14,132,118
ar_R29_M7069_S1149_2,metacontig,14,132,118
ar_R29_M7069_S1299_1,metacontig,14,132,118
ar_R29_M7069_S1514_1,metacontig,14,132,118
ar_R29_M7069_S791_1,metacontig,14,132,118
ar_R29_M7069_S1202_1,metacontig,14,132,118
st_R29_M222558_S1_4,metacontig,1,119,118
ar_R29_M7069_S1538_1,metacontig,22,140,118
st_R29_M89460_S1_3,metacontig,3,121,118
st_R29_M100328_S2_3,metacontig,1,118,117
st_R29_M19044_S1_4,metacontig,2,119,117
mm_R29_M6978_S2_1,metacontig,2,119,117
st_R29_M276870_S1_1,metacontig,2,118,116
st_R29_M69020_S1_1,metacontig,1,117,116
ar_R29_M13941_S1_4,metacontig,1,117,116
fi_R29_M1752_S2_1,metacontig,14,130,116
ar_R29_M34868_S1_1,metacontig,3,119,116
st_R29_M129741_S1_1,metacontig,3,119,116
ar_R29_M12875_S2_3,metacontig,1,116,115
ar_R29_M19715_S1_2,metacontig,1,116,115
st_R29_M22448_S1_1,metacontig,8,123,115
ar_R29_M7069_S1036_3,metacontig,4,119,115
st_R29_M2604_S1_1,metacontig,6,121,115
st_R29_M311673_S1_9,metacontig,6,121,115
ar_R29_M25327_S1_4,metacontig,11,126,115
st_R29_M144853_S1_1,metacontig,31,146,115
ar_R29_M1629_S8_1,metacontig,3,117,114
ar_R29_M7069_S855_4,metacontig,3,117,114
st_R29_M328477_S1_5,metacontig,2,116,114
fi_R29_M31_S2_2,metacontig,191,305,114
st_R29_M55993_S2_7,metacontig,1,114,113
st_R29_M55993_S3_2,metacontig,1,114,113
mm_R29_M5793_S67_1,metacontig,1,114,113
mm_R29_M6823_S1_1,metacontig,1,114,113
st_R29_M15039_S1_2,metacontig,49,162,113
ar_R29_M36720_S1_7,metacontig,13,126,113
ar_R29_M2145_S2_1,metacontig,1,113,112
st_R29_M56556_S1_1,metacontig,2,114,112
ar_R29_M7069_S1390_1,metacontig,1,113,112
ar_R29_M7340_S94_1,metacontig,4,116,112
ar_R29_M20131_S1_2,metacontig,9,120,111
st_R29_M317842_S1_2,metacontig,42,153,111
ar_R29_M33238_S1_2,metacontig,17,128,111
st_R29_M185797_S1_2,metacontig,8,119,111
ar_R29_M7069_S19_7,metacontig,3,113,110
st_R29_M1570_S1_3,metacontig,12,122,110
ar_R29_M7069_S1041_3,metacontig,6,116,110
ar_R29_M23603_S1_1,metacontig,2,112,110
st_R29_M10066_S1_1,metacontig,3,113,110
st_R29_M102489_S1_2,metacontig,42,151,109
ar_R29_M7069_S1310_1,metacontig,6,115,109
ar_R29_M7069_S1440_1,metacontig,22,130,108
sa_R29_M40_S3_1,metacontig,1,109,108
st_R29_M16388_S1_6,metacontig,4,112,108
st_R29_M110257_S2_1,metacontig,3,111,108
st_R29_M37690_S2_3,metacontig,278,386,108
ma_R29_M3376_S11_1,metacontig,25,132,107
ar_R29_M4820_S1_2,metacontig,15,122,107
st_R29_M89478_S1_1,metacontig,3,110,107
st_R29_M239012_S1_5,metacontig,3,110,107
st_R29_M111180_S18_2,metacontig,13,120,107
st_R29_M111229_S1_2,metacontig,13,120,107
st_R29_M400421_S1_2,metacontig,13,120,107
st_R29_M59981_S2_1,metacontig,30,137,107
ar_R29_M5095_S1_9,metacontig,2,108,106
ar_R29_M7069_S1200_3,metacontig,2,108,106
ar_R29_M8632_S11_4,metacontig,1,107,106
st_R29_M86455_S1_1,metacontig,17,123,106
st_R29_M173505_S2_2,metacontig,12,118,106
ar_R29_M7069_S1319_1,metacontig,41,147,106
ar_R29_M7069_S711_8,metacontig,1,106,105
st_R29_M314685_S1_1,metacontig,2,107,105
al_R29_M867_S1_1,metacontig,4,109,105
al_R29_M304_S2_2,metacontig,8,112,104
ar_R29_M7574_S16_1,metacontig,13,117,104
st_R29_M445960_S1_1,metacontig,1,105,104
st_R29_M9017_S1_2,metacontig,10,114,104
st_R29_M299198_S1_1,metacontig,60,164,104
st_R29_M430594_S1_1,metacontig,33,137,104
ar_R29_M28196_S1_6,metacontig,1,104,103
mm_R29_M1937_S1_1,metacontig,1,104,103
st_R29_M204928_S1_2,metacontig,10,113,103
ar_R29_M21554_S1_6,metacontig,11,114,103
st_R29_M114012_S2_2,metacontig,2,104,102
st_R29_M2925_S2_2,metacontig,14,116,102
st_R29_M239891_S1_1,metacontig,19,121,102
st_R29_M310904_S1_7,metacontig,8,110,102
mm_R29_M4544_S1_8,metacontig,2,103,101
ar_R29_M4190_S1_1,metacontig,1,102,101
st_R29_M367876_S1_2,metacontig,4,105,101
st_R29_M117863_S2_3,metacontig,1,102,101
st_R29_M59954_S1_4,metacontig,1,102,101
mm_R29_M6291_S3_4,metacontig,4,105,101
ar_R29_M20612_S1_2,metacontig,4,105,101
st_R29_M446394_S1_1,metacontig,4,105,101
ar_R29_M8632_S16_5,metacontig,23,123,100
st_R29_M57531_S1_1,metacontig,6,106,100
st_R29_M111180_S1_4,metacontig,20,120,100
ar_R29_M7069_S517_9,metacontig,12,112,100
st_R29_M77381_S8_1,metacontig,9,109,100
ar_R29_M7069_S973_2,metacontig,2,101,99
mm_R29_M6147_S3_1,metacontig,8,107,99
ar_R29_M7069_S1420_1,metacontig,1,100,99
st_R29_M30497_S1_11,metacontig,7,106,99
st_R29_M393036_S1_1,metacontig,4,103,99
ar_R29_M35636_S1_1,metacontig,20,119,99
st_R29_M110881_S2_1,metacontig,39,138,99
st_R29_M54490_S3_2,metacontig,17,115,98
st_R29_M25437_S1_25,metacontig,3,101,98
st_R29_M100328_S3_1,metacontig,25,123,98
ar_R29_M7069_S1123_2,metacontig,3,101,98
ar_R29_M34424_S1_9,metacontig,46,144,98
ar_R29_M1629_S9_1,metacontig,2,99,97
ar_R29_M5885_S7_1,metacontig,4,101,97
ar_R29_M9019_S3_15,metacontig,78,175,97
NC_037661_3,metacontig,11,108,97
ex_R29_M30_S2_3,metacontig,3,100,97
ar_R29_M5885_S5_3,metacontig,1,98,97
st_R29_M303601_S1_5,metacontig,9,106,97
st_R29_M20153_S1_2,metacontig,4,100,96
ar_R29_M34482_S12_2,metacontig,12,108,96
ar_R29_M2498_S3_17,metacontig,6,102,96
ar_R29_M2498_S28_5,metacontig,6,102,96
st_R29_M166617_S1_6,metacontig,7,103,96
ex_R29_M30_S15_5,metacontig,15,111,96
st_R29_M449088_S1_1,metacontig,6,102,96
ar_R29_M7069_S1433_3,metacontig,4,100,96
st_R29_M33233_S7_2,metacontig,45,141,96
st_R29_M33233_S8_2,metacontig,45,141,96
ar_R29_M7069_S882_2,metacontig,2,97,95
ar_R29_M7069_S166_7,metacontig,8,103,95
ar_R29_M20300_S1_1,metacontig,1,96,95
ar_R29_M7069_S1472_1,metacontig,2,97,95
ar_R29_M21372_S1_2,metacontig,34,129,95
ar_R29_M32133_S2_2,metacontig,5,100,95
st_R29_M51407_S1_3,metacontig,16,110,94
ar_R29_M15698_S4_2,metacontig,16,110,94
st_R29_M28614_S1_3,metacontig,16,110,94
fi_R29_M1196_S2_1,metacontig,2,96,94
st_R29_M402495_S1_1,metacontig,7,101,94
ar_R29_M25194_S1_1,metacontig,3,97,94
ar_R29_M30289_S1_3,metacontig,9,102,93
ar_R29_M7069_S398_2,metacontig,25,118,93
ar_R29_M26841_S3_2,metacontig,19,112,93
ar_R29_M7069_S1553_1,metacontig,15,108,93
ar_R29_M26841_S1_1,metacontig,19,112,93
ar_R29_M26841_S11_1,metacontig,19,112,93
ar_R29_M26841_S5_5,metacontig,19,112,93
ar_R29_M29385_S1_3,metacontig,72,165,93
st_R29_M82570_S1_1,metacontig,5,97,92
st_R29_M9921_S10_2,metacontig,56,148,92
ar_R29_M32133_S1_2,metacontig,8,100,92
ar_R29_M7069_S1262_1,metacontig,96,188,92
st_R29_M324368_S1_1,metacontig,5,96,91
st_R29_M121767_S1_2,metacontig,3,94,91
ar_R29_M12407_S1_7,metacontig,11,102,91
ar_R29_M26841_S6_1,metacontig,21,112,91
st_R29_M375302_S2_3,metacontig,5,96,91
st_R29_M375302_S4_3,metacontig,5,96,91
st_R29_M23316_S1_1,metacontig,22,113,91
st_R29_M55796_S1_4,metacontig,22,113,91
st_R29_M55804_S1_7,metacontig,22,113,91
mm_R29_M4692_S13_1,metacontig,30,121,91
al_R29_M756_S1_2,metacontig,9,99,90
st_R29_M90081_S1_2,metacontig,88,178,90
ar_R29_M42071_S1_9,metacontig,35,125,90
ar_R29_M7069_S1506_4,metacontig,10,100,90
st_R29_M120409_S1_3,metacontig,12,101,89
ar_R29_M5754_S1_1,metacontig,23,112,89
st_R29_M277182_S1_6,metacontig,3,92,89
st_R29_M110594_S1_1,metacontig,23,112,89
am_R29_M3_S19_1,metacontig,46,135,89
st_R29_M174880_S1_3,metacontig,16,105,89
fi_R29_M218_S14_4,metacontig,4,93,89
mm_R29_M5793_S66_1,metacontig,26,115,89
ar_R29_M23604_S1_1,metacontig,22,110,88
ar_R29_M7069_S1347_1,metacontig,23,111,88
st_R29_M18167_S1_1,metacontig,16,104,88
st_R29_M301340_S1_1,metacontig,19,106,87
st_R29_M112169_S1_1,metacontig,8,95,87
st_R29_M54934_S1_2,metacontig,8,95,87
st_R29_M64249_S2_2,metacontig,8,95,87
st_R29_M23064_S1_1,metacontig,13,100,87
ar_R29_M7069_S1295_2,metacontig,116,203,87
st_R29_M23076_S1_9,metacontig,15,102,87
st_R29_M23076_S2_4,metacontig,15,102,87
st_R29_M73856_S1_1,metacontig,9,95,86
ar_R29_M22900_S1_1,metacontig,1,87,86
st_R29_M232111_S1_10,metacontig,1,87,86
st_R29_M401590_S1_1,metacontig,16,102,86
st_R29_M317491_S32_2,metacontig,22,107,85
st_R29_M405487_S1_1,metacontig,1,86,85
st_R29_M34394_S1_5,metacontig,19,104,85
st_R29_M132429_S1_6,metacontig,12,96,84
ar_R29_M9528_S1_6,metacontig,15,99,84
ar_R29_M31148_S1_2,metacontig,202,286,84
st_R29_M363400_S1_2,metacontig,13,97,84
st_R29_M54490_S1_1,metacontig,13,97,84
st_R29_M76173_S1_1,metacontig,13,97,84
st_R29_M63763_S25_3,metacontig,13,97,84
fi_R29_M151_S1_1,metacontig,4,88,84
st_R29_M89477_S1_2,metacontig,33,116,83
st_R29_M164702_S1_1,metacontig,10,93,83
st_R29_M10782_S1_2,metacontig,3,86,83
ma_R29_M1171_S3_1,metacontig,7,90,83
st_R29_M374341_S1_3,metacontig,33,115,82
ri_R29_M10_S1_1,metacontig,21,102,81
st_R29_M244486_S1_1,metacontig,2,83,81
st_R29_M317491_S33_3,metacontig,21,101,80
st_R29_M317491_S34_3,metacontig,21,101,80
st_R29_M364398_S1_2,metacontig,59,139,80
st_R29_M375279_S1_1,metacontig,68,148,80
st_R29_M184814_S1_1,metacontig,49,129,80
st_R29_M24464_S1_2,metacontig,117,197,80
ar_R29_M349_S3_5,metacontig,1,81,80
ar_R29_M30599_S1_3,metacontig,90,170,80
ex_R29_M30_S10_2,metacontig,9,88,79
st_R29_M111298_S1_2,metacontig,36,115,79
st_R29_M126960_S1_1,metacontig,36,115,79
st_R29_M256897_S1_2,metacontig,36,115,79
st_R29_M355508_S14_2,metacontig,36,115,79
st_R29_M355508_S9_2,metacontig,36,115,79
st_R29_M71532_S1_1,metacontig,31,110,79
st_R29_M310276_S1_1,metacontig,50,129,79
ar_R29_M7069_S990_15,metacontig,28,107,79
st_R29_M39036_S1_2,metacontig,25,103,78
mm_R29_M5793_S68_1,metacontig,22,99,77
st_R29_M298724_S1_1,metacontig,3,80,77
st_R29_M111896_S1_1,metacontig,24,101,77
ar_R29_M32272_S1_2,metacontig,12,89,77
ar_R29_M36735_S1_4,metacontig,109,183,74
st_R29_M156791_S1_2,metacontig,45,118,73
st_R29_M406285_S1_5,metacontig,70,143,73
st_R29_M192664_S1_5,metacontig,99,172,73
KT879931_5,metacontig,3,75,72
ar_R29_M31759_S1_1,metacontig,26,98,72
fu_R29_M2253_S1_1,metacontig,32,103,71
ar_R29_M7069_S1217_5,metacontig,30,101,71
st_R29_M10661_S5_6,metacontig,42,112,70
st_R29_M180876_S1_3,metacontig,23,93,70
st_R29_M221504_S1_1,metacontig,23,93,70
st_R29_M90392_S1_1,metacontig,83,152,69
st_R29_M71582_S2_1,metacontig,8,77,69
st_R29_M427182_S1_2,metacontig,6,74,68
fi_R29_M1261_S1_8,metacontig,67,135,68
st_R29_M120417_S1_3,metacontig,14,81,67
ar_R29_M41010_S1_7,metacontig,18,85,67
ar_R29_M31041_S1_4,metacontig,92,159,67
st_R29_M349252_S1_5,metacontig,3,70,67
st_R29_M314138_S2_1,metacontig,32,98,66
st_R29_M416613_S1_1,metacontig,68,134,66
mm_R29_M6152_S4_1,metacontig,35,100,65
ar_R29_M7069_S900_3,metacontig,20,85,65
st_R29_M4505_S57_2,metacontig,19,84,65
fu_R29_M3879_S1_26,metacontig,11,75,64
st_R29_M67655_S1_2,metacontig,7,71,64
ar_R29_M7069_S976_3,metacontig,24,87,63
st_R29_M57488_S1_2,metacontig,3,66,63
mm_R29_M5793_S79_1,metacontig,8,69,61
st_R29_M331691_S4_3,metacontig,91,152,61
ar_R29_M349_S5_1,metacontig,18,78,60
st_R29_M449070_S1_1,metacontig,9,69,60
st_R29_M104820_S1_1,metacontig,40,100,60
ma_R29_M2657_S1_1,metacontig,18,77,59
ar_R29_M7069_S942_2,metacontig,6,65,59
st_R29_M317151_S1_2,metacontig,22,80,58
ar_R29_M7069_S1592_3,metacontig,73,131,58
st_R29_M69157_S1_2,metacontig,18,76,58
st_R29_M25822_S1_18,metacontig,35,93,58
st_R29_M145169_S1_2,metacontig,81,136,55
st_R29_M33332_S1_8,metacontig,47,101,54
mm_R29_M5793_S74_1,metacontig,15,68,53
st_R29_M33294_S1_1,metacontig,63,116,53
st_R29_M113993_S8_2,metacontig,41,94,53
fu_R29_M1651_S1_3,metacontig,10,62,52
st_R29_M209748_S2_4,metacontig,40,90,50
st_R29_M449071_S1_1,metacontig,25,75,50
ar_R29_M36350_S5_1,metacontig,9,59,50
ar_R29_M39607_S1_8,metacontig,3,53,50
mm_R29_M5793_S61_7,metacontig,76,126,50
st_R29_M406284_S1_7,metacontig,2,51,49
st_R29_M102001_S1_2,metacontig,29,78,49
ar_R29_M34124_S1_4,metacontig,10,58,48
st_R29_M424589_S1_1,metacontig,9,57,48
st_R29_M133146_S1_3,metacontig,72,120,48
fi_R29_M218_S6_2,metacontig,23,70,47
st_R29_M216648_S3_8,metacontig,112,159,47
st_R29_M21143_S1_13,metacontig,50,96,46
mm_R29_M5793_S63_5,metacontig,38,84,46
ar_R29_M28680_S1_1,metacontig,63,109,46
st_R29_M82591_S1_2,metacontig,69,115,46
ma_R29_M163_S42_1,metacontig,152,197,45
ar_R29_M8061_S3_2,metacontig,32,77,45
ar_R29_M8061_S1_25,metacontig,32,77,45
fi_R29_M218_S4_1,metacontig,16,60,44
st_R29_M449069_S1_2,metacontig,51,93,42
ma_R29_M4004_S35_5,metacontig,58,99,41
mm_R29_M3502_S1_1,metacontig,32,73,41
st_R29_M89847_S1_3,metacontig,31,72,41
st_R29_M298718_S1_1,metacontig,66,107,41
st_R29_M233680_S1_4,metacontig,17,56,39
st_R29_M2770_S1_7,metacontig,16,55,39
st_R29_M449080_S1_5,metacontig,14,53,39
ar_R29_M19625_S1_3,metacontig,160,199,39
st_R29_M89820_S1_1,metacontig,37,75,38
st_R29_M449086_S1_2,metacontig,20,58,38
mm_R29_M1480_S1_6,metacontig,94,131,37
st_R29_M21120_S1_2,metacontig,73,110,37
mm_R29_M1166_S1_1,metacontig,19,55,36
mm_R29_M4661_S1_1,metacontig,20,56,36
mm_R29_M7432_S8_5,metacontig,79,114,35
mm_R29_M598_S2_2,metacontig,70,105,35
st_R29_M28777_S1_11,metacontig,77,112,35
st_R29_M21146_S1_1,metacontig,48,82,34
st_R29_M297554_S1_2,metacontig,24,58,34
st_R29_M377130_S1_3,metacontig,24,58,34
st_R29_M377140_S23_2,metacontig,24,58,34
st_R29_M377140_S3_7,metacontig,24,58,34
st_R29_M377140_S2_4,metacontig,24,58,34
st_R29_M355568_S1_1,metacontig,18,52,34
st_R29_M449068_S1_4,metacontig,38,72,34
st_R29_M55996_S1_7,metacontig,102,135,33
st_R29_M33335_S1_11,metacontig,219,251,32
mm_R29_M5793_S75_2,metacontig,62,94,32
mm_R29_M598_S4_1,metacontig,30,61,31
st_R29_M131832_S1_8,metacontig,63,93,30
st_R29_M313674_S1_1,metacontig,21,51,30
ar_R29_M43769_S1_1,metacontig,1,30,29
ma_R29_M4004_S38_1,metacontig,58,87,29
st_R29_M126997_S1_2,metacontig,161,190,29
mm_R29_M4814_S2_2,metacontig,49,76,27
ar_R29_M36350_S4_1,metacontig,63,90,27
st_R29_M180873_S1_15,metacontig,65,92,27
st_R29_M82595_S1_1,metacontig,40,66,26
st_R29_M21109_S1_1,metacontig,28,53,25
mm_R29_M5793_S73_1,metacontig,29,53,24
fi_R29_M218_S10_3,metacontig,2,26,24
mm_R29_M4661_S2_2,metacontig,77,100,23
st_R29_M82594_S1_2,metacontig,5,27,22
st_R29_M298734_S1_1,metacontig,64,85,21
am_R29_M160_S1_9,metacontig,40,477,437
ar_R29_M20147_S1_4,metacontig,209,626,417
st_R29_M129835_S1_3,metacontig,31,499,468
ar_R29_M22212_S1_9,metacontig,16,561,545
st_R29_M152410_S1_8,metacontig,175,625,450
ar_R29_M40789_S1_8,metacontig,203,621,418
st_R29_M387596_S1_2,metacontig,41,513,472
st_R29_M153227_S1_6,metacontig,179,629,450
st_R29_M140827_S1_6,metacontig,48,509,461
ma_R29_M1927_S1_2,metacontig,33,493,460
MN734257_4,metacontig,31,499,468
sa_R29_M2949_S1_2,metacontig,30,498,468
st_R29_M426065_S1_3,metacontig,50,505,455
ma_R29_M6555_S1_10,metacontig,50,497,447
MK604923_2,metacontig,36,501,465
ar_R29_M22778_S1_3,metacontig,63,489,426
st_R29_M133478_S1_7,metacontig,29,498,469
JX879088_2,metacontig,35,505,470
KY264755_2,metacontig,36,497,461
st_R29_M167087_S1_3,metacontig,48,494,446
st_R29_M188994_S1_3,metacontig,49,490,441
ar_R29_M17314_S1_11,metacontig,294,676,382
st_R29_M210516_S1_2,metacontig,32,502,470
MT482482_4,metacontig,251,629,378
st_R29_M66633_S1_2,metacontig,47,510,463
AY122286_2,metacontig,36,501,465
st_R29_M448972_S1_2,metacontig,48,533,485
ar_R29_M33074_S1_11,metacontig,283,662,379
ma_R29_M2167_S1_2,metacontig,52,514,462
ar_R29_M29291_S1_2,metacontig,271,686,415
NC_004366_2,metacontig,96,552,456
NC_009533_2,metacontig,44,499,455
sa_R29_M876_S1_5,metacontig,28,487,459
MH267699_5,metacontig,283,661,378
st_R29_M409748_S1_3,metacontig,209,605,396
ar_R29_M21948_S1_2,metacontig,66,441,375
LC487707_2,metacontig,32,499,467
NC_027710_3,metacontig,55,503,448
ar_R29_M9789_S1_2,metacontig,34,456,422
st_R29_M360468_S1_5,metacontig,45,497,452
st_R29_M321001_S1_2,metacontig,40,509,469
st_R29_M389615_S1_3,metacontig,32,502,470
sa_R29_M190_S1_2,metacontig,27,513,486
MT225089_2,metacontig,53,533,480
NC_024808_2,metacontig,55,519,464
st_R29_M165673_S1_4,metacontig,44,495,451
LT615232_2,metacontig,56,504,448
st_R29_M360119_S1_2,metacontig,264,638,374
KX216406_3,metacontig,95,540,445
ar_R29_M32755_S1_3,metacontig,41,477,436
ar_R29_M36244_S1_4,metacontig,238,617,379
MH267700_5,metacontig,290,665,375
NC_035452_2,metacontig,44,497,453
mm_R29_M6634_S1_13,metacontig,48,497,449
ar_R29_M42977_S1_8,metacontig,179,660,481
st_R29_M12590_S1_8,metacontig,170,583,413
ar_R29_M16775_S1_12,metacontig,234,612,378
st_R29_M348410_S1_5,metacontig,61,523,462
sa_R29_M2117_S1_2,metacontig,40,495,455
NC_005985_2,metacontig,41,505,464
ar_R29_M9514_S1_4,metacontig,69,446,377
al_R29_M31_S1_5,metacontig,36,500,464
st_R29_M123032_S1_7,metacontig,43,544,501
st_R29_M25041_S1_6,metacontig,44,503,459
st_R29_M320835_S1_10,metacontig,76,566,490
st_R29_M294713_S1_6,metacontig,47,501,454
st_R29_M140836_S1_6,metacontig,46,539,493
st_R29_M181171_S1_2,metacontig,39,501,462
ar_R29_M30489_S1_5,metacontig,237,617,380
NC_020415_4,metacontig,45,503,458
ar_R29_M13140_S1_9,metacontig,283,662,379
st_R29_M133570_S1_5,metacontig,31,436,405
st_R29_M442495_S1_7,metacontig,57,505,448
sa_R29_M2935_S1_4,metacontig,47,495,448
st_R29_M25047_S1_3,metacontig,46,503,457
ar_R29_M6573_S1_4,metacontig,214,637,423
st_R29_M288755_S1_5,metacontig,166,581,415
st_R29_M35141_S1_2,metacontig,34,497,463
MG646922_2,metacontig,88,567,479
MN729619_2,metacontig,46,495,449
MN728812_4,metacontig,156,581,425
ar_R29_M39463_S1_10,metacontig,14,470,456
mm_R29_M3812_S1_3,metacontig,45,496,451
ar_R29_M41157_S1_2,metacontig,41,467,426
KC166239_2,metacontig,47,503,456
MT227163_2,metacontig,46,504,458
MF125267_3,metacontig,47,504,457
ar_R29_M34294_S1_3,metacontig,41,490,449
MN734256_2,metacontig,49,495,446
st_R29_M430114_S1_3,metacontig,51,543,492
NC_009017_2,metacontig,33,495,462
ar_R29_M13622_S1_2,metacontig,105,484,379
ma_R29_M3272_S1_7,metacontig,33,497,464
st_R29_M412357_S1_3,metacontig,156,581,425
AJ811998_2,metacontig,27,500,473
LC314589_2,metacontig,33,501,468
NC_001726_2,metacontig,74,521,447
JQ807998_2,metacontig,44,507,463
ar_R29_M10307_S1_3,metacontig,63,494,431
GQ221829_3,metacontig,47,501,454
mm_R29_M6520_S1_7,metacontig,41,488,447
LC434068_3,metacontig,77,529,452
ar_R29_M23947_S1_5,metacontig,173,571,398
sa_R29_M232_S1_3,metacontig,70,512,442
st_R29_M171824_S1_4,metacontig,22,424,402
ar_R29_M20064_S1_7,metacontig,126,538,412
MK301398_2,metacontig,44,501,457
sa_R29_M2107_S1_5,metacontig,26,509,483
NC_002187_2,metacontig,44,489,445
sa_R29_M539_S1_12,metacontig,47,484,437
st_R29_M153221_S1_5,metacontig,247,663,416
NC_007733_2,metacontig,39,496,457
ar_R29_M13881_S1_3,metacontig,37,473,436
ma_R29_M5731_S1_2,metacontig,145,557,412
ma_R29_M6304_S1_3,metacontig,38,493,455
sa_R29_M1083_S1_2,metacontig,30,509,479
st_R29_M122056_S1_2,metacontig,44,500,456
NC_003603_2,metacontig,53,513,460
NC_022895_2,metacontig,49,494,445
st_R29_M133482_S1_2,metacontig,40,508,468
ar_R29_M12283_S1_3,metacontig,47,480,433
st_R29_M153531_S1_2,metacontig,47,501,454
MF991300_2,metacontig,45,500,455
NC_034243_3,metacontig,62,517,455
NC_003633_2,metacontig,33,516,483
st_R29_M229538_S1_6,metacontig,25,521,496
st_R29_M416595_S1_3,metacontig,47,504,457
mm_R29_M2473_S1_2,metacontig,113,564,451
ar_R29_M41238_S1_4,metacontig,327,745,418
st_R29_M355135_S1_3,metacontig,175,556,381
NC_005286_2,metacontig,38,494,456
NC_014967_2,metacontig,43,499,456
mm_R29_M4832_S1_7,metacontig,50,501,451
st_R29_M38839_S7_3,metacontig,33,498,465
NC_029900_2,metacontig,37,501,464
NC_001780_3,metacontig,39,500,461
sa_R29_M1452_S1_5,metacontig,29,513,484
sa_R29_M2573_S1_6,metacontig,96,535,439
sa_R29_M987_S1_4,metacontig,31,515,484
fu_R29_M4780_S1_2,metacontig,47,516,469
st_R29_M396508_S1_4,metacontig,162,590,428
st_R29_M402094_S1_2,metacontig,44,486,442
st_R29_M257228_S1_1,metacontig,44,501,457
NC_005287_2,metacontig,44,499,455
LC171345_2,metacontig,40,496,456
st_R29_M140969_S1_1,metacontig,40,542,502
MH922775_2,metacontig,72,534,462
NC_001600_3,metacontig,45,501,456
st_R29_M260263_S1_9,metacontig,48,497,449
st_R29_M373298_S1_2,metacontig,47,502,455
NC_006939_3,metacontig,46,501,455
AY312063_2,metacontig,44,501,457
st_R29_M122925_S1_3,metacontig,39,545,506
ar_R29_M31789_S1_2,metacontig,48,506,458
ar_R29_M14930_S1_3,metacontig,53,493,440
st_R29_M388933_S1_15,metacontig,56,516,460
ma_R29_M5322_S1_2,metacontig,298,728,430
MG967280_2,metacontig,48,497,449
mm_R29_M7455_S1_9,metacontig,47,511,464
st_R29_M269745_S1_5,metacontig,42,509,467
st_R29_M269704_S1_2,metacontig,47,541,494
LC564887_2,metacontig,44,502,458
st_R29_M120043_S1_1,metacontig,47,498,451
ar_R29_M9846_S1_3,metacontig,267,660,393
sa_R29_M2683_S1_8,metacontig,48,478,430
ma_R29_M6332_S1_9,metacontig,43,473,430
st_R29_M423076_S1_4,metacontig,41,596,555
st_R29_M25012_S1_3,metacontig,48,500,452
mm_R29_M6904_S1_2,metacontig,41,501,460
ar_R29_M228_S2_2,metacontig,106,542,436
ar_R29_M37490_S1_2,metacontig,3770,4337,567
st_R29_M38839_S17_3,metacontig,26,484,458
sa_R29_M2601_S1_11,metacontig,32,484,452
MK279671_3,metacontig,42,496,454
ar_R29_M20355_S1_2,metacontig,47,486,439
st_R29_M449043_S1_1,metacontig,23,471,448
st_R29_M38839_S8_4,metacontig,38,494,456
NC_026239_2,metacontig,43,501,458
MN723593_4,metacontig,56,511,455
mm_R29_M7791_S1_9,metacontig,43,508,465
ar_R29_M25893_S1_3,metacontig,243,677,434
mm_R29_M2181_S1_10,metacontig,47,484,437
NC_023339_2,metacontig,45,502,457
al_R29_M386_S1_3,metacontig,45,496,451
DQ227315_2,metacontig,39,494,455
AJ243370_2,metacontig,49,500,451
sa_R29_M551_S1_1,metacontig,32,427,395
sa_R29_M1487_S1_2,metacontig,44,506,462
st_R29_M38839_S18_4,metacontig,33,494,461
sa_R29_M2168_S1_11,metacontig,35,484,449
st_R29_M362397_S1_2,metacontig,34,480,446
mm_R29_M1252_S1_1,metacontig,39,509,470
st_R29_M40683_S1_3,metacontig,47,590,543
NC_021926_2,metacontig,38,491,453
fi_R29_M502_S1_2,metacontig,51,501,450
MN729618_3,metacontig,34,491,457
st_R29_M407582_S1_3,metacontig,57,543,486
sa_R29_M722_S1_2,metacontig,15,406,391
KX906928_3,metacontig,47,499,452
sa_R29_M772_S1_6,metacontig,32,524,492
st_R29_M4956_S1_2,metacontig,239,569,330
mm_R29_M6526_S1_14,metacontig,42,517,475
mm_R29_M4774_S1_5,metacontig,43,474,431
st_R29_M129829_S1_3,metacontig,74,529,455
st_R29_M43235_S1_6,metacontig,48,513,465
st_R29_M379696_S1_1,metacontig,10,446,436
st_R29_M58273_S1_4,metacontig,33,505,472
sa_R29_M510_S1_3,metacontig,35,498,463
MH231178_3,metacontig,47,503,456
st_R29_M333520_S1_6,metacontig,35,500,465
st_R29_M288708_S1_7,metacontig,150,577,427
st_R29_M185910_S1_3,metacontig,7,417,410
sa_R29_M2559_S1_8,metacontig,31,499,468
st_R29_M174911_S1_2,metacontig,257,695,438
NC_001818_2,metacontig,32,497,465
ar_R29_M35703_S1_4,metacontig,116,431,315
ma_R29_M6086_S1_2,metacontig,51,495,444
MN723595_3,metacontig,99,528,429
sa_R29_M670_S1_4,metacontig,34,499,465
st_R29_M69001_S1_4,metacontig,74,563,489
ar_R29_M8139_S1_4,metacontig,35,489,454
LC373507_2,metacontig,45,502,457
MN581046_2,metacontig,44,507,463
st_R29_M69037_S1_2,metacontig,76,534,458
NC_001339_2,metacontig,46,502,456
st_R29_M132143_S1_7,metacontig,56,475,419
MN734258_3,metacontig,43,507,464
st_R29_M4803_S1_2,metacontig,37,500,463
st_R29_M348429_S1_5,metacontig,44,489,445
st_R29_M165710_S1_8,metacontig,58,541,483
st_R29_M34183_S1_11,metacontig,64,528,464
st_R29_M351709_S1_3,metacontig,58,549,491
ma_R29_M6498_S1_1,metacontig,43,489,446
mm_R29_M7776_S1_1,metacontig,36,504,468
st_R29_M171979_S1_1,metacontig,12,436,424
MN734255_2,metacontig,41,496,455
sp_R29_M447_S3_2,metacontig,45,440,395
al_R29_M924_S1_4,metacontig,48,495,447
MF510219_3,metacontig,33,499,466
st_R29_M4814_S1_3,metacontig,29,513,484
mm_R29_M4097_S1_7,metacontig,51,488,437
st_R29_M438232_S1_4,metacontig,44,504,460
ch_R29_M264_S1_3,metacontig,70,539,469
st_R29_M4812_S1_6,metacontig,51,509,458
LC564977_2,metacontig,45,502,457
st_R29_M400128_S1_4,metacontig,370,775,405
st_R29_M63224_S1_2,metacontig,37,497,460
mm_R29_M535_S1_3,metacontig,49,445,396
ar_R29_M11796_S1_7,metacontig,192,582,390
ar_R29_M37587_S1_7,metacontig,50,477,427
NC_030452_2,metacontig,46,502,456
st_R29_M348253_S1_9,metacontig,59,540,481
st_R29_M333521_S1_3,metacontig,35,494,459
NC_003487_2,metacontig,37,501,464
st_R29_M200450_S1_3,metacontig,44,521,477
fi_R29_M1288_S1_9,metacontig,52,516,464
st_R29_M116103_S1_6,metacontig,46,394,348
st_R29_M313701_S1_3,metacontig,157,572,415
NC_007017_3,metacontig,45,504,459
ar_R29_M4976_S1_7,metacontig,97,536,439
st_R29_M318512_S1_14,metacontig,44,505,461
DQ392986_3,metacontig,43,499,456
ar_R29_M36818_S1_2,metacontig,80,516,436
MK130864_2,metacontig,43,494,451
st_R29_M361903_S1_3,metacontig,40,506,466
NC_001554_2,metacontig,44,502,458
st_R29_M182087_S1_8,metacontig,51,492,441
sa_R29_M3039_S1_5,metacontig,66,518,452
st_R29_M116088_S1_2,metacontig,46,509,463
st_R29_M116089_S1_3,metacontig,58,514,456
FN543468_3,metacontig,33,503,470
st_R29_M333522_S1_8,metacontig,33,496,463
NC_020469_3,metacontig,30,505,475
st_R29_M111280_S1_3,metacontig,1,390,389
MT317173_3,metacontig,40,520,480
st_R29_M4804_S1_2,metacontig,42,507,465
st_R29_M381203_S1_2,metacontig,48,521,473
NC_032405_3,metacontig,45,505,460
NC_004725_2,metacontig,40,502,462
NC_007729_2,metacontig,45,500,455
LC591947_2,metacontig,43,495,452
MK948534_3,metacontig,85,527,442
NC_003691_2,metacontig,380,837,457
st_R29_M129825_S1_3,metacontig,126,572,446
X85989_2,metacontig,45,503,458
st_R29_M281327_S1_3,metacontig,42,551,509
st_R29_M31788_S1_3,metacontig,22,424,402
st_R29_M185270_S1_3,metacontig,171,514,343
st_R29_M238648_S1_3,metacontig,49,438,389
MT892660_2,metacontig,45,505,460
mm_R29_M1306_S1_9,metacontig,37,515,478
st_R29_M396513_S1_3,metacontig,32,408,376
st_R29_M122993_S1_3,metacontig,41,506,465
mm_R29_M3619_S1_3,metacontig,125,581,456
AJ249740_2,metacontig,44,502,458
MG660825_2,metacontig,31,500,469
MH188025_4,metacontig,56,470,414
ar_R29_M29889_S1_1,metacontig,24,427,403
ar_R29_M30543_S1_6,metacontig,50,513,463
st_R29_M132136_S1_10,metacontig,53,513,460
NC_003532_2,metacontig,47,503,456
MH705132_2,metacontig,33,503,470
st_R29_M95711_S1_10,metacontig,44,505,461
ma_R29_M4457_S1_3,metacontig,94,543,449
D00942_2,metacontig,37,500,463
ar_R29_M11160_S2_8,metacontig,243,592,349
st_R29_M182089_S1_2,metacontig,2,368,366
st_R29_M39734_S1_6,metacontig,41,506,465
sa_R29_M1243_S1_5,metacontig,71,490,419
st_R29_M254651_S1_4,metacontig,83,381,298
st_R29_M359888_S1_3,metacontig,64,508,444
ar_R29_M11160_S3_8,metacontig,207,558,351
st_R29_M387602_S1_6,metacontig,47,495,448
sa_R29_M806_S1_3,metacontig,401,855,454
st_R29_M250630_S1_4,metacontig,25,517,492
ar_R29_M11913_S1_1,metacontig,13,395,382
sp_R29_M563_S1_2,metacontig,49,463,414
st_R29_M165709_S1_4,metacontig,46,522,476
st_R29_M419909_S1_3,metacontig,53,530,477
ar_R29_M11160_S1_3,metacontig,266,614,348
NC_026240_2,metacontig,43,498,455
st_R29_M388933_S2_1,metacontig,2,404,402
mm_R29_M7809_S1_2,metacontig,45,503,458
mm_R29_M7123_S1_2,metacontig,39,398,359
mm_R29_M4843_S1_3,metacontig,51,489,438
ar_R29_M3435_S1_3,metacontig,64,362,298
st_R29_M348451_S1_3,metacontig,145,539,394
st_R29_M396356_S1_4,metacontig,47,520,473
ar_R29_M20830_S1_4,metacontig,77,506,429
st_R29_M259683_S1_6,metacontig,43,511,468
fi_R29_M1116_S1_3,metacontig,50,482,432
st_R29_M257566_S1_4,metacontig,44,521,477
ar_R29_M16138_S1_1,metacontig,440,887,447
st_R29_M339829_S1_1,metacontig,44,425,381
NC_001822_3,metacontig,36,498,462
st_R29_M216619_S1_2,metacontig,55,433,378
ma_R29_M845_S1_10,metacontig,47,490,443
st_R29_M269718_S1_5,metacontig,41,494,453
ar_R29_M25261_S1_2,metacontig,62,481,419
st_R29_M4958_S1_3,metacontig,47,489,442
ma_R29_M2495_S1_5,metacontig,35,475,440
sa_R29_M2483_S1_13,metacontig,38,485,447
ma_R29_M5506_S1_7,metacontig,31,498,467
st_R29_M101877_S1_7,metacontig,57,518,461
st_R29_M153075_S1_1,metacontig,14,461,447
sa_R29_M1871_S1_1,metacontig,2,384,382
st_R29_M281335_S1_1,metacontig,49,512,463
st_R29_M25045_S1_2,metacontig,45,420,375
st_R29_M388937_S1_3,metacontig,55,498,443
st_R29_M449046_S1_3,metacontig,39,448,409
ex_R29_M12_S1_3,metacontig,65,480,415
ar_R29_M30019_S1_4,metacontig,57,491,434
NC_021705_2,metacontig,43,510,467
st_R29_M171154_S1_7,metacontig,50,498,448
st_R29_M69579_S1_10,metacontig,183,592,409
ar_R29_M29621_S1_3,metacontig,119,544,425
NC_004995_4,metacontig,43,500,457
sa_R29_M533_S1_1,metacontig,404,745,341
ar_R29_M40849_S1_2,metacontig,68,462,394
st_R29_M281326_S1_15,metacontig,52,501,449
sa_R29_M1290_S1_2,metacontig,211,658,447
st_R29_M200461_S1_1,metacontig,461,901,440
ar_R29_M1335_S1_3,metacontig,75,512,437
ar_R29_M3538_S1_1,metacontig,17,393,376
st_R29_M269726_S1_3,metacontig,36,521,485
NC_003535_2,metacontig,44,494,450
ar_R29_M24659_S1_4,metacontig,17,501,484
ar_R29_M5793_S1_2,metacontig,49,494,445
st_R29_M36852_S1_6,metacontig,44,510,466
st_R29_M442502_S1_6,metacontig,43,518,475
st_R29_M182079_S1_1,metacontig,338,768,430
ma_R29_M3663_S1_2,metacontig,66,492,426
st_R29_M151586_S1_9,metacontig,49,503,454
sa_R29_M95_S1_1,metacontig,483,928,445
st_R29_M4808_S1_2,metacontig,49,436,387
al_R29_M853_S1_1,metacontig,30,492,462
st_R29_M152441_S1_3,metacontig,128,491,363
al_R29_M863_S1_5,metacontig,43,475,432
sp_R29_M560_S1_1,metacontig,12,395,383
st_R29_M403036_S1_3,metacontig,80,560,480
am_R29_M131_S1_2,metacontig,31,499,468
ar_R29_M7069_S1095_1,metacontig,464,893,429
ar_R29_M11260_S1_3,metacontig,52,515,463
st_R29_M308421_S1_6,metacontig,45,503,458
st_R29_M40840_S1_5,metacontig,170,503,333
st_R29_M288717_S1_8,metacontig,49,504,455
st_R29_M35195_S1_2,metacontig,337,722,385
ar_R29_M26881_S1_7,metacontig,41,427,386
st_R29_M200463_S1_1,metacontig,44,507,463
st_R29_M121377_S1_6,metacontig,44,509,465
st_R29_M442504_S1_6,metacontig,7,458,451
LT608332_2,metacontig,39,507,468
LC434070_2,metacontig,39,506,467
sa_R29_M2536_S1_1,metacontig,25,391,366
ar_R29_M25947_S1_2,metacontig,70,480,410
ar_R29_M8662_S1_1,metacontig,397,823,426
st_R29_M204602_S1_3,metacontig,37,516,479
st_R29_M396476_S1_8,metacontig,45,505,460
st_R29_M34161_S1_4,metacontig,86,550,464
NC_009756_4,metacontig,49,510,461
ar_R29_M27828_S1_3,metacontig,23,454,431
st_R29_M171172_S1_4,metacontig,7,445,438
MH885652_2,metacontig,44,509,465
MN735451_2,metacontig,41,511,470
st_R29_M133496_S1_12,metacontig,27,529,502
ar_R29_M11600_S1_2,metacontig,389,834,445
ar_R29_M38318_S1_3,metacontig,35,449,414
MN729617_3,metacontig,34,498,464
al_R29_M18_S3_5,metacontig,214,752,538
MN735452_2,metacontig,13,509,496
st_R29_M80991_S1_1,metacontig,4,406,402
st_R29_M250610_S1_6,metacontig,31,535,504
st_R29_M249741_S1_8,metacontig,55,495,440
KU885997_3,metacontig,56,540,484
st_R29_M396516_S1_3,metacontig,73,551,478
MN868593_3,metacontig,37,515,478
ar_R29_M40604_S1_4,metacontig,83,538,455
st_R29_M387608_S1_1,metacontig,51,391,340
ar_R29_M8648_S1_8,metacontig,49,481,432
fi_R29_M720_S1_9,metacontig,52,499,447
st_R29_M253669_S1_3,metacontig,46,506,460
st_R29_M269719_S1_3,metacontig,34,491,457
ar_R29_M16046_S1_4,metacontig,405,838,433
ar_R29_M10303_S1_9,metacontig,50,523,473
st_R29_M328502_S1_7,metacontig,44,482,438
st_R29_M15045_S1_2,metacontig,459,898,439
ma_R29_M343_S1_5,metacontig,399,819,420
st_R29_M83568_S1_1,metacontig,533,999,466
MN735450_3,metacontig,32,486,454
mm_R29_M6687_S1_5,metacontig,42,493,451
sa_R29_M438_S1_6,metacontig,412,788,376
ma_R29_M1784_S2_3,metacontig,396,811,415
st_R29_M135453_S1_2,metacontig,47,493,446
sa_R29_M975_S1_4,metacontig,23,423,400
st_R29_M123035_S1_4,metacontig,23,500,477
st_R29_M41419_S1_8,metacontig,38,509,471
sa_R29_M3333_S1_1,metacontig,1,337,336
MH579715_3,metacontig,49,508,459
st_R29_M333451_S1_10,metacontig,95,585,490
mm_R29_M6222_S1_2,metacontig,294,774,480
st_R29_M186591_S1_2,metacontig,36,440,404
st_R29_M4809_S1_1,metacontig,14,421,407
sa_R29_M1485_S1_4,metacontig,76,543,467
ar_R29_M34977_S1_2,metacontig,34,376,342
MK279508_3,metacontig,50,519,469
st_R29_M398604_S1_6,metacontig,27,503,476
st_R29_M153229_S1_6,metacontig,58,520,462
st_R29_M210113_S1_8,metacontig,19,478,459
st_R29_M412553_S1_8,metacontig,46,501,455
st_R29_M412565_S1_1,metacontig,46,501,455
st_R29_M348253_S2_1,metacontig,6,427,421
st_R29_M37846_S1_2,metacontig,87,429,342
st_R29_M89579_S1_3,metacontig,48,499,451
st_R29_M152362_S1_3,metacontig,47,505,458
LC460998_3,metacontig,52,522,470
st_R29_M38921_S1_2,metacontig,13,329,316
fu_R29_M1360_S1_2,metacontig,40,525,485
st_R29_M374229_S1_8,metacontig,60,533,473
sa_R29_M1874_S1_15,metacontig,69,511,442
st_R29_M449036_S1_11,metacontig,57,490,433
st_R29_M269903_S1_2,metacontig,4,466,462
st_R29_M182076_S1_1,metacontig,43,485,442
ar_R29_M30105_S1_1,metacontig,39,459,420
st_R29_M430145_S1_2,metacontig,39,498,459
st_R29_M37720_S1_9,metacontig,47,506,459
st_R29_M33213_S1_4,metacontig,10,354,344
al_R29_M828_S1_1,metacontig,194,638,444
st_R29_M359804_S1_5,metacontig,41,509,468
st_R29_M331308_S1_3,metacontig,42,514,472
mm_R29_M5002_S1_13,metacontig,807,1285,478
st_R29_M3692_S1_2,metacontig,54,544,490
mm_R29_M8000_S1_4,metacontig,55,507,452
MN933900_3,metacontig,61,574,513
st_R29_M442498_S1_5,metacontig,157,498,341
MN862357_2,metacontig,444,896,452
st_R29_M41763_S1_21,metacontig,110,595,485
ma_R29_M4737_S1_4,metacontig,76,489,413
st_R29_M129827_S1_6,metacontig,57,486,429
ma_R29_M6378_S1_2,metacontig,60,534,474
MN735453_4,metacontig,40,503,463
st_R29_M320997_S1_6,metacontig,28,559,531
ar_R29_M3695_S1_3,metacontig,5,385,380
ma_R29_M3287_S1_3,metacontig,50,493,443
ar_R29_M3800_S1_2,metacontig,39,489,450
st_R29_M412403_S1_3,metacontig,56,505,449
st_R29_M281474_S1_4,metacontig,50,407,357
st_R29_M87629_S1_4,metacontig,3,362,359
mm_R29_M8229_S1_1,metacontig,41,440,399
ar_R29_M27562_S1_3,metacontig,21,481,460
st_R29_M165744_S1_5,metacontig,22,513,491
st_R29_M409726_S1_2,metacontig,52,497,445
st_R29_M425364_S1_9,metacontig,39,468,429
ma_R29_M6639_S1_5,metacontig,405,790,385
st_R29_M34406_S1_2,metacontig,32,535,503
st_R29_M37699_S1_6,metacontig,53,510,457
st_R29_M292493_S1_6,metacontig,55,511,456
GU991616_3,metacontig,56,540,484
al_R29_M272_S1_2,metacontig,110,549,439
st_R29_M30732_S1_6,metacontig,64,496,432
ar_R29_M35410_S1_6,metacontig,51,467,416
NC_015227_3,metacontig,44,492,448
ar_R29_M30257_S1_1,metacontig,5,433,428
st_R29_M336417_S1_5,metacontig,44,430,386
st_R29_M129824_S1_2,metacontig,45,518,473
ma_R29_M5806_S1_4,metacontig,397,803,406
fu_R29_M5291_S1_3,metacontig,39,525,486
mm_R29_M7206_S1_2,metacontig,5,455,450
st_R29_M102574_S1_9,metacontig,39,502,463
st_R29_M287610_S1_3,metacontig,37,504,467
fu_R29_M3096_S1_1,metacontig,5,425,420
st_R29_M33267_S1_10,metacontig,49,503,454
st_R29_M121743_S1_1,metacontig,94,418,324
st_R29_M43875_S1_2,metacontig,53,505,452
st_R29_M38124_S1_9,metacontig,41,527,486
st_R29_M218065_S1_2,metacontig,86,534,448
st_R29_M51384_S1_2,metacontig,46,525,479
fu_R29_M5877_S1_4,metacontig,40,522,482
st_R29_M183758_S1_2,metacontig,54,503,449
ma_R29_M569_S1_6,metacontig,120,594,474
ar_R29_M21624_S1_2,metacontig,60,422,362
ma_R29_M3867_S1_1,metacontig,61,542,481
ar_R29_M21621_S1_10,metacontig,61,561,500
st_R29_M200443_S1_3,metacontig,41,407,366
fu_R29_M1771_S1_1,metacontig,8,386,378
st_R29_M185209_S1_7,metacontig,54,509,455
st_R29_M388855_S1_2,metacontig,48,483,435
MH719096_1,metacontig,393,831,438
mm_R29_M3897_S1_7,metacontig,100,556,456
MT317153_2,metacontig,49,524,475
mm_R29_M892_S1_1,metacontig,47,447,400
st_R29_M389599_S1_3,metacontig,87,536,449
ar_R29_M19718_S1_2,metacontig,51,498,447
sa_R29_M3338_S1_2,metacontig,94,547,453
fi_R29_M340_S1_5,metacontig,432,866,434
ma_R29_M1887_S1_5,metacontig,40,534,494
st_R29_M269722_S1_5,metacontig,21,521,500
st_R29_M38957_S1_7,metacontig,160,482,322
fu_R29_M1473_S1_2,metacontig,49,499,450
mm_R29_M8085_S1_2,metacontig,5,326,321
st_R29_M4725_S1_11,metacontig,506,936,430
st_R29_M35792_S1_9,metacontig,46,507,461
sa_R29_M2546_S1_2,metacontig,63,540,477
NC_021481_2,metacontig,48,501,453
am_R29_M12_S1_2,metacontig,408,841,433
mm_R29_M3917_S1_2,metacontig,51,554,503
st_R29_M359712_S1_8,metacontig,57,535,478
ar_R29_M39710_S1_5,metacontig,43,383,340
sa_R29_M1701_S1_3,metacontig,50,557,507
st_R29_M269734_S1_3,metacontig,31,502,471
st_R29_M122238_S1_6,metacontig,301,714,413
ar_R29_M18323_S1_3,metacontig,41,498,457
ar_R29_M9410_S1_2,metacontig,55,533,478
st_R29_M318513_S1_6,metacontig,51,507,456
fu_R29_M2714_S1_7,metacontig,32,501,469
ar_R29_M9963_S1_2,metacontig,51,432,381
ar_R29_M12794_S1_2,metacontig,37,559,522
MK279510_4,metacontig,24,507,483
ar_R29_M22319_S1_2,metacontig,58,474,416
sa_R29_M3353_S1_10,metacontig,70,537,467
st_R29_M243715_S1_8,metacontig,40,506,466
st_R29_M229539_S1_4,metacontig,5,394,389
st_R29_M308573_S1_6,metacontig,55,539,484
ar_R29_M6706_S1_4,metacontig,9,393,384
st_R29_M190621_S1_3,metacontig,46,506,460
NC_001278_4,metacontig,49,500,451
NC_013460_2,metacontig,412,808,396
mm_R29_M177_S1_1,metacontig,13,368,355
fi_R29_M1571_S1_2,metacontig,19,407,388
st_R29_M121155_S1_3,metacontig,86,564,478
st_R29_M174169_S1_4,metacontig,56,508,452
sa_R29_M1298_S1_12,metacontig,31,413,382
st_R29_M92007_S1_13,metacontig,40,537,497
ar_R29_M19184_S1_3,metacontig,33,368,335
st_R29_M406347_S1_3,metacontig,37,508,471
st_R29_M409751_S1_3,metacontig,29,497,468
st_R29_M213270_S1_2,metacontig,47,368,321
MK279509_5,metacontig,41,501,460
st_R29_M225629_S1_1,metacontig,29,437,408
ar_R29_M21553_S1_2,metacontig,483,902,419
mm_R29_M4339_S1_3,metacontig,57,546,489
am_R29_M589_S1_4,metacontig,18,432,414
st_R29_M200434_S1_5,metacontig,165,631,466
st_R29_M182074_S1_1,metacontig,5,366,361
st_R29_M331306_S1_15,metacontig,54,513,459
st_R29_M139683_S1_5,metacontig,53,505,452
st_R29_M132142_S1_4,metacontig,379,822,443
st_R29_M348234_S1_4,metacontig,48,536,488
sa_R29_M1542_S1_8,metacontig,361,778,417
ma_R29_M3109_S1_7,metacontig,20,402,382
ar_R29_M23955_S1_4,metacontig,21,463,442
ar_R29_M19620_S1_9,metacontig,55,537,482
st_R29_M122230_S1_4,metacontig,385,803,418
mm_R29_M1599_S1_5,metacontig,416,807,391
sa_R29_M1919_S1_1,metacontig,31,475,444
st_R29_M41466_S1_5,metacontig,22,426,404
fu_R29_M3194_S1_13,metacontig,31,518,487
al_R29_M95_S1_10,metacontig,121,607,486
MT321510_2,metacontig,43,503,460
sa_R29_M459_S1_3,metacontig,64,507,443
st_R29_M348412_S1_3,metacontig,42,505,463
st_R29_M437509_S1_6,metacontig,50,480,430
ar_R29_M9793_S1_3,metacontig,57,421,364
mm_R29_M7491_S1_6,metacontig,51,540,489
sa_R29_M1114_S1_1,metacontig,457,906,449
ma_R29_M4552_S1_4,metacontig,30,412,382
st_R29_M348233_S1_2,metacontig,41,521,480
st_R29_M129306_S1_2,metacontig,3,377,374
st_R29_M238364_S1_4,metacontig,45,527,482
st_R29_M361904_S1_3,metacontig,36,444,408
st_R29_M269724_S1_8,metacontig,43,496,453
fi_R29_M428_S1_5,metacontig,41,493,452
MT642436_2,metacontig,37,505,468
mm_R29_M5683_S1_1,metacontig,237,673,436
ma_R29_M2282_S1_1,metacontig,43,344,301
ma_R29_M1784_S3_5,metacontig,395,812,417
st_R29_M308466_S1_2,metacontig,39,509,470
st_R29_M129822_S1_5,metacontig,54,539,485
st_R29_M174903_S1_1,metacontig,44,382,338
mm_R29_M125_S1_4,metacontig,60,518,458
st_R29_M58294_S1_2,metacontig,31,427,396
fi_R29_M1619_S1_5,metacontig,53,494,441
st_R29_M190632_S1_3,metacontig,45,508,463
NC_040680_3,metacontig,41,500,459
mm_R29_M7264_S1_7,metacontig,243,687,444
ar_R29_M16380_S1_2,metacontig,39,454,415
mm_R29_M6171_S1_1,metacontig,26,518,492
MT642445_2,metacontig,35,502,467
KC572000_2,metacontig,49,500,451
MT317175_3,metacontig,52,507,455
st_R29_M398601_S1_3,metacontig,396,820,424
st_R29_M200430_S1_5,metacontig,43,501,458
al_R29_M557_S1_1,metacontig,5,418,413
sa_R29_M3034_S1_1,metacontig,11,366,355
st_R29_M133574_S1_1,metacontig,32,497,465
st_R29_M168615_S1_2,metacontig,44,514,470
sa_R29_M1372_S1_5,metacontig,378,809,431
st_R29_M380586_S1_1,metacontig,384,774,390
st_R29_M10503_S1_1,metacontig,3,392,389
st_R29_M122773_S1_4,metacontig,47,499,452
MT526793_2,metacontig,39,503,464
st_R29_M129297_S1_2,metacontig,23,498,475
ar_R29_M17262_S1_3,metacontig,59,484,425
sa_R29_M142_S1_3,metacontig,227,637,410
NC_040549_3,metacontig,50,500,450
sa_R29_M1129_S1_4,metacontig,32,352,320
sa_R29_M173_S1_3,metacontig,415,862,447
fu_R29_M2132_S1_3,metacontig,41,520,479
EF521828_2,metacontig,42,505,463
ar_R29_M6956_S1_3,metacontig,36,417,381
st_R29_M89685_S1_4,metacontig,8,347,339
ma_R29_M5339_S1_1,metacontig,67,532,465
ar_R29_M6428_S1_3,metacontig,45,552,507
ar_R29_M11755_S1_2,metacontig,36,421,385
st_R29_M292410_S1_2,metacontig,46,445,399
NC_010806_2,metacontig,72,522,450
al_R29_M794_S1_2,metacontig,305,718,413
ar_R29_M25101_S1_2,metacontig,61,407,346
sa_R29_M3250_S1_2,metacontig,3,443,440
st_R29_M172067_S1_7,metacontig,69,515,446
mm_R29_M3769_S1_2,metacontig,402,788,386
am_R29_M220_S1_4,metacontig,169,626,457
st_R29_M41748_S1_9,metacontig,35,509,474
mm_R29_M6257_S1_9,metacontig,181,643,462
st_R29_M414921_S1_8,metacontig,52,507,455
fu_R29_M3444_S1_11,metacontig,42,505,463
mm_R29_M3588_S1_2,metacontig,275,729,454
st_R29_M71465_S1_6,metacontig,61,509,448
ar_R29_M31664_S1_3,metacontig,36,408,372
ar_R29_M19149_S1_14,metacontig,46,532,486
st_R29_M408947_S1_1,metacontig,423,871,448
st_R29_M52921_S1_3,metacontig,41,501,460
st_R29_M202316_S1_10,metacontig,51,504,453
st_R29_M122744_S1_4,metacontig,51,504,453
ar_R29_M19149_S4_2,metacontig,46,532,486
mm_R29_M5909_S1_6,metacontig,244,682,438
ar_R29_M13132_S1_1,metacontig,202,608,406
ar_R29_M35891_S1_10,metacontig,38,539,501
NC_031800_2,metacontig,65,513,448
am_R29_M403_S1_6,metacontig,526,901,375
st_R29_M142562_S1_1,metacontig,374,821,447
ar_R29_M12153_S1_3,metacontig,28,444,416
ar_R29_M6817_S1_1,metacontig,471,848,377
ar_R29_M6350_S1_1,metacontig,248,706,458
sa_R29_M1695_S1_10,metacontig,487,923,436
mm_R29_M4234_S1_3,metacontig,390,819,429
st_R29_M294677_S1_2,metacontig,44,505,461
st_R29_M122223_S1_1,metacontig,226,610,384
fi_R29_M1639_S1_1,metacontig,50,491,441
ar_R29_M38436_S1_2,metacontig,37,378,341
ar_R29_M15501_S1_2,metacontig,43,451,408
AY855920_2,metacontig,44,505,461
st_R29_M152454_S1_4,metacontig,159,482,323
MH345723_2,metacontig,55,513,458
st_R29_M442499_S1_4,metacontig,160,459,299
st_R29_M360123_S1_4,metacontig,55,481,426
ar_R29_M19437_S1_2,metacontig,60,464,404
st_R29_M296_S1_1,metacontig,13,418,405
st_R29_M37810_S1_5,metacontig,131,583,452
mm_R29_M5024_S1_7,metacontig,257,800,543
NC_011108_4,metacontig,20,503,483
ar_R29_M31240_S1_2,metacontig,463,923,460
LC523031_2,metacontig,49,500,451
st_R29_M354868_S1_4,metacontig,38,422,384
st_R29_M270173_S1_1,metacontig,34,503,469
st_R29_M133585_S1_2,metacontig,47,353,306
st_R29_M4960_S1_5,metacontig,77,523,446
sa_R29_M2513_S1_2,metacontig,6,382,376
EF521850_2,metacontig,45,505,460
st_R29_M43864_S1_11,metacontig,42,512,470
st_R29_M320599_S1_1,metacontig,11,396,385
ar_R29_M42057_S1_7,metacontig,43,486,443
sa_R29_M1237_S1_4,metacontig,414,867,453
ar_R29_M18293_S1_2,metacontig,26,418,392
ar_R29_M18771_S1_2,metacontig,45,443,398
ar_R29_M41232_S1_3,metacontig,160,494,334
mm_R29_M741_S1_6,metacontig,232,723,491
ar_R29_M34745_S1_3,metacontig,45,450,405
st_R29_M218066_S1_2,metacontig,34,484,450
st_R29_M122934_S1_3,metacontig,54,517,463
ar_R29_M36241_S1_3,metacontig,68,412,344
am_R29_M577_S1_2,metacontig,39,465,426
st_R29_M269716_S1_9,metacontig,46,521,475
st_R29_M129823_S1_8,metacontig,49,499,450
AY610954_2,metacontig,46,505,459
sa_R29_M2675_S1_9,metacontig,468,908,440
st_R29_M249768_S1_2,metacontig,53,410,357
MT096526_1,metacontig,403,852,449
MT590656_3,metacontig,42,518,476
JN674409_2,metacontig,42,502,460
st_R29_M77545_S1_3,metacontig,2,264,262
st_R29_M238426_S1_4,metacontig,2,453,451
ar_R29_M18718_S1_1,metacontig,18,396,378
mm_R29_M368_S1_4,metacontig,491,918,427
fu_R29_M3992_S1_7,metacontig,47,503,456
st_R29_M349561_S1_3,metacontig,56,508,452
sa_R29_M1195_S1_1,metacontig,16,377,361
ar_R29_M35771_S1_1,metacontig,8,358,350
ar_R29_M8376_S1_3,metacontig,11,453,442
ar_R29_M33215_S1_8,metacontig,393,838,445
mm_R29_M2333_S1_12,metacontig,248,767,519
st_R29_M318253_S1_2,metacontig,42,505,463
st_R29_M125476_S1_1,metacontig,19,399,380
MN128939_2,metacontig,79,542,463
ar_R29_M21209_S1_3,metacontig,72,515,443
st_R29_M120424_S1_4,metacontig,1,413,412
mm_R29_M2661_S1_7,metacontig,234,673,439
sp_R29_M4_S1_5,metacontig,119,531,412
ar_R29_M35585_S1_6,metacontig,417,860,443
mm_R29_M2155_S1_4,metacontig,84,540,456
ma_R29_M1157_S1_4,metacontig,608,1018,410
st_R29_M165751_S1_5,metacontig,5,303,298
fu_R29_M4420_S1_2,metacontig,32,495,463
MK012649_2,metacontig,42,505,463
st_R29_M269737_S1_7,metacontig,51,504,453
st_R29_M89492_S1_3,metacontig,47,449,402
NC_003369_2,metacontig,54,507,453
st_R29_M314890_S1_3,metacontig,7,341,334
sa_R29_M807_S1_4,metacontig,501,924,423
ar_R29_M26736_S1_4,metacontig,16,412,396
mm_R29_M1734_S1_8,metacontig,72,536,464
ar_R29_M19072_S1_1,metacontig,1,309,308
sa_R29_M2715_S1_4,metacontig,462,898,436
ar_R29_M26926_S1_6,metacontig,44,493,449
mm_R29_M3737_S1_10,metacontig,226,763,537
ar_R29_M7361_S1_1,metacontig,20,375,355
EF521833_2,metacontig,46,505,459
st_R29_M23129_S1_2,metacontig,452,881,429
mm_R29_M4254_S1_2,metacontig,245,683,438
fi_R29_M1955_S1_5,metacontig,57,471,414
st_R29_M320807_S1_1,metacontig,2,374,372
al_R29_M18_S5_1,metacontig,138,627,489
MT362517_2,metacontig,60,503,443
ar_R29_M36266_S1_2,metacontig,45,458,413
KY593458_2,metacontig,46,505,459
st_R29_M318240_S2_3,metacontig,42,505,463
ar_R29_M39108_S1_1,metacontig,41,396,355
mm_R29_M3448_S1_2,metacontig,178,611,433
st_R29_M319350_S1_10,metacontig,49,500,451
mm_R29_M1358_S1_3,metacontig,464,905,441
st_R29_M308562_S1_2,metacontig,63,507,444
MG597244_2,metacontig,61,511,450
ar_R29_M15803_S1_4,metacontig,320,602,282
st_R29_M409638_S1_2,metacontig,52,452,400
ar_R29_M1953_S1_1,metacontig,6,322,316
ar_R29_M30862_S1_2,metacontig,24,474,450
st_R29_M48071_S1_2,metacontig,38,387,349
st_R29_M423005_S1_1,metacontig,393,828,435
st_R29_M431710_S1_2,metacontig,31,505,474
st_R29_M125507_S1_4,metacontig,43,418,375
ar_R29_M3792_S1_2,metacontig,12,461,449
ar_R29_M6096_S1_3,metacontig,42,366,324
st_R29_M306943_S1_8,metacontig,33,473,440
st_R29_M4813_S1_3,metacontig,124,554,430
st_R29_M348406_S1_2,metacontig,530,993,463
sa_R29_M3048_S1_2,metacontig,459,911,452
MN044446_3,metacontig,79,515,436
sa_R29_M2600_S1_1,metacontig,401,789,388
ri_R29_M110_S1_2,metacontig,283,712,429
st_R29_M355147_S1_7,metacontig,52,503,451
st_R29_M167415_S1_2,metacontig,20,390,370
st_R29_M308170_S1_17,metacontig,115,587,472
st_R29_M35844_S1_16,metacontig,37,507,470
st_R29_M170309_S1_6,metacontig,37,514,477
sa_R29_M1763_S1_2,metacontig,390,836,446
st_R29_M125506_S1_4,metacontig,56,438,382
al_R29_M263_S1_5,metacontig,416,834,418
mm_R29_M7222_S1_5,metacontig,111,553,442
mm_R29_M1815_S1_9,metacontig,254,748,494
st_R29_M38132_S1_3,metacontig,56,401,345
ar_R29_M15530_S1_3,metacontig,33,408,375
st_R29_M200432_S1_2,metacontig,40,508,468
mm_R29_M3069_S1_3,metacontig,228,735,507
st_R29_M133480_S1_5,metacontig,422,866,444
mm_R29_M7959_S1_8,metacontig,223,718,495
mm_R29_M7336_S6_14,metacontig,233,669,436
mm_R29_M577_S1_3,metacontig,73,525,452
sp_R29_M669_S1_1,metacontig,386,825,439
mm_R29_M7252_S1_1,metacontig,272,758,486
mm_R29_M3907_S1_3,metacontig,252,671,419
fu_R29_M4667_S1_8,metacontig,44,509,465
sa_R29_M1629_S1_11,metacontig,44,527,483
sa_R29_M1596_S1_15,metacontig,469,888,419
mm_R29_M855_S1_8,metacontig,243,773,530
mm_R29_M3225_S1_1,metacontig,224,740,516
st_R29_M139965_S1_1,metacontig,33,398,365
st_R29_M419748_S1_9,metacontig,55,504,449
al_R29_M78_S1_3,metacontig,35,505,470
st_R29_M132126_S1_2,metacontig,617,1084,467
mm_R29_M2817_S1_7,metacontig,241,674,433
ar_R29_M15007_S1_1,metacontig,2,350,348
sp_R29_M665_S1_8,metacontig,396,850,454
st_R29_M125474_S1_1,metacontig,13,375,362
ar_R29_M8102_S1_2,metacontig,127,499,372
st_R29_M152452_S1_4,metacontig,23,326,303
sa_R29_M2164_S1_1,metacontig,33,372,339
mm_R29_M3155_S1_2,metacontig,221,723,502
st_R29_M319355_S1_1,metacontig,192,474,282
st_R29_M402001_S1_1,metacontig,44,381,337
ar_R29_M26430_S1_5,metacontig,426,840,414
st_R29_M269896_S1_3,metacontig,17,323,306
mm_R29_M7227_S1_2,metacontig,256,772,516
st_R29_M388895_S1_2,metacontig,24,370,346
st_R29_M61897_S1_1,metacontig,3,314,311
mm_R29_M5775_S1_1,metacontig,221,715,494
mm_R29_M549_S1_6,metacontig,54,535,481
sa_R29_M101_S1_7,metacontig,390,788,398
mm_R29_M3795_S1_4,metacontig,190,633,443
MK279507_4,metacontig,35,515,480
mm_R29_M5330_S1_4,metacontig,228,724,496
st_R29_M349578_S1_2,metacontig,9,457,448
st_R29_M41489_S1_5,metacontig,40,522,482
ar_R29_M35620_S1_6,metacontig,57,436,379
ar_R29_M7069_S1404_2,metacontig,33,446,413
ar_R29_M26556_S1_3,metacontig,97,443,346
mm_R29_M4014_S1_2,metacontig,214,677,463
fi_R29_M1107_S1_3,metacontig,2,307,305
st_R29_M15075_S1_1,metacontig,1,352,351
mm_R29_M2345_S1_1,metacontig,63,494,431
ar_R29_M2551_S1_4,metacontig,233,659,426
st_R29_M142194_S1_1,metacontig,53,535,482
mm_R29_M6035_S1_10,metacontig,225,718,493
st_R29_M197241_S1_5,metacontig,53,501,448
st_R29_M39367_S1_3,metacontig,42,322,280
sa_R29_M3326_S1_2,metacontig,95,424,329
mm_R29_M5444_S1_1,metacontig,202,730,528
fu_R29_M1061_S3_3,metacontig,63,458,395
mm_R29_M2280_S1_1,metacontig,218,713,495
mm_R29_M4151_S1_3,metacontig,248,740,492
st_R29_M122234_S1_3,metacontig,53,397,344
st_R29_M38126_S1_7,metacontig,11,411,400
mm_R29_M2643_S1_1,metacontig,235,667,432
st_R29_M129934_S1_9,metacontig,604,1075,471
mm_R29_M5061_S1_6,metacontig,311,808,497
mm_R29_M7336_S2_11,metacontig,233,669,436
ar_R29_M7069_S1138_2,metacontig,33,446,413
ar_R29_M7069_S1279_3,metacontig,33,446,413
ar_R29_M7069_S1360_2,metacontig,33,446,413
ar_R29_M7069_S1459_2,metacontig,33,446,413
mm_R29_M4931_S1_3,metacontig,250,693,443
st_R29_M122940_S1_1,metacontig,59,403,344
mm_R29_M7430_S1_1,metacontig,10,458,448
al_R29_M258_S1_9,metacontig,336,809,473
mm_R29_M866_S1_2,metacontig,248,741,493
mm_R29_M6885_S1_3,metacontig,239,661,422
st_R29_M132154_S1_2,metacontig,54,395,341
mm_R29_M7336_S7_1,metacontig,259,752,493
ar_R29_M15698_S3_3,metacontig,37,327,290
st_R29_M110889_S1_4,metacontig,145,488,343
st_R29_M297104_S1_3,metacontig,104,538,434
sa_R29_M567_S1_2,metacontig,429,850,421
st_R29_M274206_S1_2,metacontig,350,767,417
mm_R29_M7336_S3_8,metacontig,236,725,489
st_R29_M306924_S1_5,metacontig,41,474,433
mm_R29_M6075_S1_1,metacontig,3,331,328
mm_R29_M7336_S5_6,metacontig,245,761,516
ma_R29_M6197_S1_1,metacontig,59,556,497
ar_R29_M30655_S1_2,metacontig,453,906,453
mm_R29_M8004_S1_1,metacontig,451,895,444
mm_R29_M6753_S1_3,metacontig,255,678,423
sp_R29_M851_S1_4,metacontig,117,523,406
ar_R29_M12818_S1_5,metacontig,282,676,394
st_R29_M166660_S1_2,metacontig,1,302,301
mm_R29_M2012_S1_2,metacontig,78,515,437
ar_R29_M27822_S1_12,metacontig,211,613,402
mm_R29_M4014_S2_2,metacontig,224,719,495
mm_R29_M3827_S1_1,metacontig,228,723,495
st_R29_M205046_S1_2,metacontig,53,497,444
st_R29_M89494_S1_2,metacontig,1,348,347
mm_R29_M811_S1_2,metacontig,11,423,412
ar_R29_M10577_S1_2,metacontig,72,494,422
mm_R29_M7244_S1_2,metacontig,227,720,493
ar_R29_M2551_S2_2,metacontig,274,697,423
st_R29_M51387_S1_1,metacontig,1,406,405
sa_R29_M1377_S1_6,metacontig,391,788,397
ar_R29_M23489_S1_2,metacontig,427,834,407
mm_R29_M2640_S1_7,metacontig,411,865,454
mm_R29_M6385_S1_1,metacontig,251,694,443
sa_R29_M3335_S1_2,metacontig,466,917,451
ar_R29_M35570_S1_3,metacontig,11,308,297
ch_R29_M217_S1_10,metacontig,57,522,465
ar_R29_M7266_S1_3,metacontig,463,911,448
mm_R29_M3173_S1_3,metacontig,246,738,492
ar_R29_M6198_S1_4,metacontig,227,672,445
st_R29_M87801_S1_2,metacontig,42,327,285
ar_R29_M29737_S1_2,metacontig,6,333,327
st_R29_M449000_S1_1,metacontig,1,359,358
ar_R29_M25626_S1_10,metacontig,244,664,420
st_R29_M375266_S1_3,metacontig,14,358,344
st_R29_M89577_S1_2,metacontig,519,973,454
st_R29_M355410_S1_6,metacontig,429,890,461
ar_R29_M13124_S1_5,metacontig,39,489,450
st_R29_M341368_S1_3,metacontig,8,386,378
al_R29_M84_S1_5,metacontig,465,867,402
fu_R29_M3992_S5_3,metacontig,29,422,393
st_R29_M48006_S1_9,metacontig,54,511,457
st_R29_M174177_S1_3,metacontig,42,375,333
st_R29_M228974_S1_4,metacontig,13,386,373
mm_R29_M6196_S1_1,metacontig,265,698,433
al_R29_M127_S1_1,metacontig,10,395,385
sa_R29_M760_S1_1,metacontig,46,443,397
st_R29_M95733_S1_3,metacontig,8,284,276
st_R29_M190655_S1_4,metacontig,99,573,474
ro_R29_M47_S1_5,metacontig,404,811,407
st_R29_M222284_S1_2,metacontig,50,342,292
mm_R29_M2411_S1_3,metacontig,78,494,416
st_R29_M319742_S1_1,metacontig,20,406,386
NC_015069_2,metacontig,353,785,432
mm_R29_M5538_S2_1,metacontig,243,746,503
ar_R29_M26738_S1_4,metacontig,19,412,393
st_R29_M382618_S1_3,metacontig,179,626,447
ar_R29_M43765_S1_3,metacontig,138,375,237
MH188017_2,metacontig,41,436,395
st_R29_M430253_S1_3,metacontig,31,480,449
mm_R29_M5330_S2_1,metacontig,147,645,498
st_R29_M245719_S1_3,metacontig,13,425,412
st_R29_M419912_S1_8,metacontig,504,939,435
ar_R29_M21225_S1_7,metacontig,475,920,445
mm_R29_M5538_S1_1,metacontig,5,498,493
st_R29_M140734_S1_2,metacontig,58,501,443
st_R29_M306923_S1_2,metacontig,33,472,439
st_R29_M398603_S1_2,metacontig,448,887,439
sa_R29_M2357_S1_2,metacontig,472,924,452
ar_R29_M17445_S1_1,metacontig,56,411,355
st_R29_M288752_S1_8,metacontig,1,334,333
st_R29_M390503_S7_1,metacontig,9,366,357
sa_R29_M1207_S1_2,metacontig,120,547,427
ma_R29_M5967_S1_4,metacontig,820,1222,402
mm_R29_M7336_S4_1,metacontig,228,731,503
st_R29_M171614_S1_5,metacontig,5,436,431
ar_R29_M10943_S2_6,metacontig,41,379,338
st_R29_M387599_S1_4,metacontig,210,601,391
ar_R29_M7069_S1199_5,metacontig,274,717,443
mm_R29_M2833_S1_5,metacontig,220,603,383
st_R29_M69580_S1_1,metacontig,5,353,348
st_R29_M188782_S1_1,metacontig,3,336,333
mm_R29_M7867_S1_1,metacontig,23,429,406
st_R29_M348256_S1_6,metacontig,158,597,439
st_R29_M33736_S1_1,metacontig,5,304,299
mm_R29_M6969_S1_1,metacontig,130,587,457
st_R29_M129839_S1_2,metacontig,471,787,316
ar_R29_M38362_S1_2,metacontig,114,493,379
ar_R29_M15178_S1_6,metacontig,27,406,379
ch_R29_M186_S1_2,metacontig,25,461,436
sa_R29_M908_S1_2,metacontig,89,335,246
al_R29_M110_S1_1,metacontig,256,718,462
st_R29_M31789_S1_2,metacontig,4,284,280
st_R29_M140960_S1_6,metacontig,41,506,465
ar_R29_M33993_S1_3,metacontig,42,403,361
sa_R29_M2978_S1_1,metacontig,416,861,445
st_R29_M245329_S1_2,metacontig,5,302,297
sa_R29_M2226_S1_3,metacontig,128,397,269
ar_R29_M43378_S1_3,metacontig,41,412,371
ar_R29_M6738_S1_7,metacontig,447,884,437
st_R29_M83569_S1_1,metacontig,417,903,486
st_R29_M35192_S1_3,metacontig,59,499,440
mm_R29_M262_S1_3,metacontig,342,903,561
st_R29_M141021_S1_3,metacontig,7,342,335
ar_R29_M26611_S1_1,metacontig,27,480,453
ar_R29_M20307_S1_2,metacontig,9,474,465
mm_R29_M1523_S1_1,metacontig,31,490,459
st_R29_M185959_S1_3,metacontig,50,493,443
st_R29_M188913_S1_3,metacontig,2,317,315
ar_R29_M10055_S1_3,metacontig,50,491,441
st_R29_M308583_S1_3,metacontig,203,603,400
st_R29_M129931_S1_6,metacontig,111,592,481
sa_R29_M3019_S1_2,metacontig,183,595,412
st_R29_M25048_S1_4,metacontig,3,293,290
st_R29_M281325_S1_2,metacontig,28,529,501
st_R29_M210109_S1_1,metacontig,396,798,402
mm_R29_M6031_S1_6,metacontig,1433,2019,586
sa_R29_M2860_S1_2,metacontig,490,913,423
st_R29_M139691_S1_1,metacontig,410,900,490
st_R29_M432295_S1_3,metacontig,47,388,341
ar_R29_M19918_S1_3,metacontig,51,499,448
st_R29_M387594_S1_6,metacontig,562,957,395
mm_R29_M8186_S1_9,metacontig,432,870,438
ar_R29_M10303_S2_2,metacontig,59,372,313
st_R29_M146884_S1_2,metacontig,151,529,378
sa_R29_M3107_S1_4,metacontig,414,880,466
mm_R29_M965_S1_2,metacontig,44,340,296
ar_R29_M15459_S1_1,metacontig,29,423,394
st_R29_M210094_S1_1,metacontig,561,972,411
sa_R29_M468_S1_1,metacontig,11,392,381
st_R29_M409784_S1_2,metacontig,1,340,339
st_R29_M351710_S1_6,metacontig,44,394,350
sa_R29_M317_S1_1,metacontig,22,500,478
st_R29_M407522_S1_1,metacontig,46,340,294
st_R29_M116187_S1_1,metacontig,1,337,336
fu_R29_M3860_S1_2,metacontig,2,338,336
AB923925_4,metacontig,22,416,394
sa_R29_M448_S1_3,metacontig,107,358,251
mm_R29_M2520_S1_7,metacontig,297,740,443
st_R29_M389294_S1_2,metacontig,48,506,458
ma_R29_M448_S1_12,metacontig,566,1023,457
ma_R29_M6758_S1_1,metacontig,117,551,434
st_R29_M371433_S1_1,metacontig,63,338,275
st_R29_M4805_S1_8,metacontig,455,902,447
st_R29_M447759_S1_1,metacontig,497,939,442
st_R29_M448992_S1_5,metacontig,2,280,278
st_R29_M66669_S1_5,metacontig,260,661,401
st_R29_M122915_S1_2,metacontig,67,456,389
NC_025967_3,metacontig,29,418,389
st_R29_M412579_S1_2,metacontig,21,364,343
st_R29_M122942_S1_1,metacontig,39,369,330
mm_R29_M7801_S1_2,metacontig,5,331,326
st_R29_M359782_S1_2,metacontig,22,361,339
st_R29_M359832_S1_9,metacontig,165,433,268
sa_R29_M2018_S1_1,metacontig,446,901,455
st_R29_M6695_S1_3,metacontig,47,321,274
sa_R29_M2758_S1_11,metacontig,38,519,481
st_R29_M348430_S1_4,metacontig,387,826,439
mm_R29_M3748_S1_2,metacontig,15,353,338
ma_R29_M4851_S1_1,metacontig,37,483,446
sa_R29_M1227_S1_2,metacontig,100,350,250
st_R29_M281321_S1_14,metacontig,496,971,475
mm_R29_M7188_S1_1,metacontig,35,357,322
st_R29_M85718_S1_2,metacontig,29,413,384
mm_R29_M5154_S1_1,metacontig,9,414,405
st_R29_M398774_S1_2,metacontig,367,813,446
mm_R29_M2426_S1_1,metacontig,30,496,466
mm_R29_M2084_S1_2,metacontig,636,1062,426
st_R29_M38908_S1_3,metacontig,2,344,342
st_R29_M123038_S1_7,metacontig,1233,1684,451
sa_R29_M2101_S1_2,metacontig,1,329,328
st_R29_M374383_S1_3,metacontig,61,509,448
st_R29_M145286_S1_1,metacontig,309,710,401
mm_R29_M1267_S1_3,metacontig,256,682,426
st_R29_M308171_S1_1,metacontig,2,313,311
ma_R29_M5652_S1_2,metacontig,422,874,452
st_R29_M304102_S1_4,metacontig,16,395,379
sa_R29_M1752_S1_4,metacontig,113,476,363
sp_R29_M177_S1_1,metacontig,65,481,416
MT899926_2,metacontig,110,431,321
fu_R29_M310_S2_2,metacontig,110,431,321
st_R29_M198992_S1_2,metacontig,81,406,325
st_R29_M388844_S1_2,metacontig,10,375,365
st_R29_M145702_S1_2,metacontig,61,437,376
st_R29_M122937_S1_2,metacontig,48,374,326
ar_R29_M17743_S1_1,metacontig,59,475,416
LC480257_3,metacontig,61,453,392
ar_R29_M7069_S873_1,metacontig,485,856,371
st_R29_M173607_S1_6,metacontig,96,530,434
ma_R29_M2431_S1_3,metacontig,61,459,398
ar_R29_M38008_S1_2,metacontig,377,810,433
sa_R29_M2507_S1_5,metacontig,117,453,336
st_R29_M333547_S1_2,metacontig,100,443,343
mm_R29_M7623_S1_3,metacontig,20,345,325
ar_R29_M24368_S1_1,metacontig,238,697,459
sa_R29_M2069_S1_4,metacontig,30,421,391
ar_R29_M18826_S2_1,metacontig,149,555,406
st_R29_M314947_S1_4,metacontig,109,431,322
al_R29_M55_S1_1,metacontig,39,446,407
st_R29_M379641_S1_1,metacontig,426,883,457
mm_R29_M7017_S1_3,metacontig,570,1023,453
sa_R29_M1583_S1_10,metacontig,623,1100,477
sa_R29_M3115_S1_8,metacontig,398,829,431
ar_R29_M2500_S1_2,metacontig,425,872,447
mm_R29_M4838_S1_1,metacontig,9,347,338
st_R29_M40839_S1_3,metacontig,344,745,401
ar_R29_M15667_S1_1,metacontig,201,524,323
st_R29_M387592_S1_1,metacontig,2,247,245
mm_R29_M3957_S1_3,metacontig,17,367,350
NC_024455_1,metacontig,4199,4616,417
DQ286725_2,metacontig,112,431,319
st_R29_M199013_S1_4,metacontig,90,413,323
NC_007448_2,metacontig,97,432,335
st_R29_M137754_S1_1,metacontig,7,418,411
ar_R29_M7069_S773_5,metacontig,1324,1780,456
sa_R29_M3312_S1_1,metacontig,13,375,362
st_R29_M185222_S1_2,metacontig,28,369,341
st_R29_M185226_S1_18,metacontig,28,369,341
ar_R29_M25146_S1_1,metacontig,683,1090,407
MN817232_2,metacontig,90,408,318
st_R29_M199015_S1_4,metacontig,90,408,318
mm_R29_M7456_S1_5,metacontig,248,636,388
st_R29_M182084_S1_4,metacontig,24,356,332
mm_R29_M5585_S1_1,metacontig,7,359,352
mm_R29_M2958_S1_1,metacontig,30,356,326
sa_R29_M2444_S1_1,metacontig,52,354,302
ar_R29_M28341_S1_1,metacontig,70,549,479
st_R29_M153933_S1_1,metacontig,34,310,276
mm_R29_M1853_S1_1,metacontig,4,326,322
ar_R29_M5275_S1_1,metacontig,408,864,456
st_R29_M151518_S1_2,metacontig,696,1134,438
KU854932_3,metacontig,60,453,393
st_R29_M140872_S1_1,metacontig,35,448,413
st_R29_M200465_S1_5,metacontig,1,349,348
ro_R29_M203_S1_1,metacontig,40,439,399
sa_R29_M2638_S1_6,metacontig,8,374,366
mm_R29_M2071_S1_1,metacontig,11,355,344
ar_R29_M38665_S1_4,metacontig,40,398,358
mm_R29_M7336_S18_1,metacontig,1,371,370
FJ436234_3,metacontig,109,431,322
st_R29_M30488_S1_3,metacontig,408,826,418
mm_R29_M2955_S1_1,metacontig,18,342,324
st_R29_M333519_S1_5,metacontig,80,484,404
st_R29_M167104_S1_1,metacontig,2,326,324
st_R29_M199004_S1_1,metacontig,32,359,327
st_R29_M199001_S1_10,metacontig,99,421,322
st_R29_M407863_S1_2,metacontig,57,395,338
ar_R29_M10298_S1_1,metacontig,1741,2141,400
mm_R29_M7959_S2_1,metacontig,1,399,398
st_R29_M395283_S1_1,metacontig,63,382,319
MN817233_2,metacontig,87,371,284
st_R29_M179150_S1_1,metacontig,30,423,393
ma_R29_M4870_S1_4,metacontig,406,846,440
st_R29_M253044_S10_1,metacontig,79,479,400
st_R29_M165521_S1_1,metacontig,41,434,393
ar_R29_M34163_S1_2,metacontig,33,434,401
ar_R29_M18826_S1_3,metacontig,1508,1914,406
st_R29_M354478_S1_1,metacontig,25,405,380
ar_R29_M26258_S1_3,metacontig,30,406,376
st_R29_M165514_S1_2,metacontig,64,457,393
st_R29_M179149_S1_2,metacontig,64,457,393
MH814492_3,metacontig,89,392,303
ar_R29_M43927_S1_4,metacontig,2723,3097,374
KY821090_3,metacontig,109,431,322
st_R29_M141016_S1_1,metacontig,413,860,447
ar_R29_M17645_S1_6,metacontig,1712,2150,438
st_R29_M253044_S4_9,metacontig,79,480,401
st_R29_M400866_S1_1,metacontig,25,400,375
st_R29_M199007_S1_2,metacontig,87,408,321
sa_R29_M123_S1_6,metacontig,405,841,436
st_R29_M179153_S1_1,metacontig,64,447,383
ar_R29_M7069_S952_1,metacontig,623,1030,407
st_R29_M281323_S1_9,metacontig,419,914,495
NC_026816_2,metacontig,70,437,367
st_R29_M81034_S1_4,metacontig,5,330,325
ar_R29_M33848_S1_1,metacontig,2755,3158,403
st_R29_M57145_S12_3,metacontig,80,477,397
st_R29_M57145_S1_24,metacontig,80,477,397
st_R29_M339871_S1_6,metacontig,80,477,397
NC_001411_1,metacontig,401,852,451
st_R29_M57145_S3_3,metacontig,80,477,397
MN862356_3,metacontig,388,819,431
st_R29_M354484_S1_1,metacontig,64,449,385
ar_R29_M1242_S1_4,metacontig,2193,2580,387
ar_R29_M40517_S1_3,metacontig,6730,7243,513
ar_R29_M43651_S1_4,metacontig,413,872,459
st_R29_M199002_S1_3,metacontig,87,408,321
st_R29_M407862_S1_2,metacontig,79,400,321
NC_035453_3,metacontig,25,410,385
MT409627_3,metacontig,110,465,355
NC_014546_2,metacontig,81,438,357
ar_R29_M37251_S1_10,metacontig,73,494,421
ar_R29_M41225_S1_1,metacontig,23,480,457
ar_R29_M38045_S1_1,metacontig,2,281,279
st_R29_M253053_S1_15,metacontig,80,477,397
st_R29_M253053_S2_12,metacontig,80,477,397
ar_R29_M24072_S1_2,metacontig,28,449,421
st_R29_M35278_S1_2,metacontig,97,433,336
st_R29_M165540_S1_1,metacontig,21,391,370
sa_R29_M3140_S1_3,metacontig,39,460,421
st_R29_M198991_S1_2,metacontig,71,400,329
st_R29_M179169_S1_1,metacontig,50,413,363
ar_R29_M27528_S1_6,metacontig,681,1158,477
st_R29_M199016_S1_2,metacontig,19,284,265
st_R29_M179170_S1_1,metacontig,26,383,357
ar_R29_M33647_S1_4,metacontig,1707,2122,415
st_R29_M15973_S1_8,metacontig,408,865,457
st_R29_M179172_S1_2,metacontig,64,434,370
st_R29_M179176_S1_2,metacontig,64,434,370
ar_R29_M40133_S1_2,metacontig,404,795,391
ar_R29_M7069_S403_2,metacontig,2193,2599,406
st_R29_M55695_S1_4,metacontig,186,502,316
mm_R29_M4287_S1_1,metacontig,127,455,328
ar_R29_M16826_S1_2,metacontig,329,749,420
mm_R29_M8193_S1_1,metacontig,4,283,279
st_R29_M400879_S1_1,metacontig,10,368,358
st_R29_M253044_S7_2,metacontig,79,480,401
ma_R29_M2711_S1_3,metacontig,547,914,367
ma_R29_M1893_S1_1,metacontig,206,620,414
MT498833_5,metacontig,1987,2378,391
st_R29_M286501_S1_1,metacontig,43,435,392
NC_014978_2,metacontig,445,874,429
ar_R29_M10618_S1_5,metacontig,2253,2681,428
NC_016442_3,metacontig,59,453,394
st_R29_M253044_S2_16,metacontig,79,480,401
ar_R29_M35277_S1_1,metacontig,309,752,443
st_R29_M333524_S1_8,metacontig,76,478,402
al_R29_M843_S1_14,metacontig,647,1118,471
st_R29_M303653_S1_2,metacontig,80,482,402
st_R29_M249646_S1_1,metacontig,560,923,363
KY348773_3,metacontig,58,453,395
st_R29_M181769_S1_1,metacontig,11,311,300
st_R29_M151587_S1_4,metacontig,735,1151,416
ar_R29_M11485_S1_1,metacontig,52,490,438
st_R29_M67488_S1_12,metacontig,79,480,401
st_R29_M238441_S1_4,metacontig,41,368,327
ar_R29_M7069_S1150_4,metacontig,418,863,445
ar_R29_M1139_S1_1,metacontig,411,856,445
ar_R29_M40133_S2_2,metacontig,1521,1912,391
st_R29_M450622_S1_1,metacontig,138,491,353
st_R29_M381384_S1_3,metacontig,509,955,446
ar_R29_M20936_S1_2,metacontig,120,519,399
ar_R29_M39443_S1_2,metacontig,2183,2601,418
NC_015552_2,metacontig,63,497,434
st_R29_M253044_S1_18,metacontig,79,480,401
st_R29_M44252_S1_4,metacontig,300,702,402
st_R29_M308442_S1_2,metacontig,3,306,303
NC_016519_4,metacontig,74,463,389
st_R29_M360367_S1_1,metacontig,40,328,288
MF066176_2,metacontig,102,447,345
st_R29_M57152_S2_7,metacontig,90,488,398
st_R29_M303637_S1_1,metacontig,80,482,402
st_R29_M375556_S1_2,metacontig,80,482,402
st_R29_M51697_S1_6,metacontig,80,482,402
st_R29_M51706_S1_1,metacontig,80,482,402
st_R29_M57145_S5_2,metacontig,80,482,402
st_R29_M57145_S7_2,metacontig,80,482,402
st_R29_M198990_S1_2,metacontig,93,416,323
ar_R29_M38267_S1_2,metacontig,2228,2631,403
st_R29_M83546_S1_1,metacontig,590,1036,446
st_R29_M122610_S1_5,metacontig,121,589,468
st_R29_M374384_S1_1,metacontig,309,735,426
st_R29_M57145_S9_1,metacontig,64,467,403
st_R29_M145862_S1_1,metacontig,34,424,390
NC_008716_3,metacontig,97,486,389
st_R29_M29760_S1_2,metacontig,32,377,345
st_R29_M277188_S1_7,metacontig,90,489,399
st_R29_M67495_S1_7,metacontig,90,489,399
st_R29_M67496_S1_5,metacontig,90,489,399
st_R29_M129821_S1_2,metacontig,248,701,453
ar_R29_M15827_S1_1,metacontig,623,1035,412
st_R29_M216657_S1_2,metacontig,2060,2437,377
ar_R29_M22362_S1_3,metacontig,2302,2790,488
ar_R29_M4647_S1_3,metacontig,262,687,425
st_R29_M57145_S11_2,metacontig,80,482,402
st_R29_M355391_S1_7,metacontig,507,907,400
fu_R29_M3545_S1_6,metacontig,1450,1845,395
ar_R29_M21781_S1_2,metacontig,1854,2245,391
st_R29_M450907_S1_2,metacontig,25,394,369
st_R29_M89681_S1_5,metacontig,804,1221,417
ar_R29_M26007_S1_5,metacontig,1396,1766,370
D84000_2,metacontig,92,460,368
ar_R29_M17126_S1_8,metacontig,2092,2479,387
ar_R29_M12591_S3_9,metacontig,240,632,392
ar_R29_M7069_S68_27,metacontig,37,422,385
al_R29_M705_S1_5,metacontig,324,759,435
ar_R29_M41559_S1_2,metacontig,1,298,297
KC590347_3,metacontig,143,493,350
st_R29_M161902_S1_1,metacontig,1,331,330
ma_R29_M538_S1_1,metacontig,555,897,342
ma_R29_M6364_S1_2,metacontig,178,557,379
fu_R29_M1384_S1_4,metacontig,251,659,408
ar_R29_M7069_S951_5,metacontig,376,803,427
KM225265_4,metacontig,2852,3332,480
ar_R29_M10298_S2_1,metacontig,1750,2134,384
AF254924_2,metacontig,53,461,408
st_R29_M210119_S1_1,metacontig,36,325,289
ar_R29_M7069_S667_8,metacontig,1180,1607,427
st_R29_M230521_S1_1,metacontig,123,560,437
st_R29_M175742_S1_2,metacontig,25,394,369
st_R29_M355381_S1_19,metacontig,579,997,418
st_R29_M317560_S1_1,metacontig,8,326,318
ar_R29_M40655_S1_4,metacontig,18,405,387
st_R29_M339882_S1_7,metacontig,80,482,402
ar_R29_M7069_S135_1,metacontig,2283,2710,427
ar_R29_M22959_S1_2,metacontig,57,472,415
ar_R29_M7069_S132_1,metacontig,2279,2706,427
st_R29_M129747_S1_2,metacontig,53,444,391
st_R29_M307298_S1_2,metacontig,17,374,357
MF434821_3,metacontig,61,459,398
MN961200_3,metacontig,77,451,374
ma_R29_M6445_S1_5,metacontig,18,361,343
NC_003355_2,metacontig,53,462,409
st_R29_M196375_S1_3,metacontig,1996,2386,390
al_R29_M604_S1_2,metacontig,230,656,426
ar_R29_M29650_S1_6,metacontig,2363,2794,431
st_R29_M185227_S1_18,metacontig,30,371,341
st_R29_M57152_S1_9,metacontig,90,481,391
st_R29_M89569_S1_8,metacontig,101,593,492
NC_003610_2,metacontig,102,446,344
mm_R29_M2129_S1_1,metacontig,3649,4048,399
DQ658743_3,metacontig,76,484,408
st_R29_M398772_S1_7,metacontig,445,860,415
ar_R29_M26086_S1_7,metacontig,575,988,413
MW012414_2,metacontig,75,451,376
NC_022801_3,metacontig,66,444,378
NC_030229_2,metacontig,53,451,398
sa_R29_M224_S1_1,metacontig,46,381,335
st_R29_M89485_S1_1,metacontig,57,524,467
st_R29_M191066_S1_1,metacontig,111,542,431
st_R29_M208928_S1_1,metacontig,35,337,302
NC_011803_2,metacontig,75,483,408
st_R29_M199003_S1_1,metacontig,87,414,327
st_R29_M129752_S1_4,metacontig,53,461,408
ar_R29_M21374_S1_5,metacontig,39,387,348
mm_R29_M4570_S1_3,metacontig,771,1157,386
ar_R29_M7069_S1247_2,metacontig,158,560,402
ar_R29_M20251_S1_1,metacontig,301,670,369
sa_R29_M1975_S1_2,metacontig,92,467,375
al_R29_M917_S1_3,metacontig,112,649,537
st_R29_M236521_S1_6,metacontig,361,809,448
st_R29_M3833_S1_1,metacontig,25,394,369
ma_R29_M1765_S1_1,metacontig,329,681,352
mm_R29_M4746_S1_4,metacontig,135,459,324
sa_R29_M62_S5_2,metacontig,621,1104,483
ar_R29_M28913_S1_17,metacontig,2745,3150,405
ar_R29_M23393_S1_3,metacontig,2271,2670,399
st_R29_M308401_S2_5,metacontig,49,450,401
st_R29_M120443_S1_7,metacontig,27,394,367
ar_R29_M22002_S1_1,metacontig,141,550,409
ar_R29_M6771_S1_1,metacontig,33,402,369
NC_008366_2,metacontig,94,395,301
al_R29_M612_S1_1,metacontig,254,675,421
ma_R29_M5043_S3_1,metacontig,64,483,419
MN164454_2,metacontig,53,468,415
st_R29_M120381_S1_2,metacontig,20,385,365
ar_R29_M18117_S1_7,metacontig,2293,2690,397
ar_R29_M26935_S1_2,metacontig,1766,2199,433
st_R29_M165534_S1_1,metacontig,14,347,333
KX097989_3,metacontig,2892,3375,483
ar_R29_M13868_S1_10,metacontig,960,1385,425
ar_R29_M7069_S21_28,metacontig,1782,2165,383
MG881767_2,metacontig,139,491,352
KM225263_1,metacontig,2857,3333,476
NC_005094_2,metacontig,449,881,432
KR108244_3,metacontig,2885,3374,489
st_R29_M188911_S1_10,metacontig,518,989,471
NC_040722_3,metacontig,64,439,375
NC_009642_2,metacontig,45,450,405
ar_R29_M40583_S1_3,metacontig,119,543,424
st_R29_M257230_S1_1,metacontig,35,341,306
ar_R29_M12591_S1_28,metacontig,2628,3020,392
MF069043_3,metacontig,138,491,353
mm_R29_M529_S1_1,metacontig,62,437,375
NC_040610_6,metacontig,2875,3424,549
ar_R29_M43505_S1_1,metacontig,2170,2545,375
st_R29_M171596_S1_1,metacontig,17,418,401
NC_003852_2,metacontig,55,463,408
MH748542_2,metacontig,2880,3363,483
st_R29_M35020_S1_5,metacontig,31,300,269
NC_034151_3,metacontig,2868,3360,492
st_R29_M200410_S1_1,metacontig,707,1091,384
ma_R29_M484_S1_1,metacontig,196,562,366
mm_R29_M6031_S2_7,metacontig,29,480,451
ar_R29_M33641_S1_5,metacontig,834,1380,546
st_R29_M36928_S1_2,metacontig,80,457,377
st_R29_M109450_S1_1,metacontig,80,458,378
LC488185_3,metacontig,131,470,339
KF007211_3,metacontig,76,398,322
LC601607_4,metacontig,79,410,331
st_R29_M333437_S1_1,metacontig,11,387,376
st_R29_M210333_S1_1,metacontig,29,332,303
NC_010944_2,metacontig,51,445,394
ar_R29_M22440_S1_1,metacontig,1887,2334,447
st_R29_M50630_S1_1,metacontig,17,417,400
st_R29_M33630_S1_1,metacontig,18,419,401
st_R29_M56161_S1_1,metacontig,18,419,401
ar_R29_M32596_S1_4,metacontig,1223,1597,374
st_R29_M106516_S1_1,metacontig,16,416,400
st_R29_M113155_S1_1,metacontig,16,416,400
st_R29_M130454_S1_1,metacontig,16,416,400
st_R29_M50625_S1_1,metacontig,16,416,400
st_R29_M89062_S1_1,metacontig,19,420,401
st_R29_M87723_S1_1,metacontig,15,415,400
st_R29_M108959_S1_2,metacontig,25,426,401
st_R29_M50195_S1_1,metacontig,15,415,400
ar_R29_M26627_S1_1,metacontig,342,787,445
ar_R29_M7069_S144_1,metacontig,2303,2729,426
MH414569_2,metacontig,2893,3374,481
ma_R29_M267_S1_2,metacontig,298,739,441
st_R29_M264722_S1_5,metacontig,52,451,399
ar_R29_M23483_S1_1,metacontig,696,1095,399
KR824951_2,metacontig,51,452,401
MG171192_2,metacontig,51,452,401
st_R29_M118613_S1_3,metacontig,51,452,401
st_R29_M35005_S88_2,metacontig,51,452,401
st_R29_M46439_S1_1,metacontig,51,452,401
LC523027_3,metacontig,135,452,317
ar_R29_M18305_S1_1,metacontig,750,1138,388
NC_027712_3,metacontig,60,409,349
NC_022978_2,metacontig,102,383,281
MK012556_2,metacontig,79,446,367
ar_R29_M11115_S1_1,metacontig,2182,2571,389
ar_R29_M7069_S92_7,metacontig,1407,1809,402
ar_R29_M28276_S1_3,metacontig,2,257,255
ar_R29_M33900_S1_9,metacontig,1812,2190,378
JN226146_2,metacontig,102,446,344
st_R29_M198864_S1_8,metacontig,496,919,423
mm_R29_M720_S1_12,metacontig,2113,2477,364
NC_004106_2,metacontig,53,452,399
MF198462_2,metacontig,87,467,380
JX236040_5,metacontig,2884,3371,487
KF007212_3,metacontig,85,385,300
ma_R29_M2344_S1_7,metacontig,40,355,315
ar_R29_M13274_S1_2,metacontig,1655,2050,395
st_R29_M57144_S1_1,metacontig,6,391,385
ar_R29_M24216_S1_2,metacontig,59,438,379
MT129780_2,metacontig,53,456,403
MT809205_4,metacontig,61,434,373
al_R29_M171_S1_1,metacontig,205,562,357
KM596785_2,metacontig,80,452,372
ar_R29_M7069_S977_2,metacontig,548,947,399
KY967221_2,metacontig,52,451,399
st_R29_M93362_S1_1,metacontig,19,390,371
NC_006944_7,metacontig,58,389,331
st_R29_M382601_S2_3,metacontig,295,678,383
LC523028_3,metacontig,138,491,353
st_R29_M317577_S1_3,metacontig,130,533,403
MF102261_1,metacontig,3350,3779,429
LC571586_2,metacontig,49,450,401
fu_R29_M1312_S1_12,metacontig,1212,1620,408
st_R29_M72378_S1_1,metacontig,127,617,490
NC_008365_3,metacontig,63,453,390
MN912489_2,metacontig,50,452,402
ar_R29_M38391_S1_5,metacontig,1720,2125,405
st_R29_M317827_S1_7,metacontig,2135,2517,382
st_R29_M488_S1_2,metacontig,1430,1830,400
NC_040582_3,metacontig,71,362,291
st_R29_M58599_S1_1,metacontig,55,417,362
LC507822_2,metacontig,105,487,382
st_R29_M400386_S1_2,metacontig,3,312,309
st_R29_M317567_S1_6,metacontig,63,466,403
ma_R29_M4004_S28_2,metacontig,53,451,398
st_R29_M35005_S36_2,metacontig,53,451,398
st_R29_M35005_S68_2,metacontig,53,451,398
st_R29_M35005_S87_3,metacontig,53,451,398
st_R29_M408985_S11_2,metacontig,53,451,398
ar_R29_M23204_S1_1,metacontig,945,1545,600
st_R29_M110196_S1_1,metacontig,32,430,398
st_R29_M358075_S1_1,metacontig,22,384,362
ar_R29_M16086_S1_1,metacontig,15,401,386
st_R29_M408985_S19_1,metacontig,52,450,398
st_R29_M55541_S1_5,metacontig,53,451,398
st_R29_M100047_S1_3,metacontig,53,451,398
st_R29_M126904_S1_2,metacontig,53,451,398
st_R29_M17109_S1_1,metacontig,53,451,398
st_R29_M22396_S1_2,metacontig,53,451,398
st_R29_M35005_S11_2,metacontig,53,451,398
st_R29_M35005_S17_3,metacontig,53,451,398
st_R29_M35005_S35_2,metacontig,53,451,398
st_R29_M35005_S4_3,metacontig,53,451,398
st_R29_M408985_S14_3,metacontig,53,451,398
st_R29_M57540_S1_1,metacontig,53,451,398
st_R29_M97309_S1_1,metacontig,53,451,398
ar_R29_M19402_S1_3,metacontig,729,1125,396
st_R29_M183686_S1_3,metacontig,2544,2946,402
st_R29_M408985_S16_5,metacontig,53,451,398
st_R29_M98561_S1_2,metacontig,53,446,393
DQ873692_2,metacontig,53,451,398
Z92909_2,metacontig,53,451,398
ma_R29_M3971_S2_5,metacontig,53,451,398
st_R29_M110179_S1_2,metacontig,53,451,398
st_R29_M110182_S1_3,metacontig,53,451,398
st_R29_M134942_S1_5,metacontig,53,451,398
st_R29_M15884_S1_1,metacontig,53,451,398
st_R29_M16673_S1_1,metacontig,53,451,398
st_R29_M16677_S1_2,metacontig,53,451,398
st_R29_M34877_S6_2,metacontig,53,451,398
st_R29_M35005_S30_5,metacontig,53,451,398
st_R29_M35005_S50_2,metacontig,53,451,398
st_R29_M35005_S52_6,metacontig,53,451,398
st_R29_M35005_S5_3,metacontig,53,451,398
st_R29_M35005_S65_4,metacontig,53,451,398
st_R29_M35005_S8_3,metacontig,53,451,398
st_R29_M35005_S98_1,metacontig,53,451,398
st_R29_M35005_S9_6,metacontig,53,451,398
st_R29_M408985_S7_6,metacontig,53,451,398
st_R29_M408985_S8_2,metacontig,53,451,398
st_R29_M49720_S1_6,metacontig,53,451,398
st_R29_M53097_S1_5,metacontig,53,451,398
st_R29_M63518_S1_1,metacontig,53,451,398
st_R29_M6828_S1_1,metacontig,53,451,398
st_R29_M6879_S1_3,metacontig,53,451,398
st_R29_M87206_S1_2,metacontig,53,451,398
st_R29_M87892_S1_2,metacontig,53,451,398
st_R29_M92801_S1_1,metacontig,53,451,398
KY949475_3,metacontig,53,451,398
NC_040570_3,metacontig,113,409,296
ar_R29_M10684_S1_3,metacontig,1665,2073,408
ar_R29_M13645_S1_10,metacontig,2074,2493,419
st_R29_M101836_S1_1,metacontig,225,635,410
MN862355_3,metacontig,196,649,453
st_R29_M34863_S1_1,metacontig,81,368,287
MH206615_2,metacontig,90,454,364
st_R29_M249773_S1_2,metacontig,1,301,300
ar_R29_M17437_S1_4,metacontig,2,280,278
NC_024906_2,metacontig,78,366,288
AB355139_2,metacontig,53,451,398
st_R29_M122915_S2_1,metacontig,47,339,292
ar_R29_M11196_S1_1,metacontig,2184,2585,401
st_R29_M256559_S1_1,metacontig,444,933,489
ar_R29_M21216_S7_1,metacontig,419,779,360
ar_R29_M24374_S1_4,metacontig,1468,1880,412
st_R29_M449345_S2_1,metacontig,24,420,396
MN164455_2,metacontig,51,458,407
st_R29_M304101_S1_4,metacontig,383,830,447
ar_R29_M2300_S3_1,metacontig,22,377,355
KJ463423_1,metacontig,3429,3866,437
NC_003679_1,metacontig,3342,3770,428
ma_R29_M5072_S1_1,metacontig,601,984,383
ar_R29_M40100_S1_1,metacontig,101,488,387
st_R29_M216655_S1_5,metacontig,79,465,386
st_R29_M382600_S1_2,metacontig,196,580,384
KP828049_2,metacontig,101,461,360
sa_R29_M3063_S1_1,metacontig,2073,2461,388
FR878069_3,metacontig,50,448,398
ar_R29_M28319_S1_1,metacontig,70,486,416
st_R29_M10593_S1_5,metacontig,78,366,288
st_R29_M35005_S95_1,metacontig,18,417,399
ar_R29_M14675_S1_2,metacontig,698,1126,428
st_R29_M395705_S1_2,metacontig,77,490,413
st_R29_M124697_S1_2,metacontig,84,407,323
ar_R29_M10760_S1_1,metacontig,1412,1740,328
KC517485_4,metacontig,85,407,322
KC517487_4,metacontig,85,407,322
mm_R29_M7486_S1_7,metacontig,440,918,478
st_R29_M47703_S1_7,metacontig,85,407,322
st_R29_M57240_S1_6,metacontig,85,407,322
st_R29_M78808_S1_2,metacontig,85,407,322
LC523030_3,metacontig,139,452,313
st_R29_M177787_S8_4,metacontig,99,421,322
st_R29_M17551_S1_3,metacontig,79,366,287
st_R29_M177797_S1_2,metacontig,85,407,322
st_R29_M215870_S15_7,metacontig,50,452,402
st_R29_M215870_S18_1,metacontig,50,452,402
st_R29_M64002_S1_2,metacontig,85,399,314
st_R29_M34877_S5_3,metacontig,52,451,399
st_R29_M387067_S1_1,metacontig,338,737,399
MN814306_5,metacontig,85,396,311
fu_R29_M2705_S1_2,metacontig,9,378,369
st_R29_M299400_S1_4,metacontig,51,447,396
st_R29_M110838_S1_1,metacontig,85,398,313
st_R29_M25473_S1_2,metacontig,82,404,322
NC_001598_3,metacontig,71,410,339
st_R29_M66741_S7_5,metacontig,86,407,321
st_R29_M128910_S1_8,metacontig,78,366,288
st_R29_M88550_S1_3,metacontig,81,368,287
ma_R29_M404_S1_2,metacontig,180,640,460
st_R29_M352785_S1_3,metacontig,42,448,406
sa_R29_M1310_S1_1,metacontig,187,561,374
st_R29_M8913_S1_1,metacontig,51,447,396
GU270877_1,metacontig,3348,3775,427
st_R29_M55412_S1_1,metacontig,28,337,309
ar_R29_M23703_S1_2,metacontig,85,394,309
MN928963_10,metacontig,1778,2164,386
al_R29_M315_S1_2,metacontig,358,834,476
st_R29_M78816_S1_1,metacontig,86,407,321
ar_R29_M34888_S1_5,metacontig,2444,2853,409
st_R29_M15956_S1_5,metacontig,59,393,334
st_R29_M72645_S1_1,metacontig,27,333,306
KF917536_2,metacontig,2861,3360,499
st_R29_M15963_S1_1,metacontig,86,399,313
st_R29_M78798_S1_2,metacontig,85,397,312
ar_R29_M23060_S1_3,metacontig,254,634,380
ar_R29_M8858_S1_1,metacontig,18,426,408
LC006970_1,metacontig,3461,3887,426
ri_R29_M22_S1_2,metacontig,4,276,272
ar_R29_M22345_S1_1,metacontig,6,277,271
st_R29_M381202_S1_1,metacontig,48,309,261
st_R29_M94778_S1_1,metacontig,60,389,329
st_R29_M327017_S1_2,metacontig,5,320,315
st_R29_M73379_S1_1,metacontig,85,398,313
ar_R29_M5663_S1_3,metacontig,552,957,405
st_R29_M51831_S1_2,metacontig,86,398,312
fi_R29_M592_S1_10,metacontig,127,529,402
st_R29_M382595_S2_2,metacontig,624,1008,384
st_R29_M48409_S1_2,metacontig,86,398,312
KR862330_3,metacontig,2326,2765,439
st_R29_M8288_S2_11,metacontig,79,458,379
st_R29_M87046_S15_3,metacontig,50,451,401
st_R29_M13182_S1_2,metacontig,27,336,309
st_R29_M444319_S1_1,metacontig,14,395,381
mm_R29_M3956_S1_14,metacontig,2367,2767,400
NC_008614_2,metacontig,101,447,346
st_R29_M121204_S1_6,metacontig,2296,2668,372
ar_R29_M21216_S2_2,metacontig,1535,1895,360
st_R29_M36530_S1_2,metacontig,85,397,312
st_R29_M449353_S1_1,metacontig,290,698,408
ar_R29_M29456_S1_2,metacontig,141,542,401
st_R29_M64008_S1_2,metacontig,85,393,308
st_R29_M185409_S1_2,metacontig,85,407,322
ar_R29_M28849_S1_17,metacontig,85,398,313
ar_R29_M21216_S3_1,metacontig,1751,2111,360
st_R29_M181692_S1_2,metacontig,86,407,321
KM225264_1,metacontig,2850,3333,483
st_R29_M64021_S1_2,metacontig,86,394,308
st_R29_M43030_S1_4,metacontig,94,425,331
MH279617_4,metacontig,85,392,307
AB567658_1,metacontig,3331,3763,432
mm_R29_M3309_S1_2,metacontig,428,872,444
st_R29_M66741_S73_2,metacontig,85,397,312
ar_R29_M36609_S1_1,metacontig,46,345,299
ar_R29_M22251_S1_2,metacontig,537,903,366
GQ280794_2,metacontig,92,451,359
st_R29_M331250_S1_2,metacontig,85,391,306
st_R29_M94787_S1_2,metacontig,85,391,306
ar_R29_M7069_S1370_1,metacontig,133,511,378
st_R29_M177787_S20_4,metacontig,85,392,307
st_R29_M36529_S1_1,metacontig,23,329,306
mm_R29_M6721_S1_1,metacontig,116,504,388
st_R29_M366292_S1_1,metacontig,37,389,352
ar_R29_M7069_S1324_1,metacontig,171,549,378
st_R29_M30426_S1_5,metacontig,81,475,394
st_R29_M36979_S1_2,metacontig,25,400,375
NC_009029_1,metacontig,2852,3339,487
KC517488_4,metacontig,85,392,307
MN057643_5,metacontig,2898,3397,499
st_R29_M17908_S1_13,metacontig,67,406,339
st_R29_M48420_S1_1,metacontig,85,391,306
st_R29_M409533_S1_1,metacontig,192,589,397
ar_R29_M16534_S1_1,metacontig,5,263,258
NC_035432_2,metacontig,3357,3789,432
KY110738_4,metacontig,87,398,311
ar_R29_M36969_S1_1,metacontig,6,306,300
st_R29_M127915_S1_1,metacontig,70,345,275
ar_R29_M5324_S1_1,metacontig,203,575,372
st_R29_M153947_S1_1,metacontig,65,379,314
st_R29_M110836_S1_2,metacontig,87,398,311
ar_R29_M12775_S1_1,metacontig,513,921,408
st_R29_M177798_S1_9,metacontig,87,397,310
st_R29_M374274_S1_5,metacontig,65,425,360
KM361634_4,metacontig,2850,3355,505
st_R29_M281318_S1_19,metacontig,502,974,472
st_R29_M317107_S1_6,metacontig,968,1383,415
MW006485_1,metacontig,3333,3765,432
st_R29_M124323_S1_4,metacontig,127,506,379
ma_R29_M5444_S1_1,metacontig,371,897,526
st_R29_M76396_S1_1,metacontig,31,331,300
st_R29_M177787_S113_2,metacontig,85,395,310
st_R29_M107172_S1_1,metacontig,58,366,308
st_R29_M55331_S1_5,metacontig,85,393,308
st_R29_M55343_S1_1,metacontig,85,393,308
st_R29_M64003_S1_5,metacontig,85,393,308
mm_R29_M3208_S1_2,metacontig,696,1066,370
ar_R29_M29247_S1_2,metacontig,5,326,321
HE818430_2,metacontig,43,399,356
st_R29_M55687_S1_2,metacontig,12,313,301
st_R29_M29634_S1_2,metacontig,87,399,312
ar_R29_M8132_S1_1,metacontig,411,781,370
st_R29_M177802_S1_2,metacontig,85,393,308
NC_013258_2,metacontig,87,453,366
ma_R29_M163_S19_2,metacontig,541,993,452
ar_R29_M25138_S1_4,metacontig,1934,2355,421
NC_013007_4,metacontig,95,414,319
st_R29_M64019_S1_5,metacontig,87,398,311
st_R29_M15975_S1_5,metacontig,85,393,308
st_R29_M122348_S1_2,metacontig,87,394,307
st_R29_M56477_S1_1,metacontig,3,292,289
st_R29_M89680_S1_3,metacontig,89,388,299
st_R29_M177787_S14_19,metacontig,150,459,309
st_R29_M448554_S1_1,metacontig,310,675,365
st_R29_M15962_S1_1,metacontig,75,355,280
st_R29_M331231_S1_2,metacontig,87,393,306
st_R29_M185395_S1_1,metacontig,53,358,305
st_R29_M97672_S1_1,metacontig,420,920,500
AY632538_7,metacontig,2857,3357,500
st_R29_M406060_S1_6,metacontig,66,562,496
st_R29_M64014_S1_2,metacontig,85,399,314
ar_R29_M1293_S2_7,metacontig,1546,1941,395
MH323442_3,metacontig,85,407,322
st_R29_M4989_S1_2,metacontig,20,361,341
ar_R29_M40388_S1_10,metacontig,2137,2545,408
fu_R29_M4713_S1_1,metacontig,255,645,390
ar_R29_M9584_S1_2,metacontig,93,407,314
NC_012735_3,metacontig,2850,3354,504
st_R29_M107164_S1_4,metacontig,85,397,312
st_R29_M177787_S112_7,metacontig,85,397,312
st_R29_M177795_S1_2,metacontig,85,397,312
st_R29_M331230_S1_2,metacontig,85,397,312
ar_R29_M20334_S1_1,metacontig,2024,2449,425
st_R29_M412539_S1_1,metacontig,12,359,347
st_R29_M382595_S1_9,metacontig,2108,2491,383
GQ454869_5,metacontig,88,403,315
NC_040572_3,metacontig,100,442,342
ar_R29_M15764_S1_16,metacontig,4073,4679,606
ar_R29_M7069_S681_5,metacontig,330,708,378
JQ319720_2,metacontig,53,455,402
st_R29_M250999_S1_1,metacontig,13,302,289
st_R29_M34861_S1_7,metacontig,81,366,285
st_R29_M55345_S1_1,metacontig,52,364,312
st_R29_M107170_S1_1,metacontig,54,366,312
U34586_2,metacontig,51,449,398
st_R29_M55333_S1_1,metacontig,55,367,312
mm_R29_M195_S1_1,metacontig,3,332,329
st_R29_M128767_S1_9,metacontig,115,452,337
st_R29_M420011_S1_1,metacontig,1352,1739,387
ar_R29_M42969_S1_4,metacontig,1314,1717,403
st_R29_M51844_S1_1,metacontig,61,373,312
ar_R29_M19442_S1_1,metacontig,137,627,490
KF917535_2,metacontig,2846,3337,491
ar_R29_M27189_S1_2,metacontig,2036,2468,432
st_R29_M331236_S1_2,metacontig,85,365,280
st_R29_M331239_S1_2,metacontig,85,365,280
MK279511_6,metacontig,79,484,405
MT129773_1,metacontig,1964,2350,386
st_R29_M39808_S2_2,metacontig,399,775,376
ar_R29_M12936_S1_6,metacontig,1970,2332,362
KU883267_3,metacontig,103,408,305
st_R29_M31785_S1_3,metacontig,312,669,357
st_R29_M380918_S1_1,metacontig,50,366,316
st_R29_M57279_S1_2,metacontig,85,394,309
st_R29_M102213_S1_2,metacontig,85,365,280
st_R29_M262700_S1_5,metacontig,127,510,383
ar_R29_M15444_S1_1,metacontig,123,501,378
sa_R29_M2144_S1_2,metacontig,3,244,241
st_R29_M211905_S1_1,metacontig,1208,1608,400
mm_R29_M6934_S1_2,metacontig,263,604,341
ar_R29_M37840_S1_1,metacontig,5,340,335
st_R29_M117774_S1_6,metacontig,2,270,268
NC_040834_4,metacontig,70,363,293
st_R29_M229572_S1_1,metacontig,137,698,561
st_R29_M317854_S1_1,metacontig,277,720,443
st_R29_M3958_S1_1,metacontig,719,1106,387
st_R29_M295645_S1_2,metacontig,5,289,284
st_R29_M348404_S1_3,metacontig,85,507,422
MK032068_2,metacontig,115,497,382
st_R29_M186601_S1_6,metacontig,745,1130,385
HM573451_4,metacontig,87,394,307
KC333868_2,metacontig,102,407,305
NC_003617_2,metacontig,98,440,342
NC_000943_1,metacontig,2870,3369,499
st_R29_M265860_S1_1,metacontig,1198,1627,429
st_R29_M277194_S1_1,metacontig,109,471,362
ar_R29_M22619_S1_1,metacontig,46,353,307
st_R29_M177790_S1_2,metacontig,85,393,308
MH323441_4,metacontig,88,407,319
st_R29_M185381_S1_1,metacontig,37,365,328
st_R29_M164714_S1_9,metacontig,68,424,356
st_R29_M33641_S1_1,metacontig,48,375,327
st_R29_M116430_S2_1,metacontig,64,378,314
MN116751_4,metacontig,79,480,401
ar_R29_M22516_S1_2,metacontig,102,406,304
st_R29_M174913_S1_3,metacontig,15,346,331
ar_R29_M16400_S1_2,metacontig,2200,2571,371
st_R29_M177794_S1_3,metacontig,60,390,330
st_R29_M58411_S1_2,metacontig,28,326,298
st_R29_M66741_S72_4,metacontig,87,397,310
st_R29_M440598_S1_1,metacontig,66,380,314
NC_008585_4,metacontig,90,388,298
MH814485_3,metacontig,127,506,379
DQ314805_3,metacontig,2473,2953,480
ar_R29_M40110_S1_2,metacontig,25,421,396
st_R29_M331226_S1_6,metacontig,60,393,333
ar_R29_M3842_S1_2,metacontig,4,346,342
st_R29_M328495_S2_5,metacontig,78,481,403
st_R29_M29827_S2_2,metacontig,201,611,410
st_R29_M17925_S1_2,metacontig,28,333,305
ma_R29_M6090_S1_1,metacontig,303,815,512
ar_R29_M27611_S1_8,metacontig,1482,1881,399
KU883266_4,metacontig,85,398,313
ar_R29_M28763_S1_3,metacontig,142,541,399
NC_024018_1,metacontig,3343,3792,449
st_R29_M38058_S1_1,metacontig,19,345,326
st_R29_M101938_S1_1,metacontig,167,560,393
KX576461_1,metacontig,3337,3801,464
ar_R29_M5995_S1_1,metacontig,1545,1917,372
ar_R29_M26381_S2_4,metacontig,779,1194,415
ar_R29_M22096_S1_1,metacontig,713,1093,380
ar_R29_M36770_S1_5,metacontig,1419,1832,413
ar_R29_M7069_S1286_1,metacontig,198,584,386
LC523033_3,metacontig,164,487,323
st_R29_M262737_S1_1,metacontig,25,331,306
st_R29_M8221_S1_10,metacontig,61,420,359
st_R29_M289013_S1_2,metacontig,334,745,411
ar_R29_M24806_S1_2,metacontig,186,588,402
MF102260_1,metacontig,3335,3761,426
LC523034_4,metacontig,137,490,353
st_R29_M272951_S1_1,metacontig,260,689,429
st_R29_M177788_S1_5,metacontig,87,394,307
fu_R29_M2437_S2_1,metacontig,27,408,381
NC_005849_2,metacontig,309,674,365
MH385014_7,metacontig,2879,3369,490
ar_R29_M22360_S1_2,metacontig,59,440,381
st_R29_M25724_S1_1,metacontig,53,434,381
LR824489_1,metacontig,3343,3756,413
KF751871_2,metacontig,2870,3371,501
st_R29_M64005_S1_4,metacontig,87,393,306
st_R29_M281324_S1_3,metacontig,522,948,426
st_R29_M140868_S1_1,metacontig,9,236,227
ar_R29_M35414_S1_2,metacontig,117,496,379
st_R29_M266327_S1_4,metacontig,74,473,399
st_R29_M66741_S74_1,metacontig,77,397,320
st_R29_M294697_S1_8,metacontig,74,473,399
sa_R29_M903_S1_2,metacontig,59,333,274
ar_R29_M39121_S1_4,metacontig,2350,2772,422
mm_R29_M2026_S1_3,metacontig,94,482,388
st_R29_M69966_S1_3,metacontig,154,428,274
st_R29_M77594_S1_3,metacontig,79,476,397
ar_R29_M5652_S1_2,metacontig,2099,2508,409
ar_R29_M37806_S1_6,metacontig,1930,2328,398
st_R29_M332709_S1_1,metacontig,3,366,363
ar_R29_M10903_S1_3,metacontig,2665,3044,379
JQ957869_2,metacontig,2896,3383,487
st_R29_M124807_S1_2,metacontig,78,481,403
st_R29_M19021_S2_9,metacontig,78,481,403
st_R29_M19021_S5_3,metacontig,78,481,403
st_R29_M328495_S3_5,metacontig,78,481,403
st_R29_M366295_S1_1,metacontig,39,395,356
mm_R29_M1924_S1_1,metacontig,115,505,390
st_R29_M19021_S1_6,metacontig,78,481,403
ar_R29_M15668_S1_3,metacontig,97,526,429
MN882023_2,metacontig,50,451,401
ar_R29_M7069_S571_1,metacontig,1658,2036,378
ma_R29_M500_S1_2,metacontig,76,420,344
st_R29_M127118_S1_3,metacontig,13,337,324
ar_R29_M7501_S1_7,metacontig,156,554,398
st_R29_M2642_S1_3,metacontig,102,444,342
NC_005209_2,metacontig,96,444,348
mm_R29_M1537_S1_1,metacontig,442,922,480
ar_R29_M37944_S1_3,metacontig,525,926,401
NC_005895_2,metacontig,108,443,335
st_R29_M92046_S1_1,metacontig,623,966,343
st_R29_M116419_S1_1,metacontig,1032,1416,384
ar_R29_M6834_S1_2,metacontig,103,488,385
LC127213_2,metacontig,102,491,389
ar_R29_M5129_S1_1,metacontig,161,551,390
st_R29_M238340_S1_5,metacontig,82,464,382
MW147758_3,metacontig,131,513,382
st_R29_M314834_S1_3,metacontig,75,433,358
st_R29_M143882_S1_6,metacontig,102,421,319
ar_R29_M32951_S1_1,metacontig,149,496,347
ar_R29_M11134_S1_1,metacontig,884,1276,392
st_R29_M366224_S1_1,metacontig,94,488,394
mm_R29_M5052_S1_1,metacontig,237,521,284
st_R29_M186605_S1_2,metacontig,61,473,412
ma_R29_M757_S1_6,metacontig,174,633,459
ar_R29_M34059_S1_1,metacontig,2219,2787,568
st_R29_M14705_S1_2,metacontig,276,647,371
st_R29_M69052_S1_2,metacontig,78,434,356
st_R29_M55487_S1_2,metacontig,13,338,325
KU589213_3,metacontig,102,417,315
ma_R29_M7952_S1_1,metacontig,103,491,388
st_R29_M17254_S1_1,metacontig,35,382,347
st_R29_M326126_S1_1,metacontig,114,523,409
HM147822_3,metacontig,2882,3390,508
fu_R29_M2262_S1_5,metacontig,1035,1376,341
st_R29_M39808_S1_20,metacontig,2518,2894,376
ar_R29_M8160_S1_1,metacontig,21,340,319
st_R29_M316656_S1_1,metacontig,23,434,411
ar_R29_M34976_S1_2,metacontig,13,437,424
KU318317_2,metacontig,854,1242,388
ar_R29_M40454_S1_3,metacontig,100,526,426
fi_R29_M626_S1_1,metacontig,58,508,450
ar_R29_M1609_S1_6,metacontig,153,632,479
LC523021_2,metacontig,80,435,355
st_R29_M77601_S1_5,metacontig,79,477,398
JX123031_2,metacontig,2890,3392,502
ar_R29_M37697_S1_1,metacontig,2307,2732,425
ar_R29_M26381_S1_2,metacontig,2342,2755,413
EF632069_7,metacontig,2504,2947,443
ma_R29_M404_S2_2,metacontig,180,605,425
ar_R29_M8616_S1_8,metacontig,407,889,482
KP296858_2,metacontig,2331,2771,440
ar_R29_M4959_S1_3,metacontig,6,297,291
ar_R29_M8416_S1_1,metacontig,1687,2057,370
st_R29_M117788_S1_3,metacontig,74,434,360
NC_008310_2,metacontig,102,491,389
DQ176636_3,metacontig,2882,3386,504
sa_R29_M707_S1_2,metacontig,78,548,470
mm_R29_M754_S1_1,metacontig,122,507,385
fu_R29_M5880_S1_3,metacontig,1915,2306,391
mm_R29_M524_S1_1,metacontig,87,466,379
st_R29_M82470_S1_3,metacontig,305,673,368
NC_040840_3,metacontig,71,394,323
EF424629_3,metacontig,2467,2946,479
st_R29_M220511_S1_1,metacontig,45,429,384
st_R29_M119849_S1_2,metacontig,75,433,358
st_R29_M419838_S1_2,metacontig,97,431,334
st_R29_M144857_S1_3,metacontig,293,657,364
st_R29_M238144_S1_1,metacontig,3,350,347
ar_R29_M4952_S1_6,metacontig,417,779,362
st_R29_M153977_S1_3,metacontig,53,425,372
NC_009026_3,metacontig,2858,3358,500
st_R29_M365904_S1_3,metacontig,237,629,392
st_R29_M120683_S1_1,metacontig,4,328,324
st_R29_M198870_S1_3,metacontig,108,445,337
st_R29_M198877_S1_2,metacontig,108,445,337
st_R29_M27151_S1_1,metacontig,15,314,299
ar_R29_M12119_S1_1,metacontig,1228,1672,444
ar_R29_M20239_S1_1,metacontig,15,351,336
st_R29_M239900_S1_1,metacontig,45,491,446
ar_R29_M28221_S1_5,metacontig,1179,1604,425
mm_R29_M3931_S1_1,metacontig,506,967,461
ar_R29_M816_S1_11,metacontig,2259,2653,394
ar_R29_M18752_S1_1,metacontig,2278,2669,391
AY898809_3,metacontig,2880,3371,491
st_R29_M408995_S1_5,metacontig,9,351,342
st_R29_M412418_S1_4,metacontig,784,1179,395
ar_R29_M24452_S1_2,metacontig,1004,1388,384
st_R29_M111781_S1_2,metacontig,106,437,331
st_R29_M164653_S1_7,metacontig,3789,4348,559
KJ470624_10,metacontig,2478,2953,475
KY073324_2,metacontig,123,499,376
MG717928_3,metacontig,2473,2951,478
ar_R29_M20653_S1_2,metacontig,422,813,391
ma_R29_M1347_S1_3,metacontig,103,491,388
NC_007580_5,metacontig,2878,3364,486
st_R29_M357596_S1_3,metacontig,112,471,359
MN639770_5,metacontig,2879,3369,490
NC_022072_3,metacontig,104,486,382
ar_R29_M7069_S1579_1,metacontig,55,318,263
fi_R29_M554_S1_1,metacontig,3870,4303,433
st_R29_M276771_S1_4,metacontig,111,527,416
st_R29_M88573_S1_1,metacontig,345,769,424
st_R29_M251621_S1_3,metacontig,264,641,377
NC_034509_3,metacontig,59,465,406
JF488088_6,metacontig,2881,3381,500
st_R29_M176275_S1_1,metacontig,225,615,390
st_R29_M35187_S1_2,metacontig,1092,1466,374
KY426757_3,metacontig,2869,3396,527
ar_R29_M7069_S392_1,metacontig,1899,2288,389
NC_002358_3,metacontig,64,468,404
KC754958_4,metacontig,2868,3373,505
st_R29_M210104_S1_8,metacontig,78,477,399
AF217620_4,metacontig,2879,3368,489
st_R29_M39678_S1_11,metacontig,79,474,395
ar_R29_M12119_S2_1,metacontig,2245,2689,444
ma_R29_M5997_S1_4,metacontig,2954,3306,352
ma_R29_M3765_S1_2,metacontig,206,599,393
st_R29_M197510_S1_1,metacontig,1272,1641,369
ar_R29_M32085_S1_4,metacontig,123,708,585
st_R29_M112802_S1_1,metacontig,251,646,395
MT040194_1,metacontig,4328,4702,374
st_R29_M312117_S1_1,metacontig,2,348,346
KX377970_1,metacontig,4586,4995,409
st_R29_M161589_S1_1,metacontig,71,469,398
ar_R29_M4252_S2_3,metacontig,336,744,408
st_R29_M111889_S1_4,metacontig,751,1151,400
JX183557_8,metacontig,2472,2948,476
st_R29_M35543_S1_2,metacontig,464,874,410
st_R29_M39674_S1_1,metacontig,113,508,395
st_R29_M34092_S1_4,metacontig,388,824,436
ch_R29_M331_S1_1,metacontig,74,429,355
st_R29_M97915_S1_5,metacontig,3409,3814,405
st_R29_M111753_S1_2,metacontig,107,439,332
ar_R29_M7069_S220_10,metacontig,2258,2652,394
ar_R29_M9430_S1_15,metacontig,2235,2607,372
st_R29_M231337_S1_2,metacontig,112,444,332
NC_034204_3,metacontig,2869,3347,478
ar_R29_M23076_S1_2,metacontig,1512,1876,364
ma_R29_M126_S1_4,metacontig,809,1195,386
st_R29_M222078_S1_1,metacontig,5,246,241
KF562072_1,metacontig,4583,4988,405
st_R29_M40678_S1_9,metacontig,2335,2730,395
mm_R29_M1538_S2_3,metacontig,243,642,399
st_R29_M33949_S1_1,metacontig,3,323,320
KJ660072_1,metacontig,3338,3766,428
al_R29_M436_S1_8,metacontig,1420,1860,440
st_R29_M366210_S4_3,metacontig,177,550,373
st_R29_M291410_S1_2,metacontig,122,461,339
ar_R29_M6724_S1_1,metacontig,465,857,392
KJ470625_4,metacontig,2474,2948,474
st_R29_M293893_S1_4,metacontig,34,385,351
MN901923_4,metacontig,84,438,354
AM158439_1,metacontig,1587,1926,339
NC_008266_1,metacontig,1587,1926,339
mm_R29_M3475_S1_4,metacontig,1847,2236,389
LC523020_1,metacontig,2393,2729,336
st_R29_M72393_S1_1,metacontig,13,289,276
st_R29_M40733_S1_3,metacontig,15,366,351
st_R29_M366210_S3_6,metacontig,240,613,373
KP313732_1,metacontig,3335,3781,446
JF735123_7,metacontig,2445,2955,510
AF144618_1,metacontig,3345,3758,413
ar_R29_M7069_S1031_3,metacontig,487,907,420
st_R29_M111766_S1_2,metacontig,107,442,335
st_R29_M102570_S1_4,metacontig,378,758,380
AB008336_6,metacontig,2357,2774,417
MN814305_4,metacontig,136,467,331
ar_R29_M41941_S1_3,metacontig,1920,2321,401
st_R29_M4315_S1_4,metacontig,125,478,353
NC_008719_2,metacontig,2850,3329,479
KM677246_3,metacontig,2879,3380,501
fu_R29_M2437_S1_7,metacontig,1768,2150,382
HQ852462_6,metacontig,2433,2920,487
st_R29_M26881_S1_1,metacontig,112,402,290
st_R29_M110264_S1_3,metacontig,78,472,394
DQ314806_7,metacontig,2474,2953,479
MH979232_1,metacontig,3334,3772,438
ar_R29_M23896_S1_3,metacontig,816,1192,376
NC_029055_6,metacontig,2866,3373,507
st_R29_M446316_S1_1,metacontig,15,285,270
st_R29_M182028_S1_5,metacontig,577,948,371
MH924836_5,metacontig,2881,3383,502
st_R29_M17570_S1_4,metacontig,73,470,397
st_R29_M446521_S1_2,metacontig,73,470,397
ar_R29_M36920_S1_1,metacontig,1969,2366,397
st_R29_M72281_S1_3,metacontig,126,525,399
st_R29_M126971_S1_1,metacontig,872,1252,380
st_R29_M278240_S1_1,metacontig,273,634,361
KY766069_3,metacontig,2883,3365,482
st_R29_M43667_S1_1,metacontig,11,340,329
al_R29_M44_S1_3,metacontig,403,835,432
FJ159131_7,metacontig,2886,3386,500
ar_R29_M20529_S1_1,metacontig,7,336,329
ma_R29_M6173_S1_18,metacontig,900,1248,348
ar_R29_M4252_S1_6,metacontig,613,1028,415
ar_R29_M17916_S1_3,metacontig,52,456,404
mm_R29_M1132_S1_1,metacontig,1854,2241,387
JQ796828_2,metacontig,127,506,379
LC586217_3,metacontig,4226,4601,375
st_R29_M166865_S1_2,metacontig,24,312,288
st_R29_M390492_S1_3,metacontig,288,641,353
st_R29_M111768_S1_1,metacontig,110,442,332
NC_040776_5,metacontig,2869,3355,486
ar_R29_M35188_S1_8,metacontig,2392,2811,419
KC757383_1,metacontig,3350,3779,429
KJ470616_7,metacontig,2443,2952,509
MH271407_2,metacontig,101,447,346
ar_R29_M34113_S1_1,metacontig,21,482,461
st_R29_M145647_S1_1,metacontig,330,739,409
st_R29_M31787_S1_1,metacontig,20,433,413
sp_R29_M585_S1_2,metacontig,251,643,392
GQ902940_1,metacontig,3343,3757,414
st_R29_M111887_S1_4,metacontig,579,956,377
KU563155_1,metacontig,3446,3871,425
AY646427_3,metacontig,3345,3807,462
ar_R29_M19982_S2_1,metacontig,58,436,378
KF669877_2,metacontig,3344,3801,457
ma_R29_M404_S3_2,metacontig,179,605,426
st_R29_M34663_S6_5,metacontig,277,630,353
st_R29_M191032_S1_2,metacontig,1422,1801,379
st_R29_M311155_S1_3,metacontig,58,425,367
ar_R29_M5747_S1_3,metacontig,75,446,371
st_R29_M33135_S1_8,metacontig,826,1146,320
LC461961_3,metacontig,2879,3377,498
JQ655295_2,metacontig,127,506,379
ch_R29_M53_S1_8,metacontig,2849,3221,372
st_R29_M13915_S1_1,metacontig,30,391,361
st_R29_M426213_S1_12,metacontig,77,479,402
ar_R29_M13969_S1_1,metacontig,29,477,448
st_R29_M60818_S2_6,metacontig,1170,1528,358
AB792683_4,metacontig,2444,2952,508
st_R29_M61870_S1_1,metacontig,6,353,347
st_R29_M111937_S1_1,metacontig,51,453,402
KP710606_9,metacontig,2316,2733,417
LC497470_1,metacontig,2876,3429,553
MT981417_1,metacontig,1803,2165,362
st_R29_M227366_S1_1,metacontig,286,667,381
JF343793_7,metacontig,2489,2934,445
LC507097_2,metacontig,5,361,356
KX857724_1,metacontig,3333,3778,445
KF917538_3,metacontig,2860,3347,487
KC618398_5,metacontig,2319,2733,414
st_R29_M199839_S1_1,metacontig,10,460,450
HQ852465_6,metacontig,2474,2919,445
st_R29_M23416_S1_1,metacontig,3,274,271
st_R29_M71504_S10_4,metacontig,323,675,352
st_R29_M373247_S1_2,metacontig,2967,3401,434
KF268446_7,metacontig,2704,3148,444
MK775591_2,metacontig,100,435,335
KM504123_8,metacontig,2482,2947,465
al_R29_M906_S1_6,metacontig,9,362,353
st_R29_M56475_S1_1,metacontig,46,385,339
mm_R29_M3507_S1_8,metacontig,533,961,428
FJ435090_2,metacontig,2472,2947,475
HQ852466_7,metacontig,2470,2914,444
st_R29_M442580_S1_1,metacontig,2192,2565,373
st_R29_M257538_S1_1,metacontig,21,297,276
JX266782_3,metacontig,123,498,375
KJ439774_10,metacontig,2464,2942,478
JF735120_4,metacontig,2565,3012,447
fu_R29_M2903_S2_1,metacontig,154,517,363
st_R29_M374290_S1_1,metacontig,782,1182,400
st_R29_M212658_S1_1,metacontig,120,591,471
ar_R29_M19430_S1_1,metacontig,378,833,455
DQ256376_3,metacontig,2892,3392,500
ar_R29_M33286_S1_1,metacontig,1737,2126,389
st_R29_M31349_S1_1,metacontig,253,636,383
st_R29_M172058_S1_10,metacontig,733,1099,366
KP710605_6,metacontig,2319,2733,414
st_R29_M253555_S1_3,metacontig,77,478,401
ar_R29_M7069_S830_1,metacontig,845,1245,400
MK910229_1,metacontig,3254,3687,433
KC963967_1,metacontig,3334,3781,447
FJ265020_1,metacontig,3338,3802,464
ch_R29_M362_S1_4,metacontig,4120,4506,386
NC_023176_1,metacontig,3365,3792,427
st_R29_M400878_S1_1,metacontig,65,443,378
st_R29_M112638_S1_3,metacontig,1193,1568,375
NC_002351_3,metacontig,73,470,397
st_R29_M71504_S11_5,metacontig,552,904,352
NC_009827_6,metacontig,2472,2950,478
ar_R29_M7069_S497_1,metacontig,2164,2584,420
st_R29_M284423_S1_1,metacontig,291,641,350
KY073323_3,metacontig,127,505,378
ar_R29_M1700_S1_1,metacontig,734,1102,368
ar_R29_M30513_S1_2,metacontig,294,647,353
ar_R29_M32929_S1_4,metacontig,105,532,427
mm_R29_M5642_S1_1,metacontig,1913,2277,364
fu_R29_M2118_S1_4,metacontig,131,644,513
MN539274_4,metacontig,94,516,422
st_R29_M269720_S1_5,metacontig,66,465,399
AB691596_4,metacontig,2435,2952,517
KT162925_7,metacontig,1397,1784,387
MK234885_6,metacontig,2304,2718,414
st_R29_M389709_S1_2,metacontig,42,277,235
HM440559_2,metacontig,2868,3390,522
st_R29_M235504_S1_1,metacontig,262,608,346
ar_R29_M10521_S1_2,metacontig,37,279,242
st_R29_M298601_S1_2,metacontig,791,1157,366
st_R29_M69039_S1_2,metacontig,2,336,334
MN385583_10,metacontig,2439,2953,514
ar_R29_M33409_S1_3,metacontig,186,589,403
st_R29_M367492_S1_3,metacontig,845,1206,361
AY765264_3,metacontig,2892,3392,500
ar_R29_M24787_S1_1,metacontig,1448,1804,356
NC_005343_1,metacontig,1603,1941,338
LC582740_4,metacontig,2853,3381,528
ar_R29_M32263_S1_1,metacontig,117,500,383
st_R29_M145905_S1_2,metacontig,309,715,406
LT907992_1,metacontig,3353,3781,428
LT907991_1,metacontig,3494,3922,428
ar_R29_M41776_S1_1,metacontig,7,255,248
JF735110_6,metacontig,2486,2892,406
st_R29_M26870_S1_3,metacontig,794,1118,324
st_R29_M238348_S1_2,metacontig,187,548,361
JF735111_4,metacontig,2492,2925,433
NC_007649_1,metacontig,4200,4572,372
st_R29_M25519_S1_2,metacontig,7,391,384
KM504111_5,metacontig,2474,2948,474
JF735119_5,metacontig,2491,2884,393
st_R29_M141612_S1_1,metacontig,1447,1798,351
ar_R29_M25762_S1_5,metacontig,385,798,413
st_R29_M34877_S4_6,metacontig,128,491,363
mm_R29_M461_S1_1,metacontig,240,628,388
st_R29_M135436_S1_1,metacontig,114,529,415
NC_003687_4,metacontig,2868,3391,523
KP710602_8,metacontig,2313,2727,414
mm_R29_M5793_S24_1,metacontig,1814,2207,393
mm_R29_M1538_S1_3,metacontig,1599,1982,383
KM504110_7,metacontig,2479,2949,470
st_R29_M359719_S1_4,metacontig,1039,1429,390
NC_002729_1,metacontig,1363,1739,376
st_R29_M41425_S1_1,metacontig,40,298,258
KF918753_1,metacontig,3343,3773,430
ro_R29_M65_S1_1,metacontig,135,529,394
MN398900_1,metacontig,4588,4947,359
KP710600_5,metacontig,2313,2727,414
KC618401_8,metacontig,2313,2727,414
MK775204_1,metacontig,4520,4951,431
st_R29_M323038_S1_1,metacontig,77,440,363
st_R29_M216691_S1_2,metacontig,218,556,338
ma_R29_M4057_S1_2,metacontig,208,648,440
KY014622_6,metacontig,2471,2947,476
ma_R29_M1760_S1_4,metacontig,926,1357,431
LC523022_3,metacontig,99,435,336
NC_026620_1,metacontig,2817,3290,473
st_R29_M133479_S1_7,metacontig,1,349,348
st_R29_M298612_S1_2,metacontig,756,1122,366
MK583170_2,metacontig,2854,3361,507
st_R29_M58298_S1_1,metacontig,4,287,283
st_R29_M35196_S1_4,metacontig,351,641,290
JX183549_3,metacontig,2470,2945,475
st_R29_M359710_S1_7,metacontig,2364,2756,392
st_R29_M183800_S1_3,metacontig,539,930,391
st_R29_M169666_S1_2,metacontig,4,389,385
KM058745_2,metacontig,113,490,377
st_R29_M198715_S1_3,metacontig,407,807,400
st_R29_M225948_S1_1,metacontig,93,493,400
mm_R29_M1855_S1_2,metacontig,146,538,392
KC517492_4,metacontig,87,397,310
st_R29_M85251_S1_5,metacontig,1056,1429,373
JF416957_4,metacontig,2868,3370,502
fu_R29_M2290_S1_2,metacontig,484,854,370
AJ238607_2,metacontig,83,470,387
st_R29_M118248_S1_4,metacontig,226,575,349
st_R29_M96461_S1_3,metacontig,300,669,369
st_R29_M69053_S1_1,metacontig,287,621,334
ar_R29_M36553_S10_1,metacontig,275,636,361
MK956940_2,metacontig,79,439,360
st_R29_M144864_S1_1,metacontig,117,488,371
D87263_6,metacontig,2304,2718,414
st_R29_M132754_S1_1,metacontig,2,269,267
HQ331235_6,metacontig,2355,2771,416
st_R29_M27705_S1_1,metacontig,296,655,359
KJ470622_6,metacontig,2479,2953,474
MK770418_1,metacontig,1594,1955,361
ar_R29_M33973_S1_1,metacontig,1162,1555,393
st_R29_M52814_S1_4,metacontig,820,1152,332
st_R29_M153993_S1_2,metacontig,30,392,362
st_R29_M265528_S1_1,metacontig,420,796,376
NC_024017_2,metacontig,2886,3369,483
st_R29_M238414_S1_1,metacontig,142,526,384
LT797813_2,metacontig,3334,3780,446
ar_R29_M36553_S8_7,metacontig,313,674,361
ar_R29_M242_S1_3,metacontig,1474,1872,398
st_R29_M299250_S1_2,metacontig,123,487,364
ar_R29_M21419_S1_1,metacontig,8,279,271
st_R29_M437067_S1_9,metacontig,186,618,432
MN025505_17,metacontig,4082,4552,470
ar_R29_M29027_S1_1,metacontig,2126,2532,406
mm_R29_M8213_S1_1,metacontig,9,288,279
FJ839869_3,metacontig,2460,2940,480
KX577637_1,metacontig,3346,3781,435
st_R29_M414965_S1_2,metacontig,33,437,404
FJ462431_5,metacontig,2460,2938,478
ar_R29_M23710_S1_7,metacontig,2083,2453,370
st_R29_M265535_S1_1,metacontig,14,352,338
AF070476_3,metacontig,2401,2816,415
st_R29_M167098_S1_1,metacontig,1816,2166,350
st_R29_M110132_S1_1,metacontig,155,489,334
ar_R29_M13670_S1_1,metacontig,1679,2069,390
JF735122_6,metacontig,2471,2952,481
st_R29_M16636_S1_1,metacontig,21,354,333
st_R29_M265856_S1_1,metacontig,223,590,367
MT505352_4,metacontig,3073,3631,558
st_R29_M81469_S1_13,metacontig,83,454,371
ar_R29_M24807_S1_2,metacontig,261,650,389
KJ470621_4,metacontig,2478,2953,475
st_R29_M257800_S1_4,metacontig,78,422,344
st_R29_M53285_S1_2,metacontig,79,479,400
ar_R29_M15546_S1_4,metacontig,964,1337,373
ar_R29_M242_S3_3,metacontig,117,515,398
FJ839870_9,metacontig,2458,2937,479
ma_R29_M366_S1_3,metacontig,52,286,234
KY363796_1,metacontig,1448,1800,352
st_R29_M167221_S1_4,metacontig,97,415,318
st_R29_M324575_S1_1,metacontig,146,591,445
ar_R29_M7069_S557_4,metacontig,198,618,420
st_R29_M298602_S1_1,metacontig,794,1161,367
NC_011554_1,metacontig,290,669,379
ar_R29_M41579_S1_2,metacontig,329,773,444
st_R29_M367506_S1_1,metacontig,247,592,345
st_R29_M1251_S1_1,metacontig,149,551,402
KJ470620_10,metacontig,2479,2954,475
st_R29_M407814_S1_12,metacontig,1578,1943,365
st_R29_M366437_S1_1,metacontig,593,958,365
D84263_5,metacontig,2471,2946,475
sa_R29_M619_S1_1,metacontig,1618,1969,351
ar_R29_M25310_S1_5,metacontig,2151,2541,390
MT079816_2,metacontig,3351,3781,430
MN450069_1,metacontig,1562,1900,338
LT837585_1,metacontig,3350,3772,422
ar_R29_M29005_S1_5,metacontig,1589,1940,351
ar_R29_M40940_S1_1,metacontig,2152,2544,392
ar_R29_M5510_S1_2,metacontig,1415,1994,579
ar_R29_M13055_S1_1,metacontig,277,739,462
mm_R29_M1411_S1_2,metacontig,1801,2156,355
st_R29_M259962_S12_2,metacontig,508,900,392
MT505350_3,metacontig,3134,3616,482
AF268278_1,metacontig,3493,3923,430
st_R29_M171593_S1_1,metacontig,301,682,381
st_R29_M373206_S1_2,metacontig,95,426,331
st_R29_M173891_S1_1,metacontig,16,348,332
st_R29_M213247_S1_6,metacontig,1212,1547,335
st_R29_M176351_S1_1,metacontig,22,370,348
NC_012533_4,metacontig,2878,3384,506
FJ462436_5,metacontig,2476,2953,477
st_R29_M79335_S1_1,metacontig,294,642,348
st_R29_M83997_S1_1,metacontig,26,377,351
st_R29_M183871_S1_1,metacontig,710,1045,335
st_R29_M426298_S1_3,metacontig,13,368,355
KJ633033_2,metacontig,2866,3357,491
ar_R29_M27558_S2_2,metacontig,958,1397,439
KM504121_5,metacontig,2468,2947,479
st_R29_M441252_S1_1,metacontig,50,441,391
fu_R29_M2903_S1_2,metacontig,1436,1799,363
st_R29_M210501_S2_1,metacontig,150,511,361
JF735117_7,metacontig,2487,2957,470
st_R29_M82146_S1_4,metacontig,2534,2901,367
st_R29_M363373_S1_4,metacontig,130,505,375
ar_R29_M27975_S1_2,metacontig,1982,2361,379
ar_R29_M22806_S1_9,metacontig,1644,2034,390
AY182001_5,metacontig,1143,1526,383
st_R29_M63392_S1_1,metacontig,929,1286,357
JQ423939_3,metacontig,119,498,379
ar_R29_M6169_S1_1,metacontig,392,848,456
sa_R29_M3196_S1_1,metacontig,15,332,317
AJ585412_1,metacontig,3371,3797,426
ar_R29_M7365_S1_1,metacontig,4624,5197,573
AF121950_5,metacontig,2428,2842,414
NC_010538_1,metacontig,1581,1942,361
st_R29_M238412_S1_6,metacontig,1145,1595,450
NC_008707_1,metacontig,288,669,381
MK102095_1,metacontig,3349,3769,420
ar_R29_M32201_S3_3,metacontig,354,770,416
KP313764_3,metacontig,88,481,393
st_R29_M366455_S1_8,metacontig,662,1023,361
MG599477_3,metacontig,2866,3344,478
st_R29_M197668_S1_4,metacontig,1507,1853,346
NC_009823_5,metacontig,2488,2928,440
st_R29_M233723_S1_1,metacontig,448,975,527
sa_R29_M2999_S1_2,metacontig,11,276,265
st_R29_M80004_S1_1,metacontig,63,462,399
ar_R29_M19084_S1_1,metacontig,1997,2363,366
JQ686833_4,metacontig,1921,2315,394
st_R29_M133070_S1_1,metacontig,22,396,374
st_R29_M44889_S1_1,metacontig,69,436,367
st_R29_M69621_S1_1,metacontig,27,393,366
KR108251_1,metacontig,1538,1874,336
KY774446_1,metacontig,1721,2089,368
st_R29_M93546_S1_2,metacontig,99,435,336
st_R29_M410249_S1_1,metacontig,1804,2165,361
st_R29_M230415_S1_10,metacontig,99,439,340
st_R29_M35746_S1_1,metacontig,80,418,338
st_R29_M75586_S1_1,metacontig,107,482,375
st_R29_M210501_S1_3,metacontig,243,597,354
ar_R29_M22615_S1_1,metacontig,16,409,393
st_R29_M318310_S1_2,metacontig,1040,1435,395
st_R29_M15906_S1_3,metacontig,100,467,367
st_R29_M182162_S1_1,metacontig,152,479,327
st_R29_M298618_S1_10,metacontig,2339,2706,367
fi_R29_M1461_S1_1,metacontig,69,403,334
JN704144_1,metacontig,3343,3781,438
EF424625_6,metacontig,2459,2946,487
st_R29_M402133_S1_1,metacontig,101,463,362
D84264_6,metacontig,2471,2946,475
LC089875_1,metacontig,3336,3772,436
st_R29_M318407_S1_1,metacontig,8,338,330
st_R29_M1252_S1_1,metacontig,407,808,401
st_R29_M102534_S1_1,metacontig,207,558,351
NC_030791_6,metacontig,2464,2941,477
st_R29_M399941_S1_6,metacontig,1525,1847,322
ar_R29_M4054_S1_1,metacontig,209,611,402
st_R29_M367842_S1_7,metacontig,3158,3527,369
MH188019_1,metacontig,2293,2691,398
st_R29_M197493_S1_4,metacontig,300,634,334
JF735113_3,metacontig,2491,2936,445
st_R29_M15021_S1_1,metacontig,16,326,310
st_R29_M427228_S1_1,metacontig,161,523,362
st_R29_M403071_S1_2,metacontig,90,478,388
ma_R29_M6451_S1_13,metacontig,3343,3781,438
NC_018713_1,metacontig,3345,3755,410
st_R29_M72481_S1_8,metacontig,1570,1929,359
st_R29_M98710_S1_2,metacontig,513,871,358
st_R29_M272952_S1_1,metacontig,103,465,362
st_R29_M31068_S1_1,metacontig,179,559,380
NC_014730_1,metacontig,1424,1805,381
AM910652_7,metacontig,2467,2948,481
st_R29_M197796_S1_1,metacontig,3,275,272
ar_R29_M9347_S1_1,metacontig,10,370,360
st_R29_M152260_S1_2,metacontig,125,454,329
st_R29_M40732_S1_1,metacontig,125,454,329
st_R29_M213263_S1_1,metacontig,293,628,335
KX268355_4,metacontig,2858,3339,481
MH899945_2,metacontig,3351,3772,421
sa_R29_M2569_S1_12,metacontig,795,1181,386
st_R29_M357387_S1_4,metacontig,419,785,366
MG596238_1,metacontig,1544,1869,325
st_R29_M81552_S1_1,metacontig,107,480,373
ar_R29_M14075_S1_1,metacontig,1989,2355,366
KC481679_6,metacontig,2867,3372,505
st_R29_M49676_S1_1,metacontig,16,348,332
st_R29_M53060_S1_1,metacontig,33,369,336
NC_011809_1,metacontig,288,668,380
st_R29_M406321_S1_1,metacontig,1441,1824,383
NC_026248_1,metacontig,1575,1914,339
st_R29_M71482_S1_3,metacontig,5,340,335
mm_R29_M4903_S1_1,metacontig,49,356,307
st_R29_M118208_S1_4,metacontig,1404,1739,335
st_R29_M415118_S1_2,metacontig,12,340,328
st_R29_M407252_S1_2,metacontig,2061,2447,386
fu_R29_M3053_S1_1,metacontig,81,459,378
st_R29_M104339_S1_3,metacontig,107,458,351
st_R29_M167107_S1_1,metacontig,712,1057,345
st_R29_M111155_S1_1,metacontig,343,700,357
ar_R29_M4823_S1_1,metacontig,656,1009,353
NC_040835_1,metacontig,1168,1501,333
st_R29_M329390_S1_1,metacontig,16,320,304
st_R29_M286539_S1_1,metacontig,165,557,392
st_R29_M260231_S1_1,metacontig,18,350,332
MK007550_4,metacontig,2866,3356,490
KJ470617_8,metacontig,2442,2953,511
st_R29_M53061_S1_1,metacontig,18,350,332
MH745161_5,metacontig,1921,2316,395
ar_R29_M27558_S1_1,metacontig,1935,2374,439
st_R29_M100857_S1_1,metacontig,15,396,381
NC_008169_2,metacontig,2096,2510,414
st_R29_M329286_S1_2,metacontig,1401,1743,342
st_R29_M176322_S1_9,metacontig,1593,1943,350
MT114149_2,metacontig,1567,1907,340
ch_R29_M292_S1_8,metacontig,3985,4385,400
AF091605_2,metacontig,3350,3769,419
JF735116_6,metacontig,2491,2880,389
D49374_7,metacontig,2446,2954,508
st_R29_M31070_S1_4,metacontig,1151,1506,355
st_R29_M15904_S1_1,metacontig,174,540,366
fu_R29_M907_S17_3,metacontig,1648,2044,396
MH379638_1,metacontig,3329,3773,444
NC_011540_2,metacontig,1581,1926,345
st_R29_M213260_S1_6,metacontig,827,1162,335
NC_038421_2,metacontig,104,439,335
st_R29_M176329_S1_2,metacontig,26,376,350
ma_R29_M2218_S1_2,metacontig,197,630,433
st_R29_M176352_S1_2,metacontig,23,357,334
st_R29_M153999_S1_1,metacontig,146,520,374
st_R29_M97041_S1_1,metacontig,77,446,369
st_R29_M75565_S1_1,metacontig,191,566,375
st_R29_M322675_S1_2,metacontig,761,1146,385
st_R29_M295946_S1_1,metacontig,179,580,401
JF735115_7,metacontig,2488,2880,392
st_R29_M14705_S2_3,metacontig,31,368,337
st_R29_M359631_S1_1,metacontig,207,568,361
MK895510_3,metacontig,95,435,340
ar_R29_M39608_S1_2,metacontig,443,817,374
st_R29_M216667_S1_2,metacontig,82,423,341
st_R29_M259962_S1_1,metacontig,1860,2250,390
st_R29_M132012_S1_2,metacontig,45,397,352
st_R29_M427237_S1_1,metacontig,116,478,362
st_R29_M278768_S1_4,metacontig,253,591,338
ar_R29_M20381_S1_1,metacontig,1910,2286,376
JX227954_5,metacontig,2445,2953,508
st_R29_M190719_S1_1,metacontig,63,432,369
KJ439769_7,metacontig,2467,2946,479
st_R29_M118228_S1_5,metacontig,1410,1745,335
st_R29_M44862_S1_2,metacontig,131,493,362
ma_R29_M1613_S1_2,metacontig,634,1006,372
st_R29_M359993_S1_13,metacontig,4620,5001,381
ar_R29_M24711_S1_1,metacontig,30,405,375
ch_R29_M80_S1_1,metacontig,3950,4342,392
KX987157_2,metacontig,3321,3771,450
st_R29_M111154_S1_1,metacontig,280,643,363
NC_006062_2,metacontig,98,444,346
JF735118_6,metacontig,2490,2958,468
ar_R29_M41400_S1_5,metacontig,1689,2118,429
KM504113_9,metacontig,2476,2947,471
JX183551_8,metacontig,2472,2947,475
st_R29_M423101_S1_1,metacontig,3,286,283
sa_R29_M1495_S1_5,metacontig,410,759,349
MH388501_1,metacontig,1713,2070,357
FJ462434_6,metacontig,2465,2941,476
KM504118_8,metacontig,2469,2947,478
MF774565_4,metacontig,2866,3343,477
st_R29_M121815_S1_1,metacontig,32,382,350
ar_R29_M27451_S9_3,metacontig,276,668,392
ro_R29_M141_S1_1,metacontig,1122,1529,407
st_R29_M31348_S1_1,metacontig,3813,4196,383
st_R29_M366369_S1_1,metacontig,445,795,350
st_R29_M173890_S1_1,metacontig,17,350,333
ma_R29_M757_S3_2,metacontig,184,623,439
AB031663_3,metacontig,2491,2939,448
MH179063_6,metacontig,2332,2749,417
st_R29_M129714_S1_5,metacontig,167,542,375
ar_R29_M34295_S1_5,metacontig,1734,2148,414
NC_009991_1,metacontig,1670,2027,357
st_R29_M152434_S1_1,metacontig,20,425,405
st_R29_M322671_S1_2,metacontig,989,1364,375
MK059751_6,metacontig,2511,2883,372
st_R29_M104338_S1_1,metacontig,237,588,351
MH645619_7,metacontig,2866,3344,478
st_R29_M121808_S1_1,metacontig,198,553,355
st_R29_M197660_S1_1,metacontig,14,345,331
NC_030926_1,metacontig,1590,1919,329
st_R29_M266117_S1_1,metacontig,420,798,378
st_R29_M122076_S1_2,metacontig,45,375,330
EF424627_10,metacontig,2480,2947,467
D14853_7,metacontig,2467,2942,475
st_R29_M396456_S1_2,metacontig,642,1017,375
MH796136_2,metacontig,127,483,356
st_R29_M153988_S1_1,metacontig,17,352,335
st_R29_M369798_S1_3,metacontig,127,503,376
st_R29_M15905_S1_3,metacontig,133,490,357
st_R29_M298600_S1_2,metacontig,1596,1963,367
KX172138_7,metacontig,2457,2886,429
st_R29_M113842_S1_8,metacontig,725,1126,401
st_R29_M33373_S1_22,metacontig,4535,4948,413
st_R29_M318353_S1_2,metacontig,1403,1743,340
st_R29_M318391_S1_5,metacontig,284,626,342
st_R29_M289657_S1_10,metacontig,137,510,373
st_R29_M289657_S3_2,metacontig,137,510,373
st_R29_M143455_S1_2,metacontig,1548,1910,362
st_R29_M355522_S1_1,metacontig,35,414,379
st_R29_M235442_S1_2,metacontig,402,751,349
mm_R29_M5330_S4_1,metacontig,4,287,283
MK684348_1,metacontig,1584,1941,357
st_R29_M258305_S1_1,metacontig,241,603,362
st_R29_M329294_S1_1,metacontig,278,607,329
MK636875_1,metacontig,3310,3743,433
st_R29_M388900_S1_2,metacontig,34,363,329
st_R29_M125473_S1_2,metacontig,110,524,414
st_R29_M22867_S1_12,metacontig,530,860,330
MK680893_3,metacontig,2866,3390,524
st_R29_M236214_S1_1,metacontig,126,488,362
ar_R29_M26210_S3_1,metacontig,3,285,282
DQ235229_3,metacontig,2858,3364,506
st_R29_M306821_S1_8,metacontig,1174,1529,355
st_R29_M111172_S1_1,metacontig,10,344,334
st_R29_M44887_S1_1,metacontig,1642,2016,374
st_R29_M53046_S1_1,metacontig,383,719,336
st_R29_M27847_S1_2,metacontig,55,389,334
FJ462432_4,metacontig,2463,2939,476
ar_R29_M32201_S1_6,metacontig,2133,2548,415
st_R29_M402121_S1_1,metacontig,11,341,330
mm_R29_M3712_S1_1,metacontig,1118,1476,358
st_R29_M16610_S1_3,metacontig,60,398,338
ar_R29_M5674_S1_1,metacontig,883,1248,365
KC853441_1,metacontig,3385,3808,423
MH558035_1,metacontig,1565,1918,353
mm_R29_M340_S6_2,metacontig,28,614,586
fu_R29_M1199_S1_1,metacontig,28,369,341
JF735125_7,metacontig,2471,2952,481
ar_R29_M36811_S1_1,metacontig,919,1318,399
FJ462438_7,metacontig,2464,2942,478
LC521321_1,metacontig,4075,4446,371
mm_R29_M4552_S1_4,metacontig,2473,2815,342
st_R29_M80343_S1_1,metacontig,193,549,356
st_R29_M300661_S34_4,metacontig,41,407,366
st_R29_M67494_S1_1,metacontig,91,430,339
FJ462437_5,metacontig,2458,2937,479
st_R29_M408952_S1_1,metacontig,317,703,386
st_R29_M31067_S1_4,metacontig,281,648,367
st_R29_M318401_S1_6,metacontig,776,1110,334
MN551062_2,metacontig,2319,2733,414
NC_002795_1,metacontig,1595,1931,336
fu_R29_M4769_S1_1,metacontig,74,397,323
ar_R29_M7370_S1_23,metacontig,6415,7072,657
KJ194171_1,metacontig,1559,1907,348
st_R29_M63228_S1_2,metacontig,51,391,340
st_R29_M81419_S1_1,metacontig,350,747,397
st_R29_M408710_S1_1,metacontig,143,491,348
st_R29_M27200_S1_1,metacontig,35,415,380
LC507819_3,metacontig,78,477,399
ar_R29_M28210_S1_1,metacontig,265,626,361
LC497469_2,metacontig,2881,3410,529
NC_001672_7,metacontig,2866,3344,478
MN059240_1,metacontig,1544,1878,334
MN059104_1,metacontig,1507,1853,346
st_R29_M399923_S1_1,metacontig,185,540,355
st_R29_M416665_S1_2,metacontig,70,403,333
st_R29_M113195_S1_2,metacontig,57,414,357
st_R29_M410242_S1_2,metacontig,161,499,338
st_R29_M176339_S2_2,metacontig,270,633,363
st_R29_M401597_S1_8,metacontig,4145,4562,417
NC_007647_1,metacontig,4199,4568,369
st_R29_M347721_S1_2,metacontig,6,291,285
st_R29_M29788_S1_1,metacontig,218,562,344
MH188033_4,metacontig,1942,2329,387
st_R29_M251599_S1_4,metacontig,261,639,378
st_R29_M95453_S1_2,metacontig,107,458,351
mm_R29_M1069_S1_1,metacontig,8,330,322
st_R29_M157491_S1_2,metacontig,398,765,367
st_R29_M260191_S1_1,metacontig,20,353,333
st_R29_M65407_S1_1,metacontig,56,413,357
st_R29_M49227_S1_6,metacontig,886,1247,361
ar_R29_M1619_S1_1,metacontig,25,671,646
st_R29_M95393_S1_6,metacontig,1651,2018,367
MK204653_1,metacontig,1287,1654,367
st_R29_M19692_S1_2,metacontig,471,805,334
ar_R29_M27451_S2_5,metacontig,525,917,392
st_R29_M121961_S1_1,metacontig,44,395,351
MG457155_1,metacontig,799,1146,347
ar_R29_M17769_S2_1,metacontig,221,711,490
LN794218_2,metacontig,100,435,335
st_R29_M298604_S1_9,metacontig,2587,2953,366
st_R29_M118233_S1_2,metacontig,90,428,338
ar_R29_M30660_S1_2,metacontig,8,344,336
st_R29_M186920_S1_1,metacontig,342,731,389
ar_R29_M42866_S1_6,metacontig,2382,2811,429
st_R29_M153994_S1_1,metacontig,23,371,348
ar_R29_M19887_S6_1,metacontig,98,460,362
st_R29_M55699_S1_1,metacontig,484,834,350
st_R29_M265874_S1_12,metacontig,2200,2566,366
st_R29_M118786_S1_19,metacontig,41,445,404
st_R29_M54739_S1_1,metacontig,23,389,366
st_R29_M16624_S1_2,metacontig,16,348,332
st_R29_M386952_S1_2,metacontig,197,533,336
ar_R29_M34272_S1_3,metacontig,213,556,343
DQ278892_9,metacontig,2475,2949,474
st_R29_M40842_S1_2,metacontig,132,374,242
MH427312_7,metacontig,2466,2940,474
fu_R29_M977_S1_6,metacontig,1024,1496,472
st_R29_M153992_S1_9,metacontig,873,1239,366
st_R29_M248312_S1_5,metacontig,744,1132,388
st_R29_M272602_S1_1,metacontig,143,499,356
fi_R29_M212_S2_1,metacontig,9,239,230
st_R29_M55984_S1_2,metacontig,101,438,337
st_R29_M28449_S1_1,metacontig,98,485,387
st_R29_M423001_S1_6,metacontig,1958,2317,359
st_R29_M82757_S1_7,metacontig,1712,2070,358
st_R29_M171933_S1_1,metacontig,37,377,340
st_R29_M441239_S1_1,metacontig,97,459,362
st_R29_M212300_S7_2,metacontig,101,440,339
ar_R29_M31002_S1_9,metacontig,1617,1971,354
MH545961_6,metacontig,107,458,351
st_R29_M408706_S1_1,metacontig,286,625,339
ar_R29_M7263_S1_6,metacontig,1705,2111,406
st_R29_M238424_S1_1,metacontig,4,389,385
fu_R29_M3499_S1_2,metacontig,68,443,375
NC_035470_1,metacontig,2176,2596,420
st_R29_M31053_S1_5,metacontig,1346,1723,377
MN745078_2,metacontig,1698,2118,420
st_R29_M180837_S1_26,metacontig,1652,1964,312
st_R29_M120825_S1_1,metacontig,31,415,384
sa_R29_M887_S1_1,metacontig,23,318,295
st_R29_M35279_S1_1,metacontig,343,731,388
st_R29_M237733_S1_1,metacontig,3,283,280
st_R29_M406320_S1_4,metacontig,1433,1796,363
st_R29_M263193_S1_3,metacontig,10,337,327
st_R29_M407408_S1_1,metacontig,3,267,264
st_R29_M88204_S1_1,metacontig,23,377,354
st_R29_M408707_S1_3,metacontig,481,820,339
NC_003452_1,metacontig,297,689,392
st_R29_M395025_S1_1,metacontig,42,395,353
st_R29_M265975_S26_1,metacontig,21,400,379
st_R29_M146678_S1_1,metacontig,22,394,372
AB690461_9,metacontig,2493,2959,466
ar_R29_M32879_S1_1,metacontig,1902,2295,393
st_R29_M54554_S1_1,metacontig,9,287,278
st_R29_M80121_S4_12,metacontig,1558,1906,348
ro_R29_M83_S1_1,metacontig,722,1086,364
st_R29_M237815_S1_5,metacontig,642,1007,365
st_R29_M31050_S1_1,metacontig,255,593,338
st_R29_M177298_S1_1,metacontig,18,395,377
st_R29_M21371_S1_1,metacontig,6,322,316
st_R29_M243859_S1_3,metacontig,348,744,396
st_R29_M389732_S1_1,metacontig,56,397,341
KU720565_1,metacontig,1711,2070,359
KJ439780_13,metacontig,2463,2858,395
KM504119_7,metacontig,2479,2943,464
st_R29_M29798_S1_2,metacontig,34,374,340
st_R29_M364330_S1_1,metacontig,96,501,405
st_R29_M335796_S1_1,metacontig,212,591,379
st_R29_M81524_S1_1,metacontig,238,599,361
st_R29_M102548_S1_1,metacontig,130,466,336
st_R29_M87573_S1_3,metacontig,17,363,346
st_R29_M91192_S1_1,metacontig,101,438,337
st_R29_M10567_S1_1,metacontig,3,342,339
st_R29_M109600_S1_1,metacontig,587,920,333
st_R29_M318328_S1_2,metacontig,230,552,322
NC_035758_4,metacontig,874,1208,334
LC089876_1,metacontig,3355,3779,424
NC_031089_1,metacontig,1563,1920,357
ar_R29_M26632_S1_3,metacontig,240,580,340
MG596239_1,metacontig,1543,1870,327
st_R29_M299241_S1_1,metacontig,412,783,371
st_R29_M104340_S1_1,metacontig,110,444,334
MK204654_1,metacontig,1286,1654,368
st_R29_M121806_S1_1,metacontig,411,764,353
st_R29_M366322_S1_1,metacontig,98,436,338
MT354625_5,metacontig,2866,3378,512
mm_R29_M3950_S1_1,metacontig,44,411,367
st_R29_M26694_S25_1,metacontig,63,437,374
st_R29_M153987_S1_3,metacontig,768,1147,379
st_R29_M53040_S1_1,metacontig,147,485,338
JF735128_6,metacontig,2457,2938,481
st_R29_M39759_S2_3,metacontig,102,436,334
st_R29_M125538_S1_1,metacontig,57,391,334
st_R29_M318367_S1_1,metacontig,1401,1743,342
ar_R29_M18707_S1_1,metacontig,397,865,468
KY283130_7,metacontig,2461,2940,479
st_R29_M100203_S1_2,metacontig,1003,1401,398
st_R29_M49225_S1_3,metacontig,849,1211,362
st_R29_M395030_S1_2,metacontig,40,400,360
st_R29_M176350_S1_1,metacontig,23,359,336
KR866116_1,metacontig,3323,3782,459
st_R29_M121845_S1_1,metacontig,31,365,334
MN059195_1,metacontig,1544,1878,334
ar_R29_M13059_S1_1,metacontig,440,835,395
st_R29_M19292_S1_1,metacontig,144,515,371
st_R29_M410241_S1_3,metacontig,147,481,334
st_R29_M395027_S1_2,metacontig,44,404,360
st_R29_M102526_S1_2,metacontig,162,500,338
st_R29_M208521_S1_4,metacontig,107,458,351
st_R29_M97537_S1_4,metacontig,497,913,416
st_R29_M220765_S1_1,metacontig,22,394,372
st_R29_M318347_S1_3,metacontig,61,386,325
MT472637_2,metacontig,2177,2570,393
st_R29_M55447_S1_2,metacontig,207,541,334
NC_003678_1,metacontig,3437,3858,421
st_R29_M176326_S3_1,metacontig,24,369,345
st_R29_M395288_S1_2,metacontig,107,458,351
st_R29_M129693_S1_1,metacontig,227,542,315
st_R29_M26694_S24_1,metacontig,102,462,360
st_R29_M12782_S1_1,metacontig,1382,1759,377
fu_R29_M5393_S1_1,metacontig,3,246,243
st_R29_M366281_S1_2,metacontig,4880,5265,385
ma_R29_M5878_S1_6,metacontig,1595,1946,351
st_R29_M99869_S1_1,metacontig,10,262,252
MN059186_1,metacontig,1545,1878,333
MN059180_1,metacontig,1543,1877,334
st_R29_M273872_S1_2,metacontig,118,480,362
st_R29_M183872_S1_2,metacontig,467,813,346
mm_R29_M340_S5_2,metacontig,492,1078,586
st_R29_M145280_S1_1,metacontig,64,422,358
st_R29_M121821_S1_7,metacontig,98,480,382
st_R29_M218551_S3_3,metacontig,124,475,351
st_R29_M81419_S2_2,metacontig,40,398,358
st_R29_M137862_S1_9,metacontig,1554,1903,349
st_R29_M176323_S1_1,metacontig,1580,1945,365
st_R29_M308561_S1_13,metacontig,1087,1539,452
EF424628_8,metacontig,2472,2947,475
st_R29_M374584_S1_1,metacontig,1777,2130,353
st_R29_M39340_S1_1,metacontig,298,678,380
MN059239_2,metacontig,1548,1882,334
st_R29_M110141_S1_2,metacontig,89,432,343
ma_R29_M404_S43_1,metacontig,3,436,433
st_R29_M65603_S1_3,metacontig,32,389,357
st_R29_M366334_S1_8,metacontig,1541,1875,334
st_R29_M25514_S1_8,metacontig,1292,1659,367
st_R29_M102106_S1_1,metacontig,1357,1737,380
st_R29_M375251_S1_1,metacontig,23,376,353
st_R29_M300661_S42_1,metacontig,32,388,356
MT114148_1,metacontig,1556,1918,362
st_R29_M44417_S1_3,metacontig,56,410,354
st_R29_M129708_S1_1,metacontig,16,348,332
st_R29_M258306_S1_6,metacontig,1555,1910,355
fu_R29_M705_S1_1,metacontig,246,597,351
st_R29_M266698_S15_1,metacontig,275,637,362
st_R29_M102547_S1_8,metacontig,1550,1883,333
KM504112_6,metacontig,2474,2968,494
NC_040636_3,metacontig,1970,2390,420
st_R29_M27948_S1_6,metacontig,1656,2023,367
AY863002_6,metacontig,2863,3365,502
st_R29_M322667_S1_5,metacontig,4454,4829,375
MN059227_2,metacontig,1542,1876,334
MN188073_1,metacontig,3334,3781,447
st_R29_M111153_S1_4,metacontig,301,651,350
st_R29_M336209_S2_1,metacontig,122,474,352
st_R29_M79329_S1_10,metacontig,1544,1894,350
st_R29_M400454_S1_10,metacontig,1632,1985,353
st_R29_M126542_S1_2,metacontig,299,661,362
st_R29_M35005_S100_1,metacontig,23,334,311
st_R29_M173679_S1_2,metacontig,52,374,322
st_R29_M255932_S1_1,metacontig,1543,1910,367
MN712204_8,metacontig,2490,2874,384
st_R29_M375240_S1_1,metacontig,90,456,366
ar_R29_M13332_S1_1,metacontig,206,556,350
st_R29_M107264_S1_1,metacontig,3,340,337
st_R29_M51373_S1_2,metacontig,140,481,341
st_R29_M299126_S1_2,metacontig,181,536,355
st_R29_M15022_S1_2,metacontig,16,348,332
st_R29_M397293_S1_1,metacontig,66,417,351
ar_R29_M21592_S8_2,metacontig,250,610,360
ar_R29_M34342_S1_1,metacontig,3,304,301
ar_R29_M461_S1_1,metacontig,438,834,396
st_R29_M127433_S24_1,metacontig,56,407,351
st_R29_M447815_S1_1,metacontig,1376,1751,375
st_R29_M324362_S1_7,metacontig,400,767,367
st_R29_M173520_S4_1,metacontig,121,480,359
st_R29_M176317_S1_1,metacontig,1570,1934,364
NC_016509_3,metacontig,108,458,350
st_R29_M53748_S1_1,metacontig,27,356,329
st_R29_M121844_S1_2,metacontig,73,428,355
st_R29_M121814_S1_2,metacontig,23,354,331
st_R29_M125547_S1_1,metacontig,22,330,308
st_R29_M300661_S41_1,metacontig,127,482,355
st_R29_M381729_S1_1,metacontig,505,882,377
st_R29_M289597_S1_1,metacontig,136,463,327
st_R29_M415785_S1_2,metacontig,1233,1612,379
ar_R29_M3286_S1_2,metacontig,129,604,475
st_R29_M53063_S1_2,metacontig,15,344,329
st_R29_M329285_S1_1,metacontig,1411,1740,329
st_R29_M183873_S1_1,metacontig,64,435,371
MG356508_1,metacontig,1565,1906,341
st_R29_M63436_S1_2,metacontig,16,348,332
st_R29_M375243_S1_2,metacontig,18,373,355
st_R29_M175739_S1_2,metacontig,31,384,353
st_R29_M303892_S1_1,metacontig,143,506,363
st_R29_M35745_S1_1,metacontig,64,398,334
st_R29_M242326_S1_1,metacontig,22,374,352
st_R29_M121170_S1_4,metacontig,40,393,353
LC523024_2,metacontig,98,435,337
st_R29_M253053_S7_4,metacontig,1,261,260
ma_R29_M6835_S1_1,metacontig,9,482,473
ar_R29_M19982_S1_2,metacontig,171,512,341
st_R29_M260518_S1_5,metacontig,108,458,350
st_R29_M143454_S2_6,metacontig,759,1121,362
st_R29_M18180_S1_7,metacontig,4861,5236,375
sp_R29_M388_S1_3,metacontig,105,482,377
st_R29_M319571_S1_1,metacontig,280,607,327
JF735114_4,metacontig,2489,2961,472
st_R29_M28528_S1_1,metacontig,30,352,322
st_R29_M132125_S1_10,metacontig,56,476,420
KJ925149_5,metacontig,2470,2945,475
fu_R29_M123_S2_1,metacontig,105,437,332
st_R29_M23658_S2_1,metacontig,224,604,380
st_R29_M431978_S1_2,metacontig,26,387,361
fu_R29_M1026_S1_1,metacontig,1554,1891,337
DQ462443_4,metacontig,2867,3369,502
st_R29_M120819_S1_1,metacontig,1606,1962,356
st_R29_M277139_S1_1,metacontig,32,396,364
st_R29_M239600_S1_1,metacontig,93,448,355
st_R29_M118238_S1_2,metacontig,1209,1545,336
JX534167_4,metacontig,2866,3343,477
st_R29_M389626_S1_6,metacontig,40,393,353
st_R29_M23908_S1_1,metacontig,88,415,327
st_R29_M109941_S1_5,metacontig,4135,4501,366
st_R29_M239604_S1_2,metacontig,89,444,355
MH899944_1,metacontig,3334,3771,437
st_R29_M88327_S2_1,metacontig,15,357,342
st_R29_M355077_S1_1,metacontig,112,463,351
st_R29_M88327_S1_2,metacontig,15,356,341
st_R29_M254759_S1_9,metacontig,110,482,372
st_R29_M265975_S25_1,metacontig,111,487,376
fu_R29_M5694_S1_1,metacontig,16,331,315
ar_R29_M39332_S1_3,metacontig,101,542,441
ar_R29_M21592_S7_1,metacontig,222,588,366
st_R29_M405509_S9_2,metacontig,250,601,351
st_R29_M278233_S1_4,metacontig,321,681,360
sa_R29_M2725_S1_7,metacontig,2910,3294,384
MK139021_8,metacontig,2473,2947,474
st_R29_M66408_S1_2,metacontig,332,721,389
MK770441_1,metacontig,1423,1782,359
st_R29_M386951_S1_1,metacontig,85,415,330
st_R29_M375250_S1_2,metacontig,44,404,360
st_R29_M405511_S1_1,metacontig,70,421,351
st_R29_M81549_S1_3,metacontig,136,510,374
st_R29_M359632_S1_6,metacontig,1992,2353,361
st_R29_M127098_S1_3,metacontig,107,434,327
ar_R29_M10839_S1_1,metacontig,2000,2361,361
st_R29_M121798_S2_3,metacontig,22,353,331
st_R29_M152562_S1_1,metacontig,7,323,316
st_R29_M395031_S1_2,metacontig,16,363,347
st_R29_M381767_S1_3,metacontig,167,528,361
st_R29_M395042_S1_1,metacontig,56,432,376
MN059131_3,metacontig,1562,1900,338
st_R29_M127433_S16_1,metacontig,110,461,351
st_R29_M441301_S2_1,metacontig,28,374,346
st_R29_M212300_S3_1,metacontig,101,438,337
st_R29_M205082_S1_3,metacontig,134,464,330
st_R29_M416666_S1_1,metacontig,55,413,358
st_R29_M379413_S1_2,metacontig,160,486,326
st_R29_M343245_S1_3,metacontig,10,339,329
st_R29_M143456_S1_1,metacontig,1548,1910,362
st_R29_M386961_S1_6,metacontig,1253,1593,340
st_R29_M53747_S1_1,metacontig,27,371,344
mm_R29_M3921_S1_2,metacontig,1982,2380,398
KU674797_5,metacontig,108,458,350
st_R29_M66342_S1_1,metacontig,418,745,327
st_R29_M424809_S2_1,metacontig,410,740,330
D84265_3,metacontig,2474,2946,472
st_R29_M3824_S1_3,metacontig,130,485,355
st_R29_M440743_S1_10,metacontig,589,948,359
st_R29_M317112_S1_2,metacontig,85,476,391
st_R29_M15907_S1_3,metacontig,78,436,358
st_R29_M121141_S1_2,metacontig,134,489,355
st_R29_M197146_S1_1,metacontig,50,412,362
st_R29_M408700_S1_7,metacontig,630,969,339
st_R29_M110798_S10_2,metacontig,34,396,362
st_R29_M389636_S1_1,metacontig,138,493,355
st_R29_M218547_S1_1,metacontig,23,373,350
st_R29_M129715_S1_2,metacontig,23,356,333
st_R29_M52847_S1_1,metacontig,180,556,376
KC884248_1,metacontig,1449,1832,383
mm_R29_M340_S4_4,metacontig,1408,1994,586
st_R29_M171302_S1_4,metacontig,342,690,348
st_R29_M329325_S1_1,metacontig,780,1122,342
st_R29_M51463_S1_2,metacontig,61,421,360
st_R29_M252683_S1_4,metacontig,261,658,397
ar_R29_M15064_S1_2,metacontig,18,314,296
st_R29_M243864_S1_5,metacontig,344,740,396
st_R29_M427240_S1_1,metacontig,403,770,367
st_R29_M389639_S1_1,metacontig,124,479,355
st_R29_M367909_S1_6,metacontig,1184,1549,365
st_R29_M350117_S4_2,metacontig,220,570,350
st_R29_M112776_S1_3,metacontig,75,432,357
st_R29_M446294_S1_1,metacontig,1213,1591,378
st_R29_M300661_S40_2,metacontig,274,653,379
KJ439777_9,metacontig,2467,2942,475
st_R29_M63464_S1_2,metacontig,16,348,332
st_R29_M74893_S2_1,metacontig,121,472,351
KC884246_1,metacontig,1446,1827,381
KJ439775_12,metacontig,2462,2852,390
st_R29_M263808_S2_1,metacontig,364,691,327
MN895062_1,metacontig,2162,2585,423
st_R29_M259611_S1_2,metacontig,161,375,214
MN814320_1,metacontig,1532,1882,350
st_R29_M449459_S1_1,metacontig,811,1175,364
st_R29_M298438_S1_4,metacontig,22,354,332
st_R29_M447816_S1_1,metacontig,1362,1740,378
st_R29_M395044_S5_2,metacontig,260,620,360
st_R29_M386356_S1_1,metacontig,95,414,319
st_R29_M24486_S1_2,metacontig,156,522,366
st_R29_M77537_S1_1,metacontig,25,350,325
st_R29_M58493_S2_1,metacontig,179,545,366
st_R29_M218546_S1_3,metacontig,198,549,351
st_R29_M238981_S1_1,metacontig,291,615,324
ar_R29_M7069_S907_2,metacontig,382,755,373
mm_R29_M340_S2_4,metacontig,1689,2275,586
st_R29_M66342_S2_1,metacontig,388,716,328
st_R29_M176324_S1_1,metacontig,1593,1945,352
NC_029783_2,metacontig,108,484,376
st_R29_M125915_S1_1,metacontig,293,667,374
st_R29_M379446_S1_8,metacontig,1548,1910,362
st_R29_M52844_S1_11,metacontig,1522,1870,348
JX183552_7,metacontig,2472,2947,475
st_R29_M57620_S1_1,metacontig,780,1189,409
KY827404_3,metacontig,108,458,350
st_R29_M112301_S1_4,metacontig,63,398,335
ar_R29_M7069_S1278_1,metacontig,154,521,367
st_R29_M121160_S10_8,metacontig,15,363,348
sp_R29_M265_S1_1,metacontig,389,751,362
MN059184_1,metacontig,1545,1898,353
st_R29_M326697_S7_1,metacontig,71,452,381
st_R29_M265641_S1_1,metacontig,182,505,323
st_R29_M336212_S1_4,metacontig,600,950,350
ro_R29_M40_S1_2,metacontig,184,597,413
st_R29_M110798_S5_2,metacontig,81,445,364
st_R29_M17493_S1_8,metacontig,1545,1890,345
st_R29_M239696_S1_3,metacontig,207,566,359
fu_R29_M778_S1_1,metacontig,24,349,325
st_R29_M176339_S1_2,metacontig,1593,1943,350
st_R29_M447784_S1_2,metacontig,655,1053,398
st_R29_M318309_S1_1,metacontig,1356,1690,334
st_R29_M339940_S1_1,metacontig,67,394,327
st_R29_M121160_S17_1,metacontig,238,593,355
st_R29_M258091_S1_1,metacontig,12,364,352
st_R29_M121792_S1_1,metacontig,23,338,315
st_R29_M121832_S1_5,metacontig,1179,1534,355
ar_R29_M36147_S1_2,metacontig,890,1258,368
st_R29_M53049_S1_1,metacontig,1550,1884,334
st_R29_M15012_S1_1,metacontig,466,803,337
EF424626_5,metacontig,2507,2947,440
mm_R29_M1754_S1_1,metacontig,1057,1436,379
al_R29_M133_S1_5,metacontig,274,680,406
st_R29_M122986_S1_2,metacontig,614,970,356
st_R29_M315366_S1_2,metacontig,704,1080,376
st_R29_M110605_S1_2,metacontig,35,393,358
KM408491_1,metacontig,3336,3746,410
st_R29_M95558_S1_1,metacontig,84,409,325
st_R29_M408941_S1_1,metacontig,1616,1989,373
MN059396_1,metacontig,1503,1885,382
ar_R29_M6758_S1_5,metacontig,754,1116,362
st_R29_M113482_S69_1,metacontig,40,363,323
st_R29_M129425_S1_1,metacontig,47,372,325
st_R29_M130653_S1_1,metacontig,70,390,320
st_R29_M406332_S1_1,metacontig,31,414,383
st_R29_M226056_S1_1,metacontig,43,354,311
MN059188_3,metacontig,1563,1900,337
st_R29_M175767_S1_2,metacontig,230,586,356
st_R29_M29789_S1_2,metacontig,60,405,345
st_R29_M110011_S1_3,metacontig,289,616,327
MN172165_1,metacontig,1286,1654,368
st_R29_M152406_S1_3,metacontig,1997,2407,410
st_R29_M286900_S1_1,metacontig,463,824,361
st_R29_M121151_S1_1,metacontig,268,623,355
MG925331_6,metacontig,107,458,351
fu_R29_M813_S1_7,metacontig,1087,1414,327
st_R29_M230386_S1_3,metacontig,119,458,339
st_R29_M299051_S4_3,metacontig,108,435,327
st_R29_M326697_S8_1,metacontig,92,473,381
st_R29_M97432_S255_2,metacontig,137,458,321
st_R29_M112647_S1_1,metacontig,20,311,291
ar_R29_M12468_S1_1,metacontig,11,516,505
st_R29_M27842_S1_5,metacontig,403,733,330
st_R29_M113143_S1_2,metacontig,62,388,326
st_R29_M77509_S1_1,metacontig,142,469,327
st_R29_M176353_S1_4,metacontig,454,806,352
st_R29_M395764_S1_1,metacontig,23,373,350
NC_038325_1,metacontig,1597,1953,356
st_R29_M329290_S1_1,metacontig,1404,1740,336
st_R29_M351607_S1_2,metacontig,208,556,348
st_R29_M362485_S1_2,metacontig,1546,1862,316
st_R29_M319979_S1_1,metacontig,43,370,327
st_R29_M122090_S1_8,metacontig,650,980,330
KJ439771_8,metacontig,2464,2943,479
st_R29_M210233_S1_1,metacontig,25,362,337
st_R29_M29513_S602_2,metacontig,44,367,323
FJ462440_5,metacontig,2457,2936,479
st_R29_M127433_S5_2,metacontig,368,719,351
fu_R29_M288_S13_2,metacontig,66,458,392
st_R29_M81523_S1_1,metacontig,1548,1909,361
st_R29_M135464_S1_1,metacontig,71,449,378
fu_R29_M5611_S1_1,metacontig,8,378,370
st_R29_M118219_S1_7,metacontig,1418,1752,334
st_R29_M129472_S1_1,metacontig,42,368,326
st_R29_M415791_S1_5,metacontig,1305,1700,395
st_R29_M209866_S1_1,metacontig,45,370,325
st_R29_M60399_S1_4,metacontig,595,922,327
EF469661_3,metacontig,2863,3340,477
ar_R29_M12200_S1_12,metacontig,2259,2641,382
st_R29_M389635_S1_1,metacontig,338,693,355
sa_R29_M3074_S1_1,metacontig,397,665,268
st_R29_M286209_S1_3,metacontig,25,382,357
st_R29_M142122_S1_2,metacontig,89,415,326
st_R29_M11625_S2_2,metacontig,97,421,324
st_R29_M408657_S1_2,metacontig,26,334,308
st_R29_M266698_S1_2,metacontig,1591,1951,360
NC_003870_1,metacontig,1546,1861,315
st_R29_M239856_S1_1,metacontig,27,352,325
st_R29_M97431_S1_1,metacontig,93,419,326
st_R29_M109877_S1_1,metacontig,260,586,326
st_R29_M400080_S1_7,metacontig,1595,1950,355
st_R29_M22992_S2_1,metacontig,68,395,327
ar_R29_M36553_S1_5,metacontig,1925,2279,354
MK984605_1,metacontig,1472,1838,366
st_R29_M167103_S1_5,metacontig,1513,1853,340
st_R29_M265975_S24_2,metacontig,14,363,349
MK204655_1,metacontig,1322,1657,335
fu_R29_M1163_S1_3,metacontig,74,401,327
st_R29_M243898_S1_2,metacontig,272,668,396
st_R29_M170097_S1_4,metacontig,71,398,327
st_R29_M110798_S7_1,metacontig,154,518,364
st_R29_M415146_S1_5,metacontig,382,732,350
st_R29_M204968_S1_2,metacontig,102,428,326
fu_R29_M1501_S1_3,metacontig,99,437,338
st_R29_M17078_S1_1,metacontig,22,375,353
st_R29_M218569_S1_3,metacontig,223,574,351
KJ439781_8,metacontig,2458,2912,454
MN786957_2,metacontig,1563,1920,357
st_R29_M357386_S1_7,metacontig,1339,1708,369
ma_R29_M805_S1_1,metacontig,607,912,305
st_R29_M218542_S4_1,metacontig,316,667,351
st_R29_M265644_S1_2,metacontig,38,364,326
ch_R29_M302_S1_1,metacontig,3,360,357
st_R29_M216626_S1_1,metacontig,333,739,406
JX183554_7,metacontig,2472,2863,391
st_R29_M165264_S1_6,metacontig,1583,1917,334
st_R29_M7388_S1_5,metacontig,509,836,327
st_R29_M120008_S1_2,metacontig,355,745,390
st_R29_M243869_S1_2,metacontig,1617,2026,409
st_R29_M369778_S1_24,metacontig,2430,2805,375
st_R29_M39810_S1_1,metacontig,35,358,323
st_R29_M124111_S1_2,metacontig,38,350,312
st_R29_M264197_S1_1,metacontig,2,375,373
st_R29_M204854_S1_1,metacontig,79,405,326
mm_R29_M507_S1_1,metacontig,2,195,193
st_R29_M77499_S2_1,metacontig,38,364,326
st_R29_M104341_S1_1,metacontig,109,443,334
st_R29_M27774_S1_2,metacontig,203,566,363
st_R29_M29094_S1_1,metacontig,55,377,322
st_R29_M120829_S6_1,metacontig,232,579,347
ar_R29_M10493_S1_4,metacontig,720,1093,373
st_R29_M118236_S1_5,metacontig,945,1282,337
st_R29_M178759_S1_3,metacontig,468,797,329
st_R29_M153744_S1_1,metacontig,63,388,325
KX272763_2,metacontig,852,1172,320
st_R29_M414983_S1_1,metacontig,249,618,369
st_R29_M87902_S1_1,metacontig,75,437,362
st_R29_M167126_S1_1,metacontig,9,352,343
KP325401_5,metacontig,2378,2827,449
st_R29_M97282_S1_1,metacontig,56,382,326
st_R29_M44963_S1_2,metacontig,52,376,324
st_R29_M420191_S1_2,metacontig,39,363,324
st_R29_M127041_S139_1,metacontig,95,421,326
st_R29_M56573_S1_1,metacontig,193,519,326
st_R29_M65658_S1_10,metacontig,813,1148,335
st_R29_M31049_S1_4,metacontig,277,650,373
MN059127_1,metacontig,1564,1902,338
st_R29_M141617_S1_1,metacontig,14,324,310
KM504120_2,metacontig,2470,2946,476
st_R29_M143444_S1_1,metacontig,1547,1910,363
st_R29_M151533_S1_3,metacontig,146,471,325
mm_R29_M1897_S1_2,metacontig,194,525,331
st_R29_M447783_S1_5,metacontig,1610,2000,390
st_R29_M294940_S1_1,metacontig,186,564,378
sa_R29_M3023_S1_4,metacontig,574,996,422
st_R29_M122077_S1_3,metacontig,131,465,334
st_R29_M289625_S1_1,metacontig,361,722,361
st_R29_M111156_S1_4,metacontig,705,1055,350
st_R29_M104855_S1_1,metacontig,1523,1910,387
st_R29_M186639_S1_1,metacontig,172,533,361
FJ462433_5,metacontig,2462,2937,475
NC_004123_2,metacontig,120,458,338
st_R29_M145675_S1_2,metacontig,99,424,325
st_R29_M7392_S1_1,metacontig,97,413,316
st_R29_M204863_S1_2,metacontig,49,376,327
st_R29_M106566_S1_1,metacontig,95,420,325
st_R29_M186621_S1_1,metacontig,187,514,327
st_R29_M46955_S1_1,metacontig,44,369,325
st_R29_M21999_S1_1,metacontig,114,476,362
st_R29_M313626_S1_1,metacontig,125,453,328
st_R29_M143454_S1_1,metacontig,1549,1911,362
fu_R29_M202_S1_1,metacontig,196,523,327
st_R29_M286197_S1_2,metacontig,220,584,364
st_R29_M155597_S1_1,metacontig,1233,1602,369
st_R29_M354827_S1_1,metacontig,124,449,325
ma_R29_M1158_S1_3,metacontig,187,547,360
st_R29_M50494_S1_2,metacontig,94,456,362
ar_R29_M32076_S1_6,metacontig,1364,1698,334
st_R29_M9692_S2_1,metacontig,404,719,315
st_R29_M54826_S1_1,metacontig,247,574,327
LC541734_1,metacontig,1290,1658,368
st_R29_M122055_S1_4,metacontig,426,756,330
st_R29_M212300_S4_2,metacontig,101,433,332
JF735124_4,metacontig,2483,2952,469
st_R29_M181494_S1_2,metacontig,33,372,339
st_R29_M134630_S1_2,metacontig,181,507,326
st_R29_M46198_S1_5,metacontig,99,439,340
st_R29_M319988_S1_1,metacontig,64,390,326
st_R29_M335797_S1_1,metacontig,4,339,335
st_R29_M209659_S1_4,metacontig,175,497,322
st_R29_M405908_S1_10,metacontig,491,859,368
MH379331_1,metacontig,1551,1885,334
fu_R29_M4408_S1_3,metacontig,95,453,358
st_R29_M359641_S1_2,metacontig,328,704,376
MN814318_1,metacontig,1544,1894,350
ar_R29_M7263_S5_5,metacontig,6,328,322
st_R29_M317196_S1_4,metacontig,446,773,327
st_R29_M299078_S1_2,metacontig,153,479,326
st_R29_M113139_S1_2,metacontig,393,718,325
st_R29_M208977_S1_1,metacontig,9,349,340
st_R29_M110801_S1_1,metacontig,237,601,364
st_R29_M97432_S235_1,metacontig,156,482,326
st_R29_M95380_S1_1,metacontig,91,416,325
st_R29_M135337_S1_1,metacontig,99,426,327
st_R29_M121160_S12_2,metacontig,516,870,354
NC_013527_1,metacontig,1611,1961,350
st_R29_M238982_S1_1,metacontig,63,389,326
KJ470619_7,metacontig,2547,2952,405
MN059232_1,metacontig,1549,1887,338
NC_040723_1,metacontig,2129,2478,349
st_R29_M36994_S3_3,metacontig,32,390,358
ar_R29_M5282_S1_1,metacontig,216,580,364
KC248195_7,metacontig,2471,2946,475
st_R29_M23228_S1_5,metacontig,1443,1824,381
st_R29_M37702_S1_2,metacontig,339,713,374
st_R29_M263163_S1_3,metacontig,195,521,326
st_R29_M408673_S1_3,metacontig,116,445,329
st_R29_M125161_S1_7,metacontig,677,1004,327
st_R29_M125142_S1_1,metacontig,187,514,327
LC523017_2,metacontig,1231,1608,377
st_R29_M355447_S1_2,metacontig,49,391,342
KY471462_1,metacontig,1631,1975,344
st_R29_M16666_S1_3,metacontig,54,416,362
st_R29_M359636_S1_1,metacontig,24,381,357
st_R29_M265975_S27_1,metacontig,20,366,346
st_R29_M63045_S1_1,metacontig,389,714,325
st_R29_M369832_S1_2,metacontig,22,347,325
fu_R29_M3834_S1_2,metacontig,12,251,239
MK050794_1,metacontig,1591,1950,359
st_R29_M367864_S1_1,metacontig,51,391,340
st_R29_M143439_S1_1,metacontig,123,448,325
st_R29_M49685_S1_1,metacontig,27,332,305
st_R29_M386361_S1_2,metacontig,61,380,319
st_R29_M19468_S1_1,metacontig,119,445,326
fu_R29_M382_S1_2,metacontig,114,441,327
st_R29_M318602_S1_1,metacontig,15,361,346
st_R29_M164618_S1_1,metacontig,80,407,327
st_R29_M172062_S1_1,metacontig,300,657,357
st_R29_M7431_S1_4,metacontig,299,624,325
st_R29_M129460_S1_1,metacontig,1713,2070,357
st_R29_M107571_S1_1,metacontig,99,433,334
st_R29_M17494_S1_4,metacontig,1542,1876,334
fu_R29_M288_S10_4,metacontig,181,573,392
st_R29_M211933_S1_2,metacontig,535,886,351
st_R29_M397152_S1_2,metacontig,29,350,321
MN059224_1,metacontig,1547,1881,334
st_R29_M110009_S1_1,metacontig,1021,1347,326
st_R29_M92446_S1_3,metacontig,259,584,325
st_R29_M299131_S1_1,metacontig,78,403,325
st_R29_M125146_S1_3,metacontig,433,761,328
mm_R29_M5042_S1_1,metacontig,18,415,397
JF320811_1,metacontig,1548,1882,334
st_R29_M95557_S1_1,metacontig,85,410,325
st_R29_M369825_S5_2,metacontig,244,571,327
st_R29_M76749_S1_1,metacontig,92,417,325
st_R29_M29165_S1_3,metacontig,66,392,326
st_R29_M356879_S1_1,metacontig,28,382,354
st_R29_M76720_S1_1,metacontig,28,351,323
st_R29_M110794_S7_7,metacontig,289,653,364
KF030846_2,metacontig,1652,1968,316
st_R29_M16338_S1_3,metacontig,461,786,325
st_R29_M366330_S3_1,metacontig,594,937,343
NC_016997_3,metacontig,2885,3372,487
st_R29_M363271_S1_4,metacontig,372,763,391
st_R29_M124066_S1_1,metacontig,9,325,316
st_R29_M67740_S1_1,metacontig,93,418,325
JF735112_7,metacontig,2496,2879,383
ar_R29_M40000_S1_3,metacontig,362,852,490
st_R29_M205005_S1_2,metacontig,14,340,326
st_R29_M294248_S1_1,metacontig,210,537,327
st_R29_M58364_S1_10,metacontig,2240,2664,424
st_R29_M293914_S1_2,metacontig,97,458,361
LC523010_2,metacontig,1231,1608,377
MN059117_1,metacontig,1562,1900,338
MT354629_3,metacontig,2866,3384,518
st_R29_M35440_S1_1,metacontig,207,533,326
MK024711_1,metacontig,2655,3098,443
st_R29_M222202_S1_1,metacontig,37,363,326
KJ439782_7,metacontig,2462,2941,479
MN053272_2,metacontig,1597,1940,343
MN539275_3,metacontig,78,443,365
st_R29_M409558_S1_3,metacontig,438,798,360
st_R29_M41687_S8_3,metacontig,21,384,363
st_R29_M240236_S1_4,metacontig,85,458,373
st_R29_M124728_S1_3,metacontig,238,564,326
fu_R29_M3808_S1_1,metacontig,328,755,427
ro_R29_M259_S1_10,metacontig,1746,2135,389
mm_R29_M340_S1_12,metacontig,4941,5526,585
st_R29_M110293_S1_1,metacontig,33,387,354
st_R29_M212300_S1_7,metacontig,101,448,347
st_R29_M128057_S1_1,metacontig,108,463,355
st_R29_M126557_S1_2,metacontig,207,534,327
st_R29_M121799_S1_2,metacontig,82,439,357
fu_R29_M978_S1_2,metacontig,58,385,327
st_R29_M57118_S1_1,metacontig,317,769,452
JQ245696_2,metacontig,1578,1948,370
st_R29_M254730_S1_2,metacontig,1543,1909,366
st_R29_M21722_S1_2,metacontig,20,342,322
st_R29_M51392_S1_3,metacontig,186,582,396
st_R29_M264702_S1_6,metacontig,41,364,323
st_R29_M343235_S1_2,metacontig,119,444,325
KM504114_4,metacontig,2468,2947,479
st_R29_M89713_S1_3,metacontig,496,847,351
st_R29_M98454_S1_9,metacontig,1342,1704,362
st_R29_M2638_S1_1,metacontig,56,382,326
st_R29_M96989_S1_2,metacontig,126,451,325
st_R29_M122060_S1_2,metacontig,1590,1919,329
st_R29_M333125_S1_4,metacontig,766,1091,325
st_R29_M45029_S1_1,metacontig,184,511,327
st_R29_M4323_S1_2,metacontig,102,431,329
ar_R29_M17769_S1_28,metacontig,2841,3330,489
st_R29_M26085_S1_3,metacontig,548,904,356
st_R29_M26332_S1_1,metacontig,90,417,327
st_R29_M229537_S1_2,metacontig,129,454,325
mm_R29_M155_S1_8,metacontig,1782,2143,361
st_R29_M230475_S1_1,metacontig,548,879,331
mm_R29_M7016_S1_1,metacontig,2149,2547,398
st_R29_M23685_S1_3,metacontig,90,415,325
st_R29_M31832_S1_1,metacontig,1412,1779,367
ar_R29_M15782_S1_4,metacontig,217,548,331
st_R29_M331984_S1_1,metacontig,1545,1911,366
st_R29_M109092_S1_1,metacontig,11,333,322
st_R29_M209620_S1_1,metacontig,202,547,345
st_R29_M27623_S1_1,metacontig,134,459,325
st_R29_M39590_S1_1,metacontig,127,453,326
st_R29_M50491_S1_6,metacontig,81,406,325
st_R29_M82187_S1_2,metacontig,248,598,350
st_R29_M425740_S1_2,metacontig,203,530,327
st_R29_M94262_S1_1,metacontig,52,378,326
st_R29_M332627_S2_1,metacontig,295,657,362
st_R29_M362427_S1_3,metacontig,278,605,327
st_R29_M208505_S1_3,metacontig,299,624,325
st_R29_M426007_S1_1,metacontig,1596,1961,365
st_R29_M397125_S1_1,metacontig,145,471,326
st_R29_M326622_S1_1,metacontig,110,437,327
st_R29_M29513_S577_3,metacontig,517,842,325
st_R29_M7816_S1_2,metacontig,161,486,325
fu_R29_M3880_S1_4,metacontig,39,352,313
st_R29_M222469_S1_1,metacontig,971,1327,356
MN059197_1,metacontig,1545,1878,333
st_R29_M106470_S1_3,metacontig,456,766,310
st_R29_M220255_S1_3,metacontig,402,716,314
st_R29_M28613_S1_2,metacontig,74,397,323
st_R29_M88128_S2_5,metacontig,322,646,324
st_R29_M121968_S1_2,metacontig,1447,1798,351
NC_029089_1,metacontig,1572,1936,364
st_R29_M121614_S1_1,metacontig,139,464,325
MK050793_2,metacontig,1613,1969,356
st_R29_M120657_S1_1,metacontig,288,615,327
st_R29_M16071_S1_6,metacontig,263,572,309
st_R29_M257561_S1_2,metacontig,442,767,325
st_R29_M256572_S1_1,metacontig,91,439,348
st_R29_M56849_S2_2,metacontig,300,660,360
st_R29_M101382_S1_9,metacontig,495,857,362
ar_R29_M7069_S1371_2,metacontig,79,450,371
st_R29_M374581_S1_9,metacontig,1770,2128,358
st_R29_M379771_S1_2,metacontig,300,625,325
st_R29_M286965_S1_2,metacontig,199,526,327
st_R29_M27529_S2_1,metacontig,88,415,327
MN059182_1,metacontig,1531,1867,336
st_R29_M266514_S1_1,metacontig,95,422,327
st_R29_M407377_S1_5,metacontig,710,1030,320
st_R29_M124417_S1_2,metacontig,89,416,327
JX183553_6,metacontig,2471,2857,386
st_R29_M323010_S1_1,metacontig,597,924,327
MN059221_1,metacontig,1540,1894,354
st_R29_M126547_S1_3,metacontig,252,579,327
KM504117_4,metacontig,2472,2952,480
st_R29_M333546_S1_1,metacontig,10,326,316
fu_R29_M5224_S1_1,metacontig,276,610,334
st_R29_M68311_S2_3,metacontig,6,326,320
st_R29_M74893_S1_1,metacontig,502,853,351
st_R29_M220253_S1_1,metacontig,80,405,325
st_R29_M265915_S1_1,metacontig,26,300,274
st_R29_M126563_S1_4,metacontig,181,508,327
st_R29_M43998_S1_1,metacontig,34,357,323
st_R29_M118229_S1_1,metacontig,1393,1741,348
st_R29_M142379_S1_1,metacontig,293,620,327
st_R29_M46959_S1_1,metacontig,268,593,325
st_R29_M25112_S1_4,metacontig,1287,1643,356
st_R29_M35531_S1_6,metacontig,4169,4532,363
st_R29_M60004_S1_1,metacontig,218,544,326
st_R29_M6697_S1_1,metacontig,1996,2363,367
GU133617_7,metacontig,2462,2851,389
st_R29_M230477_S1_1,metacontig,197,524,327
st_R29_M95862_S1_1,metacontig,1713,2070,357
st_R29_M50515_S1_1,metacontig,140,467,327
MH898497_3,metacontig,1613,1967,354
st_R29_M142404_S1_1,metacontig,136,463,327
st_R29_M204859_S1_1,metacontig,79,405,326
KP115605_1,metacontig,1714,2070,356
st_R29_M237788_S1_1,metacontig,23,344,321
st_R29_M132308_S3_1,metacontig,107,434,327
MK847264_3,metacontig,635,995,360
st_R29_M98703_S1_1,metacontig,1197,1554,357
st_R29_M45944_S1_2,metacontig,61,384,323
MN059247_1,metacontig,1545,1879,334
st_R29_M176325_S1_2,metacontig,985,1335,350
KY923048_5,metacontig,2833,3314,481
st_R29_M319964_S1_1,metacontig,223,532,309
KJ439776_9,metacontig,2473,2948,475
st_R29_M125812_S1_2,metacontig,25,349,324
MN814321_1,metacontig,1533,1885,352
st_R29_M450923_S1_3,metacontig,448,802,354
st_R29_M51386_S1_9,metacontig,1482,1825,343
st_R29_M15903_S1_4,metacontig,235,593,358
KY510863_2,metacontig,1268,1624,356
st_R29_M92856_S1_1,metacontig,20,370,350
ma_R29_M5016_S1_1,metacontig,768,1155,387
st_R29_M243872_S1_1,metacontig,1556,1946,390
st_R29_M49674_S1_1,metacontig,403,737,334
st_R29_M299208_S1_2,metacontig,240,553,313
st_R29_M143374_S1_1,metacontig,179,505,326
KY420906_1,metacontig,1465,1832,367
st_R29_M265975_S7_4,metacontig,1257,1614,357
st_R29_M76710_S1_1,metacontig,138,464,326
st_R29_M210229_S1_3,metacontig,137,459,322
st_R29_M195661_S1_4,metacontig,234,560,326
st_R29_M245356_S1_5,metacontig,100,427,327
st_R29_M82179_S1_4,metacontig,182,533,351
st_R29_M19625_S1_2,metacontig,2,332,330
st_R29_M113482_S68_2,metacontig,337,661,324
NC_016440_1,metacontig,1562,1900,338
st_R29_M112015_S1_1,metacontig,17,340,323
st_R29_M243865_S1_3,metacontig,347,737,390
st_R29_M186918_S1_3,metacontig,34,388,354
st_R29_M152559_S1_1,metacontig,1665,2015,350
NC_040825_1,metacontig,3851,4220,369
st_R29_M299216_S1_1,metacontig,48,372,324
st_R29_M186000_S5_2,metacontig,11,328,317
st_R29_M11737_S41_1,metacontig,136,457,321
KY510855_2,metacontig,1267,1623,356
st_R29_M427123_S1_1,metacontig,145,471,326
st_R29_M66025_S1_5,metacontig,1218,1583,365
st_R29_M17435_S1_4,metacontig,34,360,326
st_R29_M90122_S1_2,metacontig,290,617,327
st_R29_M298525_S1_1,metacontig,525,876,351
ar_R29_M33097_S1_2,metacontig,33,393,360
NC_023892_1,metacontig,1613,1946,333
st_R29_M419815_S1_1,metacontig,572,899,327
MH051229_2,metacontig,2869,3358,489
st_R29_M447779_S1_2,metacontig,1612,1998,386
AB032469_1,metacontig,1602,1961,359
st_R29_M154004_S1_1,metacontig,247,609,362
st_R29_M1430_S1_3,metacontig,87,460,373
st_R29_M405509_S1_2,metacontig,1717,2068,351
ar_R29_M43818_S1_1,metacontig,1282,1660,378
MT129774_1,metacontig,2073,2446,373
KF030848_1,metacontig,1653,1966,313
st_R29_M379414_S1_1,metacontig,32,359,327
st_R29_M36994_S1_1,metacontig,269,631,362
KJ439768_7,metacontig,2462,2941,479
st_R29_M88405_S3_1,metacontig,162,489,327
st_R29_M400455_S1_9,metacontig,952,1303,351
fu_R29_M456_S1_1,metacontig,349,676,327
st_R29_M173520_S3_6,metacontig,856,1212,356
JX227964_7,metacontig,2467,2942,475
st_R29_M240214_S1_1,metacontig,213,586,373
st_R29_M81522_S1_10,metacontig,1555,1909,354
st_R29_M85343_S1_1,metacontig,71,475,404
NC_009892_2,metacontig,1739,2107,368
st_R29_M54119_S1_2,metacontig,31,354,323
st_R29_M44296_S1_1,metacontig,130,457,327
st_R29_M212023_S1_2,metacontig,34,355,321
st_R29_M29566_S1_1,metacontig,48,375,327
st_R29_M300661_S35_1,metacontig,447,807,360
st_R29_M167102_S1_1,metacontig,710,1085,375
sa_R29_M3021_S2_2,metacontig,403,795,392
st_R29_M307321_S1_2,metacontig,240,568,328
st_R29_M263806_S1_1,metacontig,102,429,327
st_R29_M420183_S1_1,metacontig,30,354,324
st_R29_M9660_S1_2,metacontig,128,454,326
st_R29_M21760_S1_3,metacontig,444,768,324
st_R29_M146673_S1_1,metacontig,16,365,349
st_R29_M146679_S1_1,metacontig,16,365,349
st_R29_M238985_S1_2,metacontig,361,688,327
st_R29_M315371_S1_1,metacontig,3828,4204,376
st_R29_M314934_S8_6,metacontig,190,511,321
st_R29_M125131_S1_3,metacontig,62,389,327
st_R29_M204866_S1_1,metacontig,12,334,322
st_R29_M97432_S253_1,metacontig,77,403,326
KY510889_2,metacontig,1220,1598,378
MH979231_3,metacontig,3334,3767,433
mm_R29_M8203_S1_1,metacontig,466,863,397
KY510882_2,metacontig,1220,1598,378
st_R29_M109963_S54_1,metacontig,181,506,325
st_R29_M210199_S1_1,metacontig,129,452,323
st_R29_M207579_S1_1,metacontig,205,531,326
st_R29_M100207_S1_1,metacontig,358,754,396
st_R29_M128615_S1_3,metacontig,165,492,327
ar_R29_M21592_S9_1,metacontig,124,501,377
st_R29_M314923_S1_3,metacontig,172,493,321
st_R29_M21374_S1_1,metacontig,358,710,352
st_R29_M54744_S1_8,metacontig,1547,1909,362
st_R29_M243858_S1_2,metacontig,211,621,410
st_R29_M113121_S1_1,metacontig,5,320,315
st_R29_M60677_S1_3,metacontig,52,365,313
st_R29_M2639_S1_2,metacontig,54,377,323
st_R29_M100216_S1_2,metacontig,366,762,396
st_R29_M125509_S1_2,metacontig,85,414,329
st_R29_M206812_S1_1,metacontig,344,665,321
MN059218_2,metacontig,1541,1882,341
st_R29_M183850_S1_1,metacontig,1380,1738,358
KY510910_3,metacontig,1263,1622,359
st_R29_M286972_S5_4,metacontig,163,490,327
st_R29_M363279_S1_2,metacontig,1099,1413,314
st_R29_M139637_S1_1,metacontig,90,412,322
st_R29_M51687_S1_3,metacontig,165,492,327
st_R29_M124418_S1_1,metacontig,90,416,326
st_R29_M230494_S1_2,metacontig,100,427,327
st_R29_M294205_S1_1,metacontig,6,325,319
st_R29_M303617_S2_3,metacontig,443,767,324
st_R29_M425728_S1_2,metacontig,76,402,326
st_R29_M122089_S1_2,metacontig,1590,1919,329
MG879477_1,metacontig,1482,1814,332
fu_R29_M146_S1_1,metacontig,283,610,327
MN814319_1,metacontig,1543,1894,351
st_R29_M126548_S1_2,metacontig,36,362,326
NC_009383_1,metacontig,1613,1964,351
fu_R29_M772_S1_1,metacontig,56,381,325
ma_R29_M191_S1_2,metacontig,231,606,375
st_R29_M301367_S1_1,metacontig,16,327,311
st_R29_M109098_S1_1,metacontig,604,927,323
st_R29_M22986_S1_2,metacontig,362,689,327
st_R29_M440997_S1_3,metacontig,257,583,326
st_R29_M3814_S1_2,metacontig,756,1112,356
st_R29_M426005_S1_2,metacontig,50,373,323
KX528230_4,metacontig,2570,2934,364
st_R29_M213201_S1_2,metacontig,184,511,327
st_R29_M11737_S40_5,metacontig,162,483,321
st_R29_M98457_S1_3,metacontig,306,633,327
MN879752_1,metacontig,1593,2009,416
st_R29_M41687_S1_3,metacontig,184,550,366
st_R29_M41687_S2_2,metacontig,184,550,366
st_R29_M255862_S1_1,metacontig,267,593,326
st_R29_M331363_S1_1,metacontig,950,1306,356
st_R29_M66406_S2_4,metacontig,1236,1597,361
NC_040614_1,metacontig,2495,2911,416
st_R29_M146676_S1_2,metacontig,1367,1737,370
MT522375_3,metacontig,1922,2324,402
st_R29_M299051_S3_1,metacontig,245,572,327
st_R29_M310974_S1_2,metacontig,12,337,325
st_R29_M10613_S1_1,metacontig,45,353,308
ar_R29_M42816_S1_1,metacontig,1545,1907,362
ar_R29_M10793_S1_3,metacontig,114,587,473
fu_R29_M388_S1_4,metacontig,214,541,327
fu_R29_M1929_S1_1,metacontig,120,471,351
st_R29_M113142_S1_3,metacontig,172,497,325
NC_006567_2,metacontig,370,744,374
st_R29_M414670_S1_1,metacontig,83,408,325
fu_R29_M921_S1_3,metacontig,197,524,327
st_R29_M77502_S1_3,metacontig,108,435,327
st_R29_M184815_S1_12,metacontig,575,938,363
fu_R29_M588_S1_1,metacontig,24,349,325
st_R29_M67009_S1_3,metacontig,113,502,389
st_R29_M64845_S1_2,metacontig,211,523,312
NC_040788_2,metacontig,2874,3376,502
ar_R29_M35922_S1_1,metacontig,1545,1879,334
st_R29_M310281_S1_1,metacontig,249,575,326
st_R29_M97432_S232_1,metacontig,727,1045,318
st_R29_M318321_S1_1,metacontig,1327,1649,322
ma_R29_M1700_S1_1,metacontig,161,484,323
fu_R29_M1130_S1_1,metacontig,281,608,327
st_R29_M414656_S1_2,metacontig,552,875,323
st_R29_M29513_S600_3,metacontig,163,484,321
st_R29_M53598_S1_1,metacontig,143,469,326
LC523002_2,metacontig,1245,1611,366
ar_R29_M17136_S1_10,metacontig,1545,1879,334
st_R29_M39993_S1_1,metacontig,83,409,326
st_R29_M409559_S1_3,metacontig,281,638,357
LC523004_2,metacontig,1249,1610,361
st_R29_M310986_S1_3,metacontig,401,728,327
sa_R29_M3254_S1_1,metacontig,12,267,255
st_R29_M65436_S1_2,metacontig,103,428,325
ar_R29_M6851_S1_4,metacontig,241,599,358
st_R29_M125484_S1_3,metacontig,93,418,325
st_R29_M88415_S2_1,metacontig,129,456,327
NC_009764_1,metacontig,1581,1940,359
NC_040689_1,metacontig,1615,2002,387
st_R29_M240127_S1_2,metacontig,58,449,391
ar_R29_M38810_S1_2,metacontig,108,622,514
st_R29_M213250_S1_13,metacontig,839,1169,330
st_R29_M60418_S2_1,metacontig,106,431,325
st_R29_M10443_S1_3,metacontig,1068,1394,326
st_R29_M2835_S1_3,metacontig,130,457,327
st_R29_M81554_S1_2,metacontig,397,759,362
st_R29_M98499_S1_1,metacontig,103,430,327
st_R29_M125481_S1_2,metacontig,223,550,327
st_R29_M82693_S1_3,metacontig,456,781,325
st_R29_M403588_S1_1,metacontig,60,387,327
st_R29_M15014_S1_1,metacontig,93,431,338
st_R29_M320045_S1_2,metacontig,69,395,326
st_R29_M39577_S1_2,metacontig,97,420,323
st_R29_M368345_S2_3,metacontig,236,617,381
st_R29_M34809_S1_2,metacontig,132,511,379
st_R29_M71714_S1_1,metacontig,17,328,311
st_R29_M423009_S1_5,metacontig,1,260,259
MN059122_1,metacontig,1562,1900,338
st_R29_M243701_S1_4,metacontig,299,626,327
st_R29_M26324_S1_3,metacontig,72,399,327
st_R29_M26310_S1_1,metacontig,39,365,326
KR072674_1,metacontig,1712,2070,358
st_R29_M139996_S1_3,metacontig,1977,2338,361
st_R29_M132052_S1_1,metacontig,59,386,327
ar_R29_M25876_S1_1,metacontig,505,893,388
st_R29_M97432_S239_1,metacontig,396,721,325
MG865890_2,metacontig,1564,1920,356
st_R29_M112522_S1_1,metacontig,24,349,325
NC_005039_5,metacontig,2873,3356,483
st_R29_M265975_S4_2,metacontig,1266,1622,356
st_R29_M49482_S1_2,metacontig,82,409,327
MN059192_1,metacontig,1546,1880,334
st_R29_M277141_S1_1,metacontig,30,364,334
st_R29_M4668_S2_2,metacontig,1270,1621,351
MK860761_4,metacontig,2789,3264,475
st_R29_M366330_S1_9,metacontig,1565,1903,338
st_R29_M2828_S1_4,metacontig,690,1017,327
st_R29_M181951_S1_1,metacontig,85,411,326
st_R29_M181982_S2_2,metacontig,55,382,327
st_R29_M126396_S1_2,metacontig,1545,1885,340
st_R29_M164619_S1_2,metacontig,103,430,327
st_R29_M97432_S244_1,metacontig,214,534,320
st_R29_M328684_S1_7,metacontig,1264,1624,360
NC_008292_1,metacontig,1566,1900,334
sa_R29_M3205_S1_2,metacontig,79,430,351
NC_038966_2,metacontig,1650,1994,344
MN059235_2,metacontig,1541,1882,341
NC_034017_4,metacontig,2856,3339,483
sp_R29_M432_S1_1,metacontig,4071,4448,377
st_R29_M74699_S1_1,metacontig,215,580,365
st_R29_M77496_S1_5,metacontig,824,1151,327
st_R29_M125139_S1_2,metacontig,249,576,327
st_R29_M243627_S1_1,metacontig,586,915,329
ch_R29_M344_S1_1,metacontig,5,486,481
fu_R29_M885_S1_5,metacontig,587,921,334
fu_R29_M609_S1_1,metacontig,119,534,415
st_R29_M18815_S1_1,metacontig,436,759,323
JQ899443_1,metacontig,1559,1893,334
st_R29_M171720_S1_1,metacontig,135,460,325
st_R29_M169644_S1_1,metacontig,597,962,365
st_R29_M127061_S1_1,metacontig,1067,1413,346
st_R29_M3955_S1_4,metacontig,100,422,322
st_R29_M26605_S1_1,metacontig,6,320,314
st_R29_M343255_S1_1,metacontig,21,355,334
st_R29_M60006_S1_1,metacontig,359,683,324
st_R29_M104859_S1_3,metacontig,1548,1909,361
st_R29_M45024_S1_2,metacontig,12,337,325
st_R29_M113482_S56_7,metacontig,817,1141,324
st_R29_M23899_S1_1,metacontig,241,567,326
ar_R29_M22023_S1_1,metacontig,1651,2016,365
st_R29_M370206_S1_2,metacontig,353,680,327
st_R29_M152411_S1_4,metacontig,278,650,372
st_R29_M417071_S1_1,metacontig,117,510,393
st_R29_M66021_S1_1,metacontig,43,429,386
st_R29_M171734_S1_1,metacontig,165,490,325
st_R29_M216508_S1_1,metacontig,100,427,327
st_R29_M339885_S1_1,metacontig,237,564,327
JX183550_7,metacontig,2468,2945,477
st_R29_M97432_S213_6,metacontig,631,954,323
st_R29_M29513_S579_2,metacontig,796,1118,322
st_R29_M55705_S2_8,metacontig,687,1011,324
st_R29_M243896_S1_1,metacontig,388,788,400
st_R29_M121849_S1_2,metacontig,106,447,341
st_R29_M97439_S1_1,metacontig,406,725,319
NC_022619_3,metacontig,5357,5750,393
st_R29_M409565_S1_6,metacontig,1262,1622,360
st_R29_M243860_S1_1,metacontig,349,747,398
st_R29_M239858_S1_1,metacontig,88,415,327
MN059100_2,metacontig,1509,1853,344
st_R29_M53581_S1_1,metacontig,152,477,325
st_R29_M208655_S1_1,metacontig,153,478,325
st_R29_M386963_S1_2,metacontig,518,848,330
st_R29_M175893_S1_4,metacontig,1799,2125,326
st_R29_M15013_S1_1,metacontig,358,704,346
st_R29_M257136_S1_2,metacontig,74,396,322
st_R29_M29513_S534_1,metacontig,662,985,323
st_R29_M143467_S1_8,metacontig,1548,1909,361
st_R29_M286522_S1_1,metacontig,16,338,322
st_R29_M105676_S1_1,metacontig,20,337,317
st_R29_M222192_S2_2,metacontig,114,441,327
ar_R29_M24569_S1_1,metacontig,194,434,240
st_R29_M176314_S1_1,metacontig,1605,1943,338
ar_R29_M4813_S1_6,metacontig,1892,2266,374
st_R29_M374272_S1_3,metacontig,843,1200,357
AB935553_2,metacontig,79,471,392
KU707475_1,metacontig,1712,2070,358
st_R29_M294962_S1_1,metacontig,307,634,327
st_R29_M389673_S1_1,metacontig,37,347,310
st_R29_M25513_S1_3,metacontig,336,745,409
st_R29_M82765_S1_4,metacontig,934,1291,357
st_R29_M29588_S1_1,metacontig,144,471,327
ma_R29_M163_S37_3,metacontig,123,514,391
st_R29_M7416_S1_2,metacontig,100,425,325
st_R29_M226462_S1_2,metacontig,29,409,380
st_R29_M100144_S1_1,metacontig,90,415,325
st_R29_M264849_S1_4,metacontig,81,396,315
st_R29_M29513_S15_9,metacontig,1060,1382,322
st_R29_M10431_S1_2,metacontig,153,480,327
st_R29_M266328_S1_9,metacontig,1717,2067,350
st_R29_M7463_S1_5,metacontig,927,1250,323
st_R29_M212062_S1_1,metacontig,324,643,319
MH807827_5,metacontig,1928,2318,390
st_R29_M235467_S1_1,metacontig,23,309,286
MN059194_1,metacontig,1542,1876,334
st_R29_M72392_S1_2,metacontig,26,351,325
st_R29_M209744_S7_1,metacontig,1114,1435,321
st_R29_M373601_S1_2,metacontig,181,501,320
st_R29_M33377_S1_1,metacontig,42,426,384
fi_R29_M371_S1_11,metacontig,1706,2057,351
st_R29_M239785_S1_2,metacontig,1714,2065,351
st_R29_M118713_S1_1,metacontig,226,552,326
st_R29_M125211_S1_2,metacontig,135,462,327
st_R29_M113482_S53_1,metacontig,821,1144,323
st_R29_M73608_S1_2,metacontig,805,1139,334
st_R29_M446324_S1_1,metacontig,35,391,356
st_R29_M326612_S1_1,metacontig,22,347,325
st_R29_M121834_S1_3,metacontig,5,320,315
MT498834_1,metacontig,2318,2721,403
st_R29_M15498_S1_2,metacontig,249,573,324
st_R29_M1495_S1_4,metacontig,89,479,390
st_R29_M82766_S1_1,metacontig,1288,1645,357
ar_R29_M19887_S2_7,metacontig,1514,1875,361
st_R29_M235490_S1_1,metacontig,76,406,330
fu_R29_M748_S1_1,metacontig,210,537,327
MH264534_1,metacontig,1713,2070,357
st_R29_M329219_S1_1,metacontig,79,404,325
ar_R29_M19887_S1_6,metacontig,1548,1881,333
st_R29_M43262_S1_4,metacontig,592,943,351
st_R29_M113482_S59_4,metacontig,786,1103,317
NC_029087_1,metacontig,1613,1967,354
st_R29_M367477_S1_1,metacontig,24,348,324
fu_R29_M288_S3_1,metacontig,1614,2004,390
st_R29_M235707_S1_4,metacontig,96,418,322
st_R29_M77524_S1_2,metacontig,221,548,327
st_R29_M29513_S451_1,metacontig,1077,1394,317
ar_R29_M34331_S1_6,metacontig,735,1130,395
st_R29_M125501_S1_4,metacontig,142,467,325
st_R29_M74892_S1_7,metacontig,1199,1549,350
st_R29_M77499_S1_2,metacontig,942,1269,327
st_R29_M60412_S1_3,metacontig,140,467,327
ar_R29_M42998_S1_2,metacontig,10,305,295
st_R29_M45028_S1_1,metacontig,11,333,322
st_R29_M44750_S1_3,metacontig,334,690,356
st_R29_M2975_S1_6,metacontig,52,538,486
st_R29_M323002_S1_1,metacontig,170,497,327
ar_R29_M26366_S1_14,metacontig,1592,2021,429
st_R29_M109093_S1_1,metacontig,32,355,323
st_R29_M46596_S1_10,metacontig,1676,2001,325
MN059248_1,metacontig,1549,1882,333
st_R29_M106674_S1_12,metacontig,1549,1910,361
st_R29_M347028_S1_3,metacontig,52,377,325
st_R29_M26326_S1_1,metacontig,101,428,327
st_R29_M333087_S1_1,metacontig,37,364,327
st_R29_M386343_S1_1,metacontig,404,723,319
fu_R29_M4973_S1_1,metacontig,287,660,373
st_R29_M286954_S2_6,metacontig,1150,1477,327
st_R29_M56734_S1_1,metacontig,62,393,331
st_R29_M128236_S1_11,metacontig,1541,1906,365
fu_R29_M233_S1_2,metacontig,24,348,324
MN567479_3,metacontig,2844,3320,476
st_R29_M29519_S1_1,metacontig,40,399,359
st_R29_M265542_S1_4,metacontig,1358,1734,376
KP715159_1,metacontig,1713,2070,357
fu_R29_M5168_S1_1,metacontig,125,452,327
st_R29_M288671_S1_1,metacontig,643,967,324
st_R29_M163641_S1_2,metacontig,307,658,351
st_R29_M441471_S1_5,metacontig,61,406,345
KX903301_6,metacontig,1970,2363,393
st_R29_M82180_S1_1,metacontig,54,413,359
st_R29_M222193_S1_2,metacontig,241,568,327
st_R29_M82404_S1_3,metacontig,5,352,347
st_R29_M110794_S4_6,metacontig,1609,1973,364
fu_R29_M787_S1_5,metacontig,102,429,327
st_R29_M100696_S1_1,metacontig,116,442,326
HM584819_1,metacontig,1543,1907,364
st_R29_M118254_S1_1,metacontig,1386,1716,330
mm_R29_M4795_S1_1,metacontig,5,348,343
st_R29_M272675_S1_5,metacontig,1643,1950,307
st_R29_M77518_S1_5,metacontig,810,1136,326
MG938296_1,metacontig,1791,2110,319
st_R29_M328684_S21_1,metacontig,167,527,360
st_R29_M395095_S1_1,metacontig,1363,1690,327
st_R29_M64219_S1_8,metacontig,254,598,344
ro_R29_M171_S1_4,metacontig,1115,1511,396
st_R29_M139674_S1_1,metacontig,2003,2422,419
st_R29_M11737_S42_1,metacontig,79,401,322
NC_006946_1,metacontig,1479,1809,330
ar_R29_M34909_S1_1,metacontig,233,613,380
st_R29_M2729_S1_2,metacontig,329,656,327
st_R29_M370346_S1_1,metacontig,367,732,365
st_R29_M370207_S1_1,metacontig,57,384,327
st_R29_M396505_S1_1,metacontig,4402,4801,399
st_R29_M29549_S1_1,metacontig,1799,2125,326
st_R29_M183837_S1_3,metacontig,406,737,331
st_R29_M54824_S1_2,metacontig,247,574,327
st_R29_M408669_S1_1,metacontig,605,932,327
st_R29_M29157_S1_1,metacontig,714,1038,324
st_R29_M30274_S1_2,metacontig,313,632,319
fu_R29_M3167_S1_1,metacontig,9,319,310
st_R29_M310612_S1_1,metacontig,100,456,356
st_R29_M76721_S1_2,metacontig,36,362,326
st_R29_M183869_S1_7,metacontig,432,769,337
st_R29_M29574_S1_1,metacontig,227,554,327
st_R29_M67348_S1_3,metacontig,256,581,325
st_R29_M112519_S1_1,metacontig,26,351,325
st_R29_M234156_S1_12,metacontig,1584,1951,367
st_R29_M265657_S1_2,metacontig,4,317,313
st_R29_M65711_S1_5,metacontig,1521,1857,336
st_R29_M23665_S2_3,metacontig,26,447,421
st_R29_M183866_S1_2,metacontig,420,746,326
sa_R29_M925_S2_3,metacontig,47,417,370
KY474546_1,metacontig,1633,1977,344
st_R29_M45039_S1_2,metacontig,3,337,334
ar_R29_M30824_S1_1,metacontig,37,334,297
st_R29_M145673_S1_1,metacontig,87,412,325
KY510864_2,metacontig,1265,1625,360
st_R29_M252_S1_2,metacontig,33,355,322
st_R29_M235386_S1_1,metacontig,723,1045,322
ar_R29_M7069_S348_1,metacontig,1994,2377,383
al_R29_M117_S1_1,metacontig,351,748,397
st_R29_M3945_S1_2,metacontig,82,405,323
st_R29_M29513_S403_5,metacontig,1348,1669,321
st_R29_M394707_S1_2,metacontig,447,774,327
st_R29_M130815_S1_1,metacontig,1563,1897,334
st_R29_M391949_S1_2,metacontig,430,909,479
st_R29_M143441_S1_1,metacontig,121,444,323
st_R29_M207585_S1_1,metacontig,144,470,326
st_R29_M424331_S1_1,metacontig,7,276,269
st_R29_M368345_S4_1,metacontig,300,685,385
MH028007_5,metacontig,2379,2830,451
st_R29_M41674_S4_4,metacontig,371,736,365
st_R29_M88407_S1_1,metacontig,373,699,326
st_R29_M222188_S1_1,metacontig,6,326,320
st_R29_M121259_S1_1,metacontig,529,879,350
MF440375_1,metacontig,1623,1977,354
st_R29_M75386_S1_1,metacontig,60,384,324
st_R29_M264701_S1_3,metacontig,172,479,307
st_R29_M235481_S1_1,metacontig,1392,1746,354
st_R29_M95762_S1_4,metacontig,180,494,314
fu_R29_M804_S1_3,metacontig,48,376,328
NC_026624_4,metacontig,2850,3334,484
st_R29_M365930_S1_3,metacontig,47,372,325
KF030873_2,metacontig,1650,1970,320
KY510867_2,metacontig,1271,1626,355
KP115607_1,metacontig,1713,2070,357
st_R29_M222213_S1_1,metacontig,11,333,322
st_R29_M163657_S1_1,metacontig,56,408,352
st_R29_M235474_S1_2,metacontig,1429,1755,326
NC_016648_1,metacontig,4048,4421,373
st_R29_M77535_S1_2,metacontig,421,748,327
st_R29_M120663_S1_3,metacontig,21,345,324
st_R29_M85177_S1_1,metacontig,52,379,327
st_R29_M216618_S1_2,metacontig,2887,3293,406
st_R29_M22866_S1_3,metacontig,1590,1919,329
st_R29_M56743_S1_4,metacontig,443,770,327
st_R29_M186622_S1_1,metacontig,6,325,319
st_R29_M98529_S2_6,metacontig,117,443,326
st_R29_M216487_S1_2,metacontig,281,608,327
LC541735_1,metacontig,1335,1674,339
st_R29_M110794_S1_8,metacontig,1579,1943,364
st_R29_M29513_S508_5,metacontig,710,1033,323
st_R29_M235438_S1_1,metacontig,1386,1716,330
st_R29_M442394_S1_4,metacontig,200,542,342
st_R29_M153263_S1_3,metacontig,911,1328,417
st_R29_M17605_S1_2,metacontig,64,471,407
st_R29_M25623_S1_5,metacontig,1682,2008,326
ar_R29_M28861_S1_7,metacontig,491,837,346
st_R29_M410233_S1_1,metacontig,1614,1989,375
st_R29_M113482_S4_1,metacontig,1811,2134,323
st_R29_M243697_S1_1,metacontig,225,552,327
JX227963_8,metacontig,2460,2938,478
st_R29_M451244_S1_1,metacontig,412,742,330
st_R29_M121829_S1_1,metacontig,1430,1766,336
st_R29_M368345_S3_4,metacontig,64,427,363
st_R29_M207569_S1_1,metacontig,728,1051,323
st_R29_M317197_S1_2,metacontig,270,597,327
st_R29_M65370_S1_1,metacontig,1330,1651,321
MK135436_2,metacontig,1557,1920,363
fu_R29_M962_S5_1,metacontig,723,1052,329
LC523015_2,metacontig,1244,1611,367
st_R29_M257554_S1_8,metacontig,4,316,312
st_R29_M160540_S1_2,metacontig,196,524,328
st_R29_M29513_S587_4,metacontig,151,476,325
ar_R29_M6590_S1_2,metacontig,55,499,444
ar_R29_M17834_S1_1,metacontig,1212,1781,569
st_R29_M55981_S1_4,metacontig,26,333,307
st_R29_M126310_S2_5,metacontig,527,854,327
ar_R29_M26344_S1_1,metacontig,15,303,288
st_R29_M11737_S39_1,metacontig,221,541,320
st_R29_M3954_S1_4,metacontig,237,561,324
KJ810572_4,metacontig,100,493,393
st_R29_M180813_S1_3,metacontig,246,566,320
st_R29_M125463_S1_1,metacontig,137,465,328
KJ439778_10,metacontig,2464,2943,479
st_R29_M98479_S1_3,metacontig,587,912,325
st_R29_M93154_S1_2,metacontig,80,411,331
st_R29_M366368_S1_2,metacontig,1430,1780,350
st_R29_M1488_S1_2,metacontig,601,945,344
st_R29_M26694_S10_4,metacontig,545,904,359
st_R29_M286976_S1_3,metacontig,161,488,327
st_R29_M12288_S1_1,metacontig,115,442,327
st_R29_M332627_S1_2,metacontig,1545,1907,362
ar_R29_M7069_S231_10,metacontig,2123,2489,366
NC_040568_2,metacontig,1244,1588,344
st_R29_M50526_S1_9,metacontig,914,1241,327
st_R29_M115334_S3_2,metacontig,17,339,322
st_R29_M318368_S1_4,metacontig,1283,1614,331
st_R29_M11737_S12_2,metacontig,798,1113,315
st_R29_M239602_S1_2,metacontig,13,340,327
st_R29_M127096_S1_1,metacontig,34,360,326
st_R29_M388891_S1_1,metacontig,81,449,368
st_R29_M379399_S1_1,metacontig,1564,1890,326
ar_R29_M15183_S1_4,metacontig,557,924,367
st_R29_M29513_S562_4,metacontig,416,735,319
st_R29_M113138_S1_2,metacontig,58,383,325
st_R29_M222192_S1_3,metacontig,519,846,327
st_R29_M294964_S1_3,metacontig,110,437,327
st_R29_M139644_S1_4,metacontig,20,334,314
st_R29_M286966_S1_1,metacontig,673,999,326
st_R29_M34835_S1_2,metacontig,342,669,327
ma_R29_M3601_S1_5,metacontig,1031,1480,449
am_R29_M48_S5_3,metacontig,62,508,446
st_R29_M54732_S1_1,metacontig,1538,1903,365
st_R29_M351604_S1_1,metacontig,867,1213,346
fi_R29_M1517_S1_8,metacontig,978,1328,350
st_R29_M116435_S12_1,metacontig,1466,1786,320
st_R29_M446323_S3_5,metacontig,368,719,351
st_R29_M135588_S1_5,metacontig,129,456,327
st_R29_M249734_S1_1,metacontig,84,442,358
st_R29_M318366_S1_8,metacontig,1426,1751,325
KF537660_5,metacontig,78,482,404
st_R29_M53791_S1_1,metacontig,72,398,326
st_R29_M26305_S1_1,metacontig,115,470,355
st_R29_M311739_S1_2,metacontig,60,450,390
fu_R29_M1907_S1_1,metacontig,19,415,396
AF346759_1,metacontig,2830,3317,487
ch_R29_M168_S1_4,metacontig,1744,2152,408
MN059250_2,metacontig,1544,1878,334
st_R29_M152557_S1_1,metacontig,970,1321,351
st_R29_M60033_S1_1,metacontig,356,737,381
MK050792_2,metacontig,1583,1930,347
st_R29_M121826_S1_1,metacontig,64,402,338
st_R29_M62994_S1_1,metacontig,1393,1714,321
st_R29_M266689_S1_1,metacontig,1567,1928,361
fu_R29_M5000_S1_1,metacontig,42,388,346
st_R29_M97432_S246_1,metacontig,188,514,326
st_R29_M112012_S1_1,metacontig,701,1027,326
st_R29_M41687_S3_6,metacontig,642,1008,366
st_R29_M113203_S1_1,metacontig,188,514,326
st_R29_M213199_S1_4,metacontig,1797,2125,328
st_R29_M230471_S1_1,metacontig,126,453,327
fu_R29_M296_S1_1,metacontig,221,546,325
NC_012869_1,metacontig,1548,1906,358
st_R29_M118205_S1_11,metacontig,1386,1716,330
st_R29_M91895_S1_2,metacontig,91,437,346
st_R29_M173899_S1_11,metacontig,4643,5036,393
MK923753_2,metacontig,1797,2122,325
st_R29_M54112_S1_6,metacontig,485,805,320
st_R29_M73315_S1_1,metacontig,183,508,325
st_R29_M113482_S10_2,metacontig,1031,1354,323
ma_R29_M1478_S1_5,metacontig,128,560,432
MN059220_1,metacontig,1541,1882,341
st_R29_M54114_S1_2,metacontig,151,475,324
st_R29_M157101_S1_5,metacontig,265,586,321
st_R29_M92840_S1_2,metacontig,53,393,340
st_R29_M245375_S1_6,metacontig,304,631,327
st_R29_M140999_S1_2,metacontig,1,262,261
st_R29_M387862_S1_5,metacontig,48,295,247
st_R29_M97432_S9_8,metacontig,1806,2127,321
st_R29_M41674_S1_4,metacontig,640,1005,365
st_R29_M266512_S3_1,metacontig,289,616,327
KF319056_1,metacontig,1803,2128,325
st_R29_M92462_S1_1,metacontig,285,609,324
KP258176_1,metacontig,1640,1958,318
st_R29_M29513_S438_5,metacontig,1205,1527,322
KJ439779_7,metacontig,2462,2912,450
ar_R29_M3540_S1_1,metacontig,497,884,387
st_R29_M329284_S1_2,metacontig,1391,1726,335
st_R29_M395289_S1_1,metacontig,285,612,327
MK216754_1,metacontig,3085,3494,409
MH379107_1,metacontig,1571,1925,354
st_R29_M19460_S1_2,metacontig,376,701,325
st_R29_M317181_S1_1,metacontig,21,342,321
ar_R29_M31925_S1_1,metacontig,985,1345,360
st_R29_M441238_S3_6,metacontig,236,598,362
st_R29_M73302_S1_1,metacontig,117,443,326
st_R29_M120193_S1_2,metacontig,125,448,323
st_R29_M395088_S1_1,metacontig,25,350,325
st_R29_M33719_S2_2,metacontig,100,433,333
fu_R29_M840_S1_1,metacontig,62,387,325
st_R29_M243866_S1_4,metacontig,460,850,390
st_R29_M394731_S1_1,metacontig,27,352,325
st_R29_M446414_S1_1,metacontig,27,352,325
st_R29_M50516_S1_1,metacontig,387,714,327
fu_R29_M1125_S1_1,metacontig,24,349,325
st_R29_M367478_S1_1,metacontig,179,506,327
st_R29_M286963_S1_7,metacontig,431,758,327
st_R29_M124410_S1_1,metacontig,134,461,327
st_R29_M414659_S1_1,metacontig,1784,2105,321
st_R29_M79901_S23_4,metacontig,398,723,325
st_R29_M63064_S2_1,metacontig,1098,1419,321
st_R29_M252630_S1_1,metacontig,1318,1639,321
st_R29_M204852_S1_4,metacontig,1742,2064,322
st_R29_M160509_S1_2,metacontig,415,736,321
st_R29_M71466_S2_9,metacontig,806,1196,390
st_R29_M164630_S1_1,metacontig,6,326,320
st_R29_M183853_S1_2,metacontig,1417,1752,335
MW357717_1,metacontig,1771,2093,322
st_R29_M11627_S1_2,metacontig,558,884,326
st_R29_M379757_S1_3,metacontig,11,334,323
st_R29_M118206_S1_3,metacontig,598,930,332
st_R29_M237514_S1_1,metacontig,17,337,320
st_R29_M256879_S1_3,metacontig,380,707,327
st_R29_M413575_S1_1,metacontig,475,884,409
st_R29_M362430_S1_1,metacontig,27,352,325
st_R29_M149044_S1_1,metacontig,10,315,305
st_R29_M29513_S437_1,metacontig,1069,1384,315
st_R29_M68325_S1_4,metacontig,515,842,327
st_R29_M118235_S1_1,metacontig,1391,1721,330
fu_R29_M470_S1_2,metacontig,120,483,363
st_R29_M244274_S1_5,metacontig,826,1260,434
st_R29_M318406_S1_2,metacontig,330,660,330
fu_R29_M956_S1_3,metacontig,656,983,327
st_R29_M125138_S1_2,metacontig,311,638,327
st_R29_M399780_S1_3,metacontig,62,447,385
st_R29_M216481_S1_1,metacontig,1789,2116,327
MN059204_1,metacontig,1546,1880,334
st_R29_M88445_S16_3,metacontig,57,384,327
mm_R29_M6591_S1_4,metacontig,231,521,290
st_R29_M58658_S1_2,metacontig,34,358,324
ma_R29_M902_S1_1,metacontig,25,337,312
fu_R29_M1212_S1_5,metacontig,1595,1920,325
st_R29_M350117_S1_6,metacontig,1628,1978,350
KY821095_3,metacontig,109,492,383
st_R29_M408642_S1_1,metacontig,175,502,327
st_R29_M262717_S1_8,metacontig,19,296,277
st_R29_M50875_S1_1,metacontig,227,579,352
st_R29_M97432_S14_5,metacontig,1789,2111,322
st_R29_M139622_S1_3,metacontig,143,470,327
st_R29_M29513_S538_5,metacontig,40,365,325
KM504109_7,metacontig,2471,2946,475
LC533839_1,metacontig,1794,2125,331
st_R29_M124407_S1_1,metacontig,92,419,327
st_R29_M45042_S1_1,metacontig,226,553,327
st_R29_M97838_S1_2,metacontig,146,498,352
st_R29_M410235_S1_1,metacontig,10,310,300
st_R29_M216276_S1_7,metacontig,1134,1525,391
st_R29_M121626_S1_1,metacontig,288,613,325
st_R29_M53595_S1_1,metacontig,78,404,326
ar_R29_M631_S2_1,metacontig,346,710,364
fu_R29_M498_S1_1,metacontig,175,502,327
st_R29_M257562_S1_1,metacontig,724,1039,315
st_R29_M88416_S1_1,metacontig,126,453,327
st_R29_M101961_S1_1,metacontig,4078,4452,374
st_R29_M355379_S1_9,metacontig,1588,1951,363
st_R29_M45948_S1_1,metacontig,30,353,323
MH898501_1,metacontig,811,1173,362
st_R29_M132962_S1_1,metacontig,1564,1955,391
st_R29_M265654_S1_1,metacontig,60,386,326
ma_R29_M4997_S1_2,metacontig,130,564,434
MN059113_2,metacontig,1562,1900,338
st_R29_M29513_S596_1,metacontig,689,1002,313
st_R29_M425724_S1_1,metacontig,1753,2079,326
st_R29_M153345_S1_9,metacontig,1719,2069,350
st_R29_M375249_S1_1,metacontig,69,432,363
LC567153_3,metacontig,2962,3442,480
fu_R29_M119_S1_1,metacontig,22,347,325
MT078932_2,metacontig,1580,1942,362
st_R29_M77504_S1_6,metacontig,232,559,327
LC523003_2,metacontig,1241,1601,360
st_R29_M294963_S2_1,metacontig,192,518,326
st_R29_M49210_S1_1,metacontig,74,400,326
st_R29_M113048_S1_1,metacontig,235,562,327
LC523006_2,metacontig,1233,1609,376
st_R29_M88113_S2_1,metacontig,612,939,327
st_R29_M80125_S6_1,metacontig,639,1000,361
st_R29_M39604_S1_1,metacontig,326,653,327
st_R29_M116331_S1_2,metacontig,322,649,327
st_R29_M75165_S1_3,metacontig,202,529,327
st_R29_M314934_S4_7,metacontig,972,1288,316
st_R29_M420185_S1_1,metacontig,200,507,307
st_R29_M415625_S1_4,metacontig,223,550,327
st_R29_M105802_S1_1,metacontig,263,615,352
st_R29_M55446_S1_1,metacontig,16,348,332
st_R29_M1039_S1_1,metacontig,43,375,332
st_R29_M15015_S1_2,metacontig,42,387,345
st_R29_M339886_S1_3,metacontig,188,514,326
st_R29_M1502_S1_2,metacontig,150,522,372
st_R29_M139947_S1_1,metacontig,148,475,327
st_R29_M29513_S501_1,metacontig,746,1063,317
st_R29_M82184_S1_11,metacontig,153,511,358
st_R29_M294952_S1_1,metacontig,219,546,327
st_R29_M67340_S1_1,metacontig,48,374,326
st_R29_M88123_S11_7,metacontig,416,743,327
fu_R29_M847_S1_1,metacontig,20,343,323
st_R29_M71457_S1_3,metacontig,1625,2021,396
st_R29_M306823_S1_3,metacontig,19,295,276
st_R29_M202183_S1_1,metacontig,135,482,347
st_R29_M117800_S1_1,metacontig,305,657,352
st_R29_M237802_S1_1,metacontig,24,344,320
KX274277_1,metacontig,1789,2100,311
st_R29_M88427_S1_1,metacontig,67,394,327
st_R29_M235480_S1_4,metacontig,152,505,353
LC522999_2,metacontig,1250,1609,359
LC586218_1,metacontig,4143,4520,377
st_R29_M329326_S1_1,metacontig,1414,1740,326
st_R29_M222467_S1_6,metacontig,1603,1959,356
st_R29_M41486_S1_2,metacontig,563,951,388
st_R29_M326622_S2_1,metacontig,154,457,303
st_R29_M368332_S1_1,metacontig,65,450,385
st_R29_M299116_S1_1,metacontig,18,366,348
st_R29_M317180_S1_1,metacontig,23,347,324
st_R29_M235466_S1_1,metacontig,467,797,330
st_R29_M255857_S1_1,metacontig,25,344,319
st_R29_M445972_S1_1,metacontig,247,574,327
fu_R29_M965_S1_1,metacontig,447,774,327
ar_R29_M36185_S1_1,metacontig,2000,2396,396
al_R29_M681_S1_3,metacontig,2479,2847,368
st_R29_M60741_S1_1,metacontig,10,331,321
mm_R29_M2475_S1_1,metacontig,1384,1743,359
am_R29_M191_S1_1,metacontig,905,1208,303
st_R29_M414659_S2_8,metacontig,1804,2125,321
st_R29_M95847_S1_1,metacontig,13,366,353
st_R29_M181217_S2_1,metacontig,615,977,362
st_R29_M65661_S1_8,metacontig,1529,1867,338
st_R29_M34508_S1_1,metacontig,36,432,396
st_R29_M34811_S1_1,metacontig,25,374,349
st_R29_M126575_S1_4,metacontig,898,1260,362
st_R29_M120811_S1_2,metacontig,99,485,386
st_R29_M363275_S1_1,metacontig,95,440,345
MK923754_1,metacontig,1798,2125,327
KC248197_7,metacontig,2474,2890,416
st_R29_M303632_S1_1,metacontig,26,409,383
st_R29_M21160_S1_5,metacontig,451,872,421
st_R29_M131523_S1_1,metacontig,308,627,319
st_R29_M449367_S1_1,metacontig,111,436,325
st_R29_M409169_S1_1,metacontig,360,722,362
st_R29_M97432_S12_7,metacontig,1788,2110,322
fu_R29_M1014_S1_3,metacontig,219,603,384
LC567152_4,metacontig,2851,3338,487
MG874672_7,metacontig,2466,2830,364
st_R29_M22456_S1_1,metacontig,385,712,327
st_R29_M212018_S1_5,metacontig,849,1237,388
st_R29_M232098_S1_1,metacontig,18,366,348
st_R29_M286525_S1_2,metacontig,69,395,326
st_R29_M195703_S1_1,metacontig,393,758,365
st_R29_M27656_S1_2,metacontig,378,697,319
st_R29_M36935_S1_1,metacontig,247,571,324
ar_R29_M7069_S1104_1,metacontig,324,808,484
st_R29_M153344_S1_8,metacontig,925,1276,351
st_R29_M40753_S1_2,metacontig,117,470,353
MK035727_1,metacontig,1624,1934,310
st_R29_M94857_S1_1,metacontig,314,666,352
st_R29_M409169_S2_3,metacontig,383,745,362
st_R29_M29513_S22_1,metacontig,1751,2072,321
st_R29_M323009_S1_1,metacontig,197,524,327
st_R29_M209744_S9_2,metacontig,754,1064,310
mm_R29_M7134_S1_1,metacontig,282,651,369
st_R29_M53910_S1_3,metacontig,284,611,327
NC_011525_1,metacontig,1381,1757,376
st_R29_M4343_S1_1,metacontig,424,751,327
st_R29_M109567_S1_1,metacontig,75,399,324
fu_R29_M718_S1_3,metacontig,638,964,326
st_R29_M10821_S1_2,metacontig,89,422,333
st_R29_M420205_S1_2,metacontig,25,345,320
st_R29_M439364_S1_1,metacontig,14,372,358
st_R29_M369824_S1_1,metacontig,527,854,327
st_R29_M121809_S1_1,metacontig,23,356,333
st_R29_M303885_S1_1,metacontig,33,397,364
st_R29_M21687_S1_4,metacontig,1771,2097,326
st_R29_M118929_S1_1,metacontig,187,532,345
st_R29_M258077_S1_1,metacontig,25,348,323
st_R29_M121835_S1_1,metacontig,1032,1368,336
st_R29_M80007_S1_1,metacontig,345,742,397
st_R29_M112521_S1_1,metacontig,5,322,317
st_R29_M441279_S1_7,metacontig,728,1138,410
st_R29_M175898_S1_1,metacontig,26,350,324
st_R29_M235502_S1_2,metacontig,1392,1722,330
st_R29_M142106_S3_2,metacontig,263,630,367
st_R29_M243879_S1_4,metacontig,1422,1767,345
st_R29_M121793_S1_1,metacontig,59,411,352
st_R29_M101376_S1_1,metacontig,1799,2125,326
st_R29_M195608_S1_5,metacontig,229,482,253
st_R29_M126569_S1_2,metacontig,184,510,326
st_R29_M450913_S1_9,metacontig,1441,1796,355
fu_R29_M941_S1_1,metacontig,63,447,384
st_R29_M129689_S1_1,metacontig,13,345,332
st_R29_M181983_S1_2,metacontig,23,345,322
st_R29_M29550_S1_4,metacontig,1793,2120,327
st_R29_M109566_S1_1,metacontig,95,419,324
KJ439772_5,metacontig,2467,2917,450
st_R29_M216486_S1_1,metacontig,38,365,327
st_R29_M169148_S1_1,metacontig,189,511,322
st_R29_M374183_S1_3,metacontig,289,615,326
LC279526_1,metacontig,1538,1872,334
fu_R29_M173_S1_1,metacontig,455,782,327
st_R29_M74605_S1_1,metacontig,207,532,325
MT013203_2,metacontig,4139,4545,406
fu_R29_M5078_S1_2,metacontig,134,426,292
st_R29_M11761_S1_1,metacontig,107,433,326
MK984598_1,metacontig,1764,2131,367
st_R29_M34214_S1_2,metacontig,40,366,326
st_R29_M34213_S1_1,metacontig,154,480,326
st_R29_M113959_S1_1,metacontig,125,452,327
JX559646_1,metacontig,1788,2110,322
st_R29_M256854_S1_3,metacontig,20,403,383
st_R29_M329327_S1_1,metacontig,1178,1513,335
st_R29_M97432_S8_2,metacontig,1815,2137,322
st_R29_M82183_S1_7,metacontig,1726,2077,351
st_R29_M45021_S1_2,metacontig,105,469,364
st_R29_M45023_S1_1,metacontig,161,486,325
st_R29_M72247_S1_27,metacontig,5268,5584,316
st_R29_M52518_S1_1,metacontig,107,431,324
st_R29_M446343_S1_1,metacontig,132,490,358
st_R29_M176316_S1_6,metacontig,1594,1953,359
st_R29_M101140_S1_1,metacontig,4,320,316
st_R29_M298492_S1_1,metacontig,83,480,397
st_R29_M139945_S1_5,metacontig,600,925,325
st_R29_M362411_S1_3,metacontig,252,579,327
MH231174_1,metacontig,1590,1919,329
fu_R29_M698_S1_1,metacontig,111,438,327
st_R29_M365927_S1_4,metacontig,147,473,326
st_R29_M235476_S1_7,metacontig,632,962,330
st_R29_M425736_S1_5,metacontig,1799,2125,326
st_R29_M50288_S1_1,metacontig,129,513,384
am_R29_M48_S4_7,metacontig,991,1408,417
st_R29_M88438_S1_1,metacontig,182,509,327
st_R29_M88122_S1_3,metacontig,106,433,327
st_R29_M379767_S1_4,metacontig,115,441,326
st_R29_M146681_S1_1,metacontig,61,419,358
st_R29_M111434_S1_4,metacontig,86,439,353
st_R29_M170096_S1_4,metacontig,63,389,326
st_R29_M313611_S1_5,metacontig,239,566,327
st_R29_M226791_S1_5,metacontig,731,1121,390
st_R29_M259894_S1_7,metacontig,1057,1380,323
ar_R29_M25131_S1_2,metacontig,374,708,334
sa_R29_M1875_S1_3,metacontig,333,768,435
st_R29_M71458_S1_2,metacontig,588,979,391
st_R29_M153986_S1_8,metacontig,1035,1386,351
st_R29_M213240_S1_1,metacontig,880,1210,330
st_R29_M357592_S1_2,metacontig,23,347,324
st_R29_M355448_S1_2,metacontig,105,451,346
st_R29_M11737_S36_5,metacontig,405,724,319
st_R29_M128601_S1_2,metacontig,1797,2124,327
KY510851_2,metacontig,1268,1612,344
st_R29_M264840_S1_4,metacontig,11,393,382
st_R29_M5719_S1_1,metacontig,54,406,352
st_R29_M333113_S1_1,metacontig,56,440,384
st_R29_M57148_S1_3,metacontig,63,388,325
st_R29_M230494_S3_6,metacontig,1164,1491,327
st_R29_M146680_S1_1,metacontig,18,365,347
st_R29_M12290_S1_1,metacontig,71,398,327
st_R29_M319736_S1_5,metacontig,50,294,244
st_R29_M222212_S1_1,metacontig,20,343,323
st_R29_M97432_S19_7,metacontig,1794,2107,313
st_R29_M37124_S1_1,metacontig,123,447,324
st_R29_M182155_S1_3,metacontig,1481,1843,362
st_R29_M192768_S1_2,metacontig,172,498,326
st_R29_M379765_S1_8,metacontig,1796,2123,327
st_R29_M110143_S1_1,metacontig,1770,2092,322
KF030859_2,metacontig,1645,1960,315
st_R29_M51684_S1_1,metacontig,406,733,327
st_R29_M42790_S1_1,metacontig,16,364,348
st_R29_M77525_S1_1,metacontig,230,555,325
st_R29_M101368_S2_3,metacontig,141,489,348
st_R29_M266864_S1_3,metacontig,161,486,325
st_R29_M71471_S2_3,metacontig,1169,1559,390
st_R29_M446323_S2_1,metacontig,999,1349,350
ar_R29_M31042_S1_1,metacontig,161,617,456
KY992924_1,metacontig,1783,2105,322
st_R29_M76791_S1_1,metacontig,103,429,326
st_R29_M29556_S1_1,metacontig,1799,2125,326
st_R29_M121831_S1_1,metacontig,1223,1563,340
st_R29_M53915_S1_1,metacontig,1721,2048,327
st_R29_M133080_S1_1,metacontig,447,799,352
MH536506_1,metacontig,1624,1958,334
st_R29_M66128_S2_3,metacontig,14,331,317
sa_R29_M925_S1_2,metacontig,2312,2754,442
st_R29_M357609_S1_1,metacontig,27,351,324
st_R29_M113964_S1_3,metacontig,43,370,327
st_R29_M194961_S1_3,metacontig,67,409,342
st_R29_M22983_S1_4,metacontig,168,495,327
st_R29_M15526_S1_2,metacontig,14,334,320
st_R29_M139617_S1_2,metacontig,35,344,309
st_R29_M88417_S1_1,metacontig,114,441,327
st_R29_M370336_S1_1,metacontig,1610,1975,365
st_R29_M375248_S1_1,metacontig,48,410,362
st_R29_M118245_S1_2,metacontig,321,651,330
st_R29_M6280_S1_1,metacontig,157,481,324
st_R29_M363276_S1_3,metacontig,23,351,328
st_R29_M110247_S1_4,metacontig,36,323,287
st_R29_M286972_S2_4,metacontig,877,1204,327
fu_R29_M317_S1_3,metacontig,315,642,327
KF030878_2,metacontig,1655,1972,317
st_R29_M89800_S1_2,metacontig,197,523,326
st_R29_M243895_S1_1,metacontig,1613,2010,397
st_R29_M29513_S498_1,metacontig,756,1062,306
ar_R29_M1458_S1_4,metacontig,6,334,328
st_R29_M226054_S2_5,metacontig,1295,1686,391
st_R29_M601_S2_4,metacontig,2101,2489,388
st_R29_M67338_S1_1,metacontig,429,754,325
st_R29_M52705_S1_1,metacontig,172,496,324
st_R29_M286954_S3_1,metacontig,475,802,327
MG938298_1,metacontig,1785,2110,325
KY178274_1,metacontig,1654,1969,315
st_R29_M54115_S1_1,metacontig,120,444,324
st_R29_M82001_S1_1,metacontig,108,461,353
st_R29_M183868_S1_2,metacontig,1391,1721,330
ar_R29_M7069_S1452_1,metacontig,76,379,303
st_R29_M87710_S1_3,metacontig,134,459,325
st_R29_M210230_S1_1,metacontig,28,347,319
st_R29_M29561_S1_1,metacontig,873,1200,327
st_R29_M61464_S1_2,metacontig,5,316,311
st_R29_M51211_S1_6,metacontig,158,485,327
ar_R29_M19339_S1_1,metacontig,2267,2673,406
ar_R29_M2889_S1_5,metacontig,106,590,484
fu_R29_M4436_S1_5,metacontig,65,409,344
st_R29_M257128_S1_6,metacontig,650,954,304
st_R29_M125144_S1_2,metacontig,270,597,327
st_R29_M234161_S1_1,metacontig,1788,2104,316
st_R29_M33147_S1_1,metacontig,113,466,353
JF735126_8,metacontig,2477,2950,473
st_R29_M100130_S1_2,metacontig,855,1182,327
st_R29_M29513_S17_1,metacontig,1967,2279,312
KX370827_2,metacontig,1265,1620,355
st_R29_M357170_S1_1,metacontig,56,431,375
am_R29_M373_S1_1,metacontig,1,321,320
st_R29_M43120_S1_1,metacontig,14,317,303
fu_R29_M800_S1_1,metacontig,1291,1681,390
st_R29_M109232_S1_4,metacontig,117,470,353
st_R29_M182832_S1_6,metacontig,950,1333,383
st_R29_M164624_S1_1,metacontig,81,408,327
st_R29_M149027_S1_1,metacontig,89,396,307
st_R29_M259059_S1_1,metacontig,800,1190,390
ma_R29_M4684_S1_4,metacontig,20,407,387
st_R29_M94863_S3_1,metacontig,1138,1453,315
st_R29_M368324_S1_7,metacontig,1464,1806,342
st_R29_M29513_S477_5,metacontig,820,1142,322
st_R29_M46078_S1_3,metacontig,121,447,326
st_R29_M113482_S3_1,metacontig,1795,2117,322
st_R29_M286198_S1_1,metacontig,186,512,326
MH715893_2,metacontig,3127,3494,367
st_R29_M257131_S1_1,metacontig,1116,1419,303
st_R29_M446430_S1_1,metacontig,189,576,387
st_R29_M396476_S2_3,metacontig,45,319,274
ar_R29_M1935_S1_2,metacontig,234,559,325
st_R29_M73714_S1_2,metacontig,159,485,326
MF139576_5,metacontig,2885,3376,491
st_R29_M29513_S13_9,metacontig,1790,2112,322
st_R29_M45986_S1_1,metacontig,13,360,347
st_R29_M196867_S1_2,metacontig,264,591,327
st_R29_M291586_S1_10,metacontig,1286,1654,368
st_R29_M119041_S1_1,metacontig,32,355,323
st_R29_M230494_S2_1,metacontig,1786,2113,327
st_R29_M12274_S1_4,metacontig,148,474,326
st_R29_M46577_S1_2,metacontig,24,346,322
st_R29_M182001_S1_1,metacontig,149,477,328
MH345698_1,metacontig,1452,1833,381
st_R29_M196035_S1_2,metacontig,7,276,269
st_R29_M82409_S1_2,metacontig,82,408,326
st_R29_M143354_S1_2,metacontig,90,416,326
st_R29_M400112_S1_1,metacontig,28,341,313
st_R29_M367469_S1_4,metacontig,1464,1791,327
st_R29_M265653_S1_2,metacontig,64,391,327
MF362666_2,metacontig,4419,4809,390
st_R29_M121827_S1_1,metacontig,1439,1775,336
st_R29_M314934_S9_1,metacontig,597,920,323
st_R29_M126310_S1_4,metacontig,1696,2023,327
st_R29_M259754_S1_2,metacontig,1796,2123,327
KJ470623_4,metacontig,2476,2950,474
st_R29_M242067_S1_1,metacontig,55,381,326
st_R29_M353927_S1_2,metacontig,77,403,326
st_R29_M49721_S1_2,metacontig,3,343,340
st_R29_M209719_S1_2,metacontig,14,334,320
st_R29_M374311_S1_1,metacontig,361,851,490
st_R29_M118426_S1_3,metacontig,179,524,345
st_R29_M66334_S1_1,metacontig,65,391,326
fu_R29_M984_S2_2,metacontig,332,720,388
st_R29_M13772_S4_1,metacontig,69,395,326
ar_R29_M8864_S1_2,metacontig,1122,1768,646
st_R29_M82008_S1_1,metacontig,139,492,353
sa_R29_M925_S3_1,metacontig,5,364,359
st_R29_M118217_S1_2,metacontig,1430,1760,330
st_R29_M109872_S1_1,metacontig,253,576,323
am_R29_M48_S3_2,metacontig,1316,1733,417
st_R29_M88123_S9_1,metacontig,908,1234,326
st_R29_M29606_S1_6,metacontig,296,616,320
st_R29_M427124_S1_2,metacontig,94,420,326
st_R29_M22024_S2_1,metacontig,70,396,326
st_R29_M53800_S1_3,metacontig,15,332,317
st_R29_M101863_S1_3,metacontig,174,500,326
st_R29_M116107_S1_1,metacontig,143,569,426
st_R29_M6279_S1_1,metacontig,290,613,323
st_R29_M408670_S1_1,metacontig,17,340,323
st_R29_M121174_S1_7,metacontig,1712,2063,351
st_R29_M79901_S24_2,metacontig,221,546,325
st_R29_M153223_S1_8,metacontig,2447,2831,384
st_R29_M128235_S1_2,metacontig,1529,1911,382
st_R29_M54121_S1_1,metacontig,1786,2107,321
st_R29_M209305_S1_1,metacontig,1665,2015,350
st_R29_M115334_S2_2,metacontig,634,961,327
st_R29_M133046_S1_7,metacontig,1806,2128,322
ar_R29_M3411_S1_14,metacontig,1899,2297,398
st_R29_M3123_S1_1,metacontig,304,624,320
st_R29_M395075_S1_1,metacontig,6,325,319
st_R29_M53594_S1_4,metacontig,71,397,326
st_R29_M362408_S1_4,metacontig,280,605,325
ma_R29_M1851_S1_4,metacontig,1451,1837,386
st_R29_M73212_S1_1,metacontig,15,319,304
ar_R29_M27664_S1_12,metacontig,2427,2799,372
st_R29_M132050_S1_1,metacontig,315,642,327
st_R29_M408963_S1_2,metacontig,1796,2123,327
st_R29_M255863_S1_1,metacontig,57,383,326
st_R29_M109570_S1_1,metacontig,302,624,322
st_R29_M213209_S1_1,metacontig,1798,2125,327
st_R29_M207580_S1_1,metacontig,58,384,326
st_R29_M64308_S1_2,metacontig,11,358,347
st_R29_M111456_S1_3,metacontig,111,464,353
st_R29_M3999_S1_1,metacontig,277,660,383
st_R29_M109963_S10_1,metacontig,1796,2115,319
LC496489_3,metacontig,1954,2345,391
st_R29_M204983_S1_1,metacontig,19,337,318
st_R29_M122323_S1_3,metacontig,362,737,375
st_R29_M213208_S1_5,metacontig,1796,2123,327
st_R29_M440982_S1_2,metacontig,163,516,353
fu_R29_M527_S1_6,metacontig,641,966,325
st_R29_M70140_S1_2,metacontig,25,344,319
st_R29_M196817_S1_3,metacontig,79,466,387
st_R29_M86193_S1_1,metacontig,12,329,317
st_R29_M61460_S1_4,metacontig,76,400,324
st_R29_M120829_S5_1,metacontig,874,1223,349
st_R29_M108965_S1_1,metacontig,216,601,385
st_R29_M355112_S1_3,metacontig,421,748,327
sa_R29_M1191_S1_6,metacontig,2,302,300
st_R29_M176319_S1_6,metacontig,23,296,273
st_R29_M368336_S1_3,metacontig,158,503,345
st_R29_M395073_S1_1,metacontig,4,320,316
fu_R29_M370_S1_1,metacontig,182,509,327
st_R29_M270164_S1_7,metacontig,754,1074,320
st_R29_M71471_S1_8,metacontig,1626,2015,389
AY368172_1,metacontig,1791,2113,322
st_R29_M380939_S1_2,metacontig,68,394,326
st_R29_M353226_S1_2,metacontig,123,465,342
st_R29_M85200_S1_3,metacontig,53,437,384
st_R29_M170071_S1_2,metacontig,53,395,342
st_R29_M52879_S1_5,metacontig,1021,1431,410
st_R29_M265590_S1_1,metacontig,1799,2125,326
st_R29_M98464_S1_3,metacontig,1796,2123,327
st_R29_M438262_S1_1,metacontig,4166,4573,407
st_R29_M160531_S1_6,metacontig,1780,2107,327
st_R29_M61446_S1_3,metacontig,14,323,309
st_R29_M50508_S1_3,metacontig,104,489,385
st_R29_M265902_S160_3,metacontig,191,517,326
st_R29_M229540_S1_3,metacontig,8,274,266
st_R29_M375265_S1_1,metacontig,89,418,329
st_R29_M427125_S1_1,metacontig,100,426,326
st_R29_M321061_S1_1,metacontig,30,386,356
KJ522472_1,metacontig,1797,2123,326
st_R29_M355101_S1_1,metacontig,1796,2123,327
st_R29_M97432_S15_1,metacontig,1765,2087,322
st_R29_M442581_S1_4,metacontig,301,694,393
st_R29_M73322_S1_1,metacontig,176,504,328
st_R29_M324356_S1_1,metacontig,22,338,316
st_R29_M128608_S1_2,metacontig,244,570,326
st_R29_M298451_S1_1,metacontig,1601,1929,328
st_R29_M97432_S7_8,metacontig,1802,2124,322
st_R29_M263164_S1_1,metacontig,450,773,323
st_R29_M318246_S1_1,metacontig,738,1104,366
st_R29_M395065_S1_1,metacontig,256,583,327
KY940818_4,metacontig,101,494,393
fu_R29_M1403_S1_9,metacontig,700,1024,324
st_R29_M252644_S1_3,metacontig,108,470,362
st_R29_M286712_S1_2,metacontig,23,352,329
st_R29_M248402_S1_1,metacontig,14,342,328
fi_R29_M1184_S1_1,metacontig,189,510,321
st_R29_M97432_S10_8,metacontig,1817,2139,322
st_R29_M373690_S1_1,metacontig,312,660,348
KY132099_3,metacontig,1628,1985,357
st_R29_M230494_S4_5,metacontig,779,1106,327
st_R29_M299075_S1_1,metacontig,95,421,326
st_R29_M115334_S1_1,metacontig,512,839,327
st_R29_M324388_S1_3,metacontig,20,343,323
st_R29_M29585_S1_1,metacontig,449,775,326
st_R29_M6056_S1_2,metacontig,186,539,353
st_R29_M102968_S1_1,metacontig,170,495,325
st_R29_M182027_S2_7,metacontig,787,1112,325
st_R29_M355102_S1_1,metacontig,1794,2121,327
fu_R29_M939_S1_1,metacontig,20,340,320
st_R29_M70154_S1_2,metacontig,96,422,326
st_R29_M416853_S1_2,metacontig,169,504,335
st_R29_M88110_S1_1,metacontig,181,508,327
st_R29_M166762_S2_3,metacontig,686,1082,396
st_R29_M259831_S2_2,metacontig,48,374,326
NC_017086_5,metacontig,2872,3403,531
st_R29_M90068_S1_1,metacontig,1695,2101,406
MT013200_2,metacontig,4502,4912,410
st_R29_M76711_S1_1,metacontig,136,462,326
KJ439773_7,metacontig,2468,2911,443
fu_R29_M2874_S1_2,metacontig,63,389,326
st_R29_M363375_S1_2,metacontig,101,427,326
st_R29_M29570_S1_2,metacontig,100,483,383
st_R29_M139611_S1_6,metacontig,928,1255,327
st_R29_M197505_S1_1,metacontig,226,578,352
st_R29_M226034_S1_1,metacontig,129,476,347
st_R29_M355462_S1_2,metacontig,144,497,353
fu_R29_M309_S1_1,metacontig,211,538,327
st_R29_M142106_S1_1,metacontig,739,1106,367
ar_R29_M7069_S140_3,metacontig,2188,2557,369
st_R29_M85147_S1_2,metacontig,9,304,295
st_R29_M127041_S132_1,metacontig,203,556,353
st_R29_M73717_S1_2,metacontig,49,376,327
st_R29_M120186_S1_2,metacontig,284,611,327
NC_011552_1,metacontig,1469,1817,348
st_R29_M124382_S1_2,metacontig,27,337,310
st_R29_M218550_S1_1,metacontig,1728,2079,351
st_R29_M21717_S1_1,metacontig,28,350,322
st_R29_M317221_S1_2,metacontig,248,633,385
st_R29_M144181_S1_1,metacontig,214,539,325
st_R29_M391948_S1_1,metacontig,1848,2241,393
ma_R29_M6457_S1_2,metacontig,14,317,303
st_R29_M110607_S1_2,metacontig,58,391,333
st_R29_M263809_S1_2,metacontig,42,369,327
st_R29_M121865_S1_3,metacontig,168,491,323
st_R29_M286968_S2_1,metacontig,223,550,327
st_R29_M202193_S1_1,metacontig,577,967,390
st_R29_M121820_S1_2,metacontig,1393,1729,336
AB245142_2,metacontig,1705,2056,351
st_R29_M216477_S1_1,metacontig,640,967,327
st_R29_M98539_S2_7,metacontig,706,1033,327
st_R29_M213246_S1_1,metacontig,15,365,350
st_R29_M196869_S2_2,metacontig,530,857,327
fu_R29_M4814_S1_4,metacontig,694,997,303
st_R29_M181584_S1_6,metacontig,1577,1939,362
st_R29_M46065_S1_2,metacontig,99,442,343
ar_R29_M14654_S1_6,metacontig,1379,1742,363
st_R29_M29513_S593_1,metacontig,74,400,326
st_R29_M6142_S1_1,metacontig,17,338,321
st_R29_M236494_S1_1,metacontig,203,528,325
fu_R29_M3344_S2_6,metacontig,1011,1325,314
st_R29_M143381_S1_3,metacontig,179,505,326
st_R29_M29513_S33_5,metacontig,1801,2114,313
st_R29_M265651_S1_1,metacontig,100,485,385
st_R29_M79166_S1_1,metacontig,13,332,319
st_R29_M299079_S1_1,metacontig,124,450,326
st_R29_M45022_S1_1,metacontig,365,675,310
st_R29_M6112_S7_4,metacontig,450,769,319
st_R29_M255832_S1_1,metacontig,125,451,326
st_R29_M139970_S1_1,metacontig,146,473,327
st_R29_M4952_S2_13,metacontig,124,477,353
AF023425_6,metacontig,2461,2868,407
mm_R29_M4038_S1_2,metacontig,59,278,219
st_R29_M118251_S1_4,metacontig,422,759,337
st_R29_M236196_S1_1,metacontig,729,1045,316
st_R29_M319987_S1_1,metacontig,34,360,326
MH292861_1,metacontig,1523,1880,357
st_R29_M29513_S553_1,metacontig,452,770,318
st_R29_M202178_S1_3,metacontig,363,761,398
st_R29_M1524_S1_1,metacontig,235,587,352
st_R29_M286958_S1_2,metacontig,331,657,326
st_R29_M86374_S1_1,metacontig,765,1117,352
st_R29_M299209_S1_4,metacontig,169,495,326
st_R29_M29099_S1_1,metacontig,183,509,326
KF030880_1,metacontig,1643,1960,317
st_R29_M61795_S1_2,metacontig,91,444,353
MN617853_1,metacontig,1797,2122,325
st_R29_M53300_S1_1,metacontig,78,424,346
st_R29_M257130_S1_1,metacontig,1205,1525,320
st_R29_M240114_S1_1,metacontig,19,399,380
st_R29_M244037_S1_1,metacontig,265,657,392
st_R29_M153747_S1_1,metacontig,74,400,326
st_R29_M75391_S1_1,metacontig,144,470,326
st_R29_M142394_S2_1,metacontig,68,395,327
JX183558_6,metacontig,2506,2946,440
st_R29_M97280_S1_2,metacontig,49,375,326
st_R29_M58419_S1_3,metacontig,171,557,386
st_R29_M230468_S2_2,metacontig,88,414,326
st_R29_M264106_S1_3,metacontig,526,868,342
MN412555_2,metacontig,1274,1607,333
st_R29_M50507_S1_2,metacontig,346,731,385
st_R29_M98769_S1_1,metacontig,199,524,325
st_R29_M67973_S1_1,metacontig,287,639,352
st_R29_M366416_S1_1,metacontig,35,389,354
st_R29_M307319_S1_2,metacontig,4,314,310
MK879802_3,metacontig,2254,2668,414
st_R29_M120820_S1_2,metacontig,1580,1904,324
st_R29_M113958_S1_4,metacontig,1796,2122,326
st_R29_M43665_S1_2,metacontig,41,366,325
st_R29_M97432_S53_1,metacontig,1792,2107,315
NC_016436_3,metacontig,97,431,334
st_R29_M222214_S1_1,metacontig,20,342,322
st_R29_M445970_S2_4,metacontig,492,834,342
ma_R29_M5284_S1_3,metacontig,850,1313,463
fu_R29_M4659_S1_1,metacontig,7,340,333
st_R29_M17003_S1_5,metacontig,151,477,326
st_R29_M374330_S1_2,metacontig,76,481,405
KF955373_1,metacontig,2832,3316,484
st_R29_M80124_S1_9,metacontig,1528,1907,379
st_R29_M37654_S1_4,metacontig,230,592,362
MF418023_1,metacontig,1592,1944,352
fu_R29_M722_S1_3,metacontig,290,616,326
st_R29_M145672_S1_1,metacontig,80,405,325
st_R29_M98737_S1_2,metacontig,279,591,312
fu_R29_M2431_S1_2,metacontig,2,311,309
fu_R29_M1112_S1_2,metacontig,732,1057,325
st_R29_M86829_S1_2,metacontig,69,395,326
st_R29_M60418_S1_10,metacontig,1662,1991,329
st_R29_M110923_S1_3,metacontig,278,603,325
MG938305_1,metacontig,1786,2099,313
st_R29_M61785_S1_3,metacontig,95,448,353
st_R29_M222196_S1_2,metacontig,61,408,347
st_R29_M98534_S1_1,metacontig,264,591,327
MG938314_1,metacontig,1787,2100,313
st_R29_M126597_S1_5,metacontig,181,507,326
st_R29_M68305_S1_4,metacontig,982,1308,326
st_R29_M126350_S1_5,metacontig,78,482,404
fu_R29_M1030_S1_1,metacontig,22,351,329
st_R29_M446413_S1_1,metacontig,1798,2125,327
st_R29_M71473_S1_5,metacontig,1229,1619,390
st_R29_M73704_S1_2,metacontig,154,480,326
st_R29_M236102_S1_1,metacontig,798,1125,327
st_R29_M66296_S12_2,metacontig,13,358,345
st_R29_M222195_S1_2,metacontig,180,566,386
st_R29_M71459_S1_1,metacontig,888,1261,373
st_R29_M127041_S138_1,metacontig,210,523,313
st_R29_M436920_S1_7,metacontig,1630,2038,408
st_R29_M29513_S570_6,metacontig,241,566,325
st_R29_M85184_S1_2,metacontig,133,460,327
st_R29_M118359_S2_1,metacontig,103,430,327
st_R29_M265902_S159_3,metacontig,237,562,325
st_R29_M36993_S1_1,metacontig,253,605,352
fi_R29_M1854_S1_2,metacontig,198,548,350
fu_R29_M620_S1_1,metacontig,378,704,326
st_R29_M66285_S3_2,metacontig,27,374,347
st_R29_M216506_S1_1,metacontig,221,548,327
st_R29_M237077_S1_1,metacontig,104,489,385
st_R29_M26315_S1_5,metacontig,563,888,325
st_R29_M314926_S1_1,metacontig,43,368,325
st_R29_M86826_S1_1,metacontig,167,493,326
st_R29_M319573_S1_3,metacontig,289,616,327
st_R29_M196799_S1_1,metacontig,66,451,385
st_R29_M112742_S1_1,metacontig,17,366,349
st_R29_M408969_S1_6,metacontig,1797,2122,325
KY242757_2,metacontig,1798,2123,325
st_R29_M77511_S1_2,metacontig,412,738,326
st_R29_M73715_S1_2,metacontig,113,442,329
st_R29_M3993_S1_6,metacontig,897,1224,327
st_R29_M121828_S1_2,metacontig,1430,1766,336
ma_R29_M3435_S1_6,metacontig,1777,2110,333
fu_R29_M204_S1_4,metacontig,138,464,326
ma_R29_M6548_S1_1,metacontig,279,699,420
st_R29_M317189_S1_4,metacontig,94,479,385
st_R29_M350512_S1_4,metacontig,125,465,340
st_R29_M21685_S1_1,metacontig,1796,2123,327
st_R29_M395090_S1_1,metacontig,182,508,326
st_R29_M101929_S1_5,metacontig,1945,2295,350
fi_R29_M630_S1_12,metacontig,781,1138,357
fi_R29_M629_S1_2,metacontig,275,633,358
st_R29_M230481_S1_1,metacontig,1064,1391,327
st_R29_M272920_S1_4,metacontig,299,621,322
MG432107_1,metacontig,1683,2042,359
KP258177_2,metacontig,1641,1965,324
st_R29_M46665_S1_1,metacontig,226,578,352
st_R29_M89787_S1_1,metacontig,16,337,321
st_R29_M357645_S1_1,metacontig,699,1066,367
st_R29_M66128_S1_1,metacontig,109,435,326
st_R29_M171579_S1_1,metacontig,100,426,326
st_R29_M445982_S1_1,metacontig,1799,2125,326
st_R29_M255859_S1_1,metacontig,334,658,324
st_R29_M127041_S135_1,metacontig,243,568,325
st_R29_M133078_S1_2,metacontig,282,634,352
st_R29_M96595_S1_1,metacontig,300,652,352
st_R29_M98465_S1_1,metacontig,1794,2121,327
st_R29_M131365_S1_2,metacontig,300,652,352
st_R29_M111445_S1_2,metacontig,302,654,352
st_R29_M166755_S1_1,metacontig,10,337,327
st_R29_M75458_S1_1,metacontig,302,654,352
st_R29_M37874_S5_2,metacontig,866,1191,325
st_R29_M29569_S1_1,metacontig,38,364,326
st_R29_M33835_S1_1,metacontig,233,585,352
st_R29_M20205_S1_3,metacontig,303,655,352
ar_R29_M5020_S1_1,metacontig,18,313,295
st_R29_M133121_S1_1,metacontig,279,631,352
st_R29_M445977_S1_3,metacontig,531,857,326
st_R29_M16149_S1_1,metacontig,1605,1995,390
fi_R29_M917_S1_2,metacontig,222,549,327
MK453045_2,metacontig,3085,3560,475
st_R29_M125217_S1_1,metacontig,8,353,345
st_R29_M286341_S1_1,metacontig,13,334,321
st_R29_M44432_S1_1,metacontig,29,313,284
KF030832_1,metacontig,1655,1969,314
st_R29_M94849_S1_1,metacontig,11,357,346
st_R29_M395479_S1_2,metacontig,96,481,385
st_R29_M255835_S1_3,metacontig,126,452,326
am_R29_M48_S1_1,metacontig,3041,3458,417
st_R29_M202192_S1_2,metacontig,466,864,398
st_R29_M208946_S1_1,metacontig,302,693,391
st_R29_M7417_S2_2,metacontig,102,486,384
NC_016417_3,metacontig,100,492,392
st_R29_M113932_S1_3,metacontig,463,810,347
st_R29_M54730_S1_1,metacontig,290,652,362
KY702580_1,metacontig,1796,2123,327
st_R29_M67522_S1_2,metacontig,17,365,348
st_R29_M209734_S1_1,metacontig,8,320,312
st_R29_M420192_S1_1,metacontig,126,438,312
st_R29_M112766_S3_3,metacontig,241,601,360
st_R29_M37874_S4_1,metacontig,1183,1508,325
st_R29_M11737_S23_2,metacontig,1476,1789,313
st_R29_M135348_S1_1,metacontig,157,469,312
st_R29_M21686_S1_6,metacontig,1796,2123,327
st_R29_M420198_S1_3,metacontig,136,462,326
st_R29_M116106_S1_1,metacontig,166,531,365
st_R29_M121647_S1_2,metacontig,91,418,327
st_R29_M50824_S1_4,metacontig,294,646,352
st_R29_M10436_S1_3,metacontig,211,596,385
st_R29_M10609_S1_3,metacontig,98,483,385
st_R29_M97432_S241_3,metacontig,324,648,324
ar_R29_M20866_S1_2,metacontig,214,538,324
st_R29_M364356_S1_2,metacontig,381,707,326
st_R29_M375530_S1_1,metacontig,144,496,352
st_R29_M44821_S1_3,metacontig,362,686,324
EU223295_2,metacontig,1465,1803,338
st_R29_M204731_S1_2,metacontig,3,358,355
st_R29_M39796_S2_1,metacontig,933,1260,327
fu_R29_M399_S1_1,metacontig,454,780,326
st_R29_M22024_S3_1,metacontig,35,358,323
st_R29_M160536_S1_6,metacontig,1796,2123,327
st_R29_M259818_S1_11,metacontig,23,316,293
st_R29_M61791_S1_4,metacontig,150,503,353
st_R29_M61791_S2_4,metacontig,150,503,353
fu_R29_M4649_S1_3,metacontig,247,605,358
st_R29_M394725_S1_1,metacontig,410,737,327
st_R29_M33912_S1_2,metacontig,14,344,330
sa_R29_M2542_S1_1,metacontig,21,358,337
st_R29_M164623_S1_1,metacontig,1800,2125,325
st_R29_M46602_S1_4,metacontig,181,528,347
st_R29_M353920_S1_1,metacontig,151,477,326
st_R29_M132691_S1_2,metacontig,13,343,330
st_R29_M426369_S1_5,metacontig,70,453,383
fi_R29_M1913_S1_1,metacontig,200,527,327
st_R29_M266512_S1_5,metacontig,893,1220,327
st_R29_M222209_S1_3,metacontig,26,409,383
fu_R29_M962_S2_2,metacontig,2783,3110,327
st_R29_M368345_S7_2,metacontig,28,312,284
st_R29_M46327_S1_3,metacontig,358,710,352
st_R29_M119045_S1_1,metacontig,295,619,324
st_R29_M66344_S1_1,metacontig,894,1220,326
st_R29_M240125_S1_2,metacontig,232,622,390
st_R29_M425750_S1_7,metacontig,1796,2123,327
st_R29_M121622_S1_4,metacontig,162,488,326
fu_R29_M173_S2_2,metacontig,418,745,327
st_R29_M17542_S1_6,metacontig,1626,1985,359
st_R29_M256_S1_2,metacontig,332,656,324
st_R29_M121610_S1_1,metacontig,160,547,387
st_R29_M110006_S1_1,metacontig,296,623,327
st_R29_M86420_S1_1,metacontig,182,535,353
st_R29_M190720_S1_2,metacontig,91,479,388
fu_R29_M455_S1_2,metacontig,24,349,325
st_R29_M109233_S1_1,metacontig,277,629,352
st_R29_M73877_S1_4,metacontig,909,1237,328
MK923756_1,metacontig,1794,2121,327
st_R29_M97432_S23_6,metacontig,1794,2108,314
st_R29_M294216_S1_6,metacontig,1240,1567,327
st_R29_M192786_S1_3,metacontig,188,514,326
st_R29_M265652_S1_1,metacontig,96,479,383
st_R29_M160534_S1_2,metacontig,285,612,327
st_R29_M109572_S1_1,metacontig,4,314,310
st_R29_M113965_S1_1,metacontig,1796,2123,327
MT767171_2,metacontig,1585,1939,354
st_R29_M265902_S157_1,metacontig,94,420,326
st_R29_M216480_S5_1,metacontig,289,616,327
st_R29_M25647_S1_1,metacontig,98,415,317
st_R29_M237078_S1_3,metacontig,148,532,384
st_R29_M81467_S1_1,metacontig,1657,2012,355
st_R29_M98539_S8_5,metacontig,1276,1603,327
st_R29_M192767_S1_3,metacontig,172,498,326
st_R29_M29575_S1_1,metacontig,27,356,329
st_R29_M29513_S598_1,metacontig,314,638,324
st_R29_M370096_S1_1,metacontig,85,438,353
st_R29_M28700_S1_1,metacontig,170,496,326
st_R29_M125135_S1_4,metacontig,610,935,325
st_R29_M306861_S1_4,metacontig,153,508,355
st_R29_M28702_S1_1,metacontig,167,493,326
st_R29_M395084_S1_1,metacontig,171,554,383
KX966285_1,metacontig,2183,2544,361
st_R29_M133072_S1_8,metacontig,1635,1987,352
st_R29_M125143_S1_3,metacontig,281,666,385
st_R29_M16595_S1_2,metacontig,36,381,345
st_R29_M98732_S1_1,metacontig,15,336,321
KT721705_3,metacontig,4280,4670,390
st_R29_M106564_S1_3,metacontig,421,745,324
MH120170_1,metacontig,1665,2005,340
st_R29_M29513_S79_1,metacontig,1789,2107,318
st_R29_M73705_S1_1,metacontig,509,836,327
ma_R29_M4107_S1_1,metacontig,490,864,374
MK836301_1,metacontig,1795,2121,326
ar_R29_M32276_S1_15,metacontig,6105,6751,646
st_R29_M395064_S1_1,metacontig,381,707,326
st_R29_M260213_S1_3,metacontig,11,281,270
st_R29_M317198_S1_2,metacontig,191,518,327
st_R29_M8292_S1_1,metacontig,254,579,325
st_R29_M235433_S1_11,metacontig,1386,1716,330
st_R29_M237063_S1_7,metacontig,95,479,384
wh_R29_M80_S1_2,metacontig,396,748,352
ar_R29_M31621_S1_4,metacontig,1124,1458,334
st_R29_M26100_S1_5,metacontig,1470,1864,394
st_R29_M77505_S1_1,metacontig,657,982,325
st_R29_M318399_S1_1,metacontig,1386,1716,330
st_R29_M441238_S1_12,metacontig,1576,1938,362
st_R29_M41690_S1_1,metacontig,322,651,329
st_R29_M125150_S1_8,metacontig,991,1318,327
al_R29_M190_S1_4,metacontig,70,557,487
st_R29_M298835_S1_1,metacontig,168,492,324
ar_R29_M19734_S1_2,metacontig,5,346,341
st_R29_M262719_S1_3,metacontig,1582,1911,329
st_R29_M17542_S5_4,metacontig,23,356,333
st_R29_M128614_S1_4,metacontig,245,572,327
st_R29_M6112_S1_7,metacontig,1822,2136,314
ar_R29_M6830_S2_1,metacontig,409,761,352
ar_R29_M36263_S1_3,metacontig,2118,2520,402
st_R29_M24852_S1_3,metacontig,102,429,327
ar_R29_M20888_S1_1,metacontig,62,369,307
st_R29_M323001_S1_5,metacontig,553,879,326
KR023647_2,metacontig,1571,1934,363
FJ196836_1,metacontig,1568,1924,356
st_R29_M303623_S1_2,metacontig,832,1215,383
st_R29_M37874_S7_2,metacontig,629,954,325
KR998051_1,metacontig,1611,2006,395
st_R29_M323015_S1_1,metacontig,1796,2123,327
st_R29_M367489_S1_1,metacontig,774,1100,326
st_R29_M11757_S1_7,metacontig,1802,2118,316
st_R29_M382855_S1_2,metacontig,19,429,410
st_R29_M245354_S1_1,metacontig,175,503,328
NC_038324_1,metacontig,1705,2053,348
st_R29_M314932_S1_1,metacontig,111,437,326
st_R29_M9024_S1_1,metacontig,428,835,407
ma_R29_M3265_S1_2,metacontig,757,1090,333
st_R29_M127041_S76_1,metacontig,1592,1944,352
st_R29_M382602_S1_1,metacontig,8,353,345
st_R29_M60702_S1_2,metacontig,74,401,327
st_R29_M91894_S3_8,metacontig,1618,2013,395
st_R29_M286727_S1_1,metacontig,22,347,325
st_R29_M445991_S1_4,metacontig,797,1124,327
st_R29_M309570_S1_2,metacontig,50,362,312
st_R29_M54580_S2_1,metacontig,17,423,406
st_R29_M75464_S1_1,metacontig,1630,1982,352
st_R29_M50344_S1_2,metacontig,1,310,309
AB889483_1,metacontig,1605,1983,378
st_R29_M370204_S1_4,metacontig,4,318,314
st_R29_M73703_S1_2,metacontig,143,470,327
st_R29_M86510_S1_1,metacontig,443,795,352
st_R29_M52865_S1_3,metacontig,136,488,352
st_R29_M60425_S1_1,metacontig,73,399,326
st_R29_M80122_S1_3,metacontig,229,584,355
st_R29_M216480_S4_3,metacontig,333,660,327
st_R29_M99059_S2_2,metacontig,974,1357,383
st_R29_M298452_S1_9,metacontig,1601,1927,326
st_R29_M362421_S1_2,metacontig,401,785,384
st_R29_M264208_S1_5,metacontig,741,1144,403
st_R29_M55887_S1_1,metacontig,55,395,340
st_R29_M21049_S1_1,metacontig,176,519,343
st_R29_M133073_S1_3,metacontig,442,794,352
st_R29_M310584_S1_2,metacontig,443,761,318
st_R29_M265902_S153_4,metacontig,324,648,324
st_R29_M409174_S1_2,metacontig,176,537,361
st_R29_M33826_S1_2,metacontig,245,597,352
st_R29_M144198_S1_4,metacontig,500,822,322
NC_020902_5,metacontig,2722,3157,435
st_R29_M298450_S1_2,metacontig,292,621,329
st_R29_M17933_S1_2,metacontig,10,356,346
st_R29_M303853_S1_1,metacontig,288,623,335
st_R29_M202192_S2_1,metacontig,739,1137,398
ar_R29_M42241_S1_1,metacontig,265,677,412
fu_R29_M5575_S1_1,metacontig,20,348,328
st_R29_M214180_S1_1,metacontig,1796,2123,327
st_R29_M438261_S1_1,metacontig,104,478,374
st_R29_M355451_S1_2,metacontig,10,357,347
st_R29_M39046_S1_1,metacontig,19,335,316
st_R29_M29513_S569_5,metacontig,250,575,325
st_R29_M278019_S1_5,metacontig,1604,1994,390
NC_004102_8,metacontig,2463,2914,451
st_R29_M85525_S1_4,metacontig,615,979,364
MH027999_7,metacontig,2379,2857,478
st_R29_M77536_S1_5,metacontig,692,1019,327
st_R29_M44584_S2_8,metacontig,48,432,384
st_R29_M355463_S1_2,metacontig,10,356,346
st_R29_M29513_S599_2,metacontig,304,628,324
st_R29_M209322_S1_1,metacontig,18,374,356
st_R29_M361764_S1_3,metacontig,310,634,324
st_R29_M355103_S1_3,metacontig,183,509,326
NC_027527_1,metacontig,1513,1844,331
st_R29_M51685_S1_5,metacontig,347,674,327
st_R29_M368325_S2_1,metacontig,37,400,363
MN652896_1,metacontig,1688,2042,354
st_R29_M317195_S1_3,metacontig,756,1081,325
st_R29_M121830_S1_1,metacontig,1437,1773,336
st_R29_M97432_S21_9,metacontig,1793,2107,314
st_R29_M26143_S1_11,metacontig,1569,1915,346
st_R29_M436804_S1_5,metacontig,560,882,322
st_R29_M7408_S1_3,metacontig,95,441,346
st_R29_M72336_S1_1,metacontig,5,338,333
st_R29_M100131_S1_1,metacontig,448,775,327
st_R29_M65366_S1_1,metacontig,26,308,282
st_R29_M220569_S1_1,metacontig,70,400,330
st_R29_M17263_S1_1,metacontig,565,939,374
KY702581_1,metacontig,1798,2123,325
st_R29_M177291_S1_1,metacontig,12,354,342
st_R29_M101372_S1_1,metacontig,170,553,383
st_R29_M173920_S1_2,metacontig,733,1117,384
fu_R29_M3813_S1_1,metacontig,728,1102,374
st_R29_M4342_S1_1,metacontig,162,547,385
st_R29_M395276_S1_2,metacontig,204,565,361
st_R29_M165680_S1_1,metacontig,1,284,283
st_R29_M66672_S1_1,metacontig,16,339,323
st_R29_M121160_S2_7,metacontig,1644,1998,354
MN495980_2,metacontig,1555,1917,362
st_R29_M12696_S1_2,metacontig,99,439,340
fu_R29_M1155_S1_6,metacontig,744,1129,385
st_R29_M145680_S1_4,metacontig,339,663,324
ma_R29_M1291_S1_1,metacontig,1221,1583,362
st_R29_M397149_S1_1,metacontig,375,699,324
st_R29_M69343_S1_1,metacontig,7,332,325
st_R29_M111423_S1_2,metacontig,17,364,347
LC373513_1,metacontig,1634,1970,336
st_R29_M408668_S1_1,metacontig,145,529,384
st_R29_M88406_S2_1,metacontig,219,545,326
st_R29_M21495_S1_5,metacontig,785,1112,327
st_R29_M375526_S1_1,metacontig,141,493,352
st_R29_M91485_S1_1,metacontig,40,386,346
st_R29_M23170_S1_2,metacontig,22,372,350
st_R29_M379447_S1_1,metacontig,3,288,285
st_R29_M101661_S1_2,metacontig,19,301,282
st_R29_M213243_S1_1,metacontig,1400,1765,365
st_R29_M9691_S1_3,metacontig,1739,2066,327
st_R29_M86373_S1_8,metacontig,117,470,353
st_R29_M73723_S1_2,metacontig,299,626,327
st_R29_M110280_S1_4,metacontig,1268,1601,333
st_R29_M369842_S1_4,metacontig,60,402,342
st_R29_M245359_S1_1,metacontig,134,477,343
st_R29_M204977_S1_2,metacontig,89,434,345
st_R29_M29513_S18_1,metacontig,1792,2105,313
st_R29_M296952_S1_1,metacontig,9,355,346
st_R29_M112739_S1_1,metacontig,546,898,352
st_R29_M234216_S1_1,metacontig,289,651,362
MG938323_1,metacontig,1786,2099,313
st_R29_M255861_S1_4,metacontig,514,836,322
st_R29_M182027_S1_9,metacontig,1798,2123,325
st_R29_M100125_S2_1,metacontig,120,466,346
st_R29_M323016_S1_1,metacontig,225,552,327
st_R29_M440991_S1_2,metacontig,370,697,327
st_R29_M33881_S1_2,metacontig,279,631,352
st_R29_M294739_S1_1,metacontig,35,366,331
st_R29_M216504_S1_1,metacontig,227,554,327
st_R29_M125914_S1_1,metacontig,419,744,325
st_R29_M245368_S1_1,metacontig,1796,2123,327
st_R29_M98466_S1_1,metacontig,1006,1331,325
st_R29_M185832_S1_2,metacontig,326,653,327
st_R29_M120180_S1_1,metacontig,1067,1392,325
MH725809_1,metacontig,1640,2007,367
fu_R29_M404_S1_7,metacontig,1720,2047,327
st_R29_M167166_S1_3,metacontig,166,551,385
st_R29_M46598_S1_4,metacontig,1802,2126,324
st_R29_M415121_S1_5,metacontig,357,713,356
st_R29_M239833_S1_3,metacontig,50,374,324
st_R29_M318387_S1_1,metacontig,531,886,355
st_R29_M117810_S1_1,metacontig,438,790,352
st_R29_M236113_S1_4,metacontig,124,451,327
st_R29_M45043_S1_1,metacontig,367,692,325
st_R29_M75479_S1_4,metacontig,297,649,352
st_R29_M164621_S1_7,metacontig,1796,2123,327
NC_012909_2,metacontig,100,439,339
st_R29_M362416_S1_2,metacontig,32,341,309
st_R29_M415794_S1_1,metacontig,17,401,384
st_R29_M163667_S1_2,metacontig,365,723,358
KF915809_1,metacontig,1796,2123,327
st_R29_M306828_S1_2,metacontig,24,369,345
st_R29_M303893_S1_1,metacontig,50,399,349
MT473961_1,metacontig,1597,1940,343
st_R29_M397150_S1_1,metacontig,445,768,323
st_R29_M180805_S2_4,metacontig,53,377,324
st_R29_M126561_S1_8,metacontig,1776,2103,327
st_R29_M389682_S1_1,metacontig,1629,1943,314
st_R29_M265902_S139_6,metacontig,632,953,321
st_R29_M125132_S1_4,metacontig,332,720,388
st_R29_M110109_S1_1,metacontig,111,456,345
KJ470618_6,metacontig,2492,2952,460
st_R29_M146988_S1_2,metacontig,780,1108,328
st_R29_M46601_S1_6,metacontig,1066,1393,327
st_R29_M18133_S1_2,metacontig,51,395,344
st_R29_M94847_S1_2,metacontig,204,557,353
st_R29_M299127_S1_1,metacontig,16,362,346
st_R29_M127041_S73_1,metacontig,1592,1944,352
st_R29_M37628_S1_1,metacontig,91,430,339
st_R29_M402497_S1_1,metacontig,141,494,353
st_R29_M446398_S1_1,metacontig,172,555,383
st_R29_M127041_S49_1,metacontig,1592,1944,352
st_R29_M55980_S1_7,metacontig,870,1180,310
st_R29_M100784_S1_2,metacontig,13,359,346
st_R29_M126878_S1_1,metacontig,16,289,273
st_R29_M72483_S1_2,metacontig,10,279,269
st_R29_M7391_S1_1,metacontig,26,354,328
st_R29_M97432_S242_1,metacontig,25,307,282
st_R29_M382523_S1_1,metacontig,3,337,334
st_R29_M82189_S1_9,metacontig,1681,2040,359
st_R29_M91894_S5_2,metacontig,39,384,345
st_R29_M204964_S1_7,metacontig,454,777,323
st_R29_M397138_S1_3,metacontig,410,734,324
st_R29_M266876_S1_3,metacontig,1796,2123,327
st_R29_M318352_S1_5,metacontig,1400,1764,364
st_R29_M318380_S1_7,metacontig,1400,1764,364
st_R29_M79901_S2_6,metacontig,1796,2123,327
st_R29_M37621_S1_2,metacontig,100,439,339
st_R29_M29513_S578_1,metacontig,460,783,323
st_R29_M121819_S1_9,metacontig,1429,1765,336
st_R29_M47321_S1_1,metacontig,162,508,346
st_R29_M445985_S1_3,metacontig,99,426,327
st_R29_M10627_S1_4,metacontig,447,830,383
st_R29_M132051_S1_1,metacontig,163,509,346
al_R29_M364_S1_5,metacontig,521,852,331
st_R29_M54346_S1_1,metacontig,309,670,361
st_R29_M151511_S1_2,metacontig,78,482,404
st_R29_M38840_S1_2,metacontig,78,482,404
st_R29_M50278_S1_1,metacontig,442,829,387
st_R29_M101134_S1_4,metacontig,35,419,384
st_R29_M180809_S1_3,metacontig,170,493,323
st_R29_M71064_S1_1,metacontig,326,696,370
st_R29_M441401_S1_1,metacontig,4538,4909,371
st_R29_M294232_S1_1,metacontig,1,314,313
st_R29_M125124_S1_4,metacontig,239,566,327
st_R29_M394708_S3_2,metacontig,436,763,327
st_R29_M243871_S1_4,metacontig,1608,2005,397
st_R29_M17542_S4_4,metacontig,105,453,348
st_R29_M82102_S1_1,metacontig,5,242,237
ar_R29_M2989_S1_5,metacontig,748,1069,321
st_R29_M309539_S1_10,metacontig,1614,1924,310
st_R29_M97846_S1_1,metacontig,41,376,335
st_R29_M111227_S1_14,metacontig,69,500,431
st_R29_M170265_S1_2,metacontig,1190,1546,356
st_R29_M327050_S1_1,metacontig,8,329,321
st_R29_M120183_S1_3,metacontig,294,613,319
fu_R29_M59_S1_1,metacontig,176,564,388
st_R29_M22457_S1_6,metacontig,1796,2123,327
st_R29_M448585_S1_1,metacontig,13,414,401
LC475150_1,metacontig,1796,2123,327
st_R29_M77510_S1_1,metacontig,105,432,327
st_R29_M420194_S1_5,metacontig,487,809,322
st_R29_M88103_S1_3,metacontig,207,590,383
st_R29_M175890_S1_2,metacontig,1796,2122,326
MN059233_1,metacontig,1544,1879,335
ar_R29_M38751_S2_2,metacontig,212,606,394
st_R29_M54118_S1_1,metacontig,1229,1545,316
st_R29_M50509_S1_1,metacontig,7,328,321
fu_R29_M36_S1_1,metacontig,24,360,336
EF457904_3,metacontig,2834,3341,507
st_R29_M57752_S1_9,metacontig,309,693,384
st_R29_M46659_S1_1,metacontig,41,354,313
fu_R29_M1006_S1_2,metacontig,1442,1810,368
st_R29_M78497_S1_1,metacontig,541,863,322
mm_R29_M340_S3_6,metacontig,1522,2108,586
st_R29_M389630_S2_1,metacontig,1608,1962,354
st_R29_M212184_S1_1,metacontig,73,422,349
st_R29_M146682_S3_1,metacontig,1685,2043,358
st_R29_M117834_S1_2,metacontig,384,736,352
st_R29_M359870_S1_2,metacontig,27,293,266
st_R29_M391930_S1_1,metacontig,994,1403,409
st_R29_M265848_S1_2,metacontig,66,415,349
st_R29_M3988_S1_10,metacontig,1798,2125,327
st_R29_M242351_S1_4,metacontig,418,725,307
ma_R29_M4714_S1_5,metacontig,1772,2126,354
st_R29_M294761_S1_4,metacontig,142,491,349
st_R29_M29559_S1_3,metacontig,1506,1833,327
MH028000_6,metacontig,2379,2829,450
st_R29_M22982_S2_1,metacontig,368,695,327
fu_R29_M2831_S1_1,metacontig,375,702,327
st_R29_M7417_S1_7,metacontig,1060,1444,384
st_R29_M16144_S1_7,metacontig,264,649,385
st_R29_M57749_S1_5,metacontig,624,1011,387
st_R29_M303895_S1_4,metacontig,159,545,386
st_R29_M11625_S3_1,metacontig,32,310,278
st_R29_M294963_S1_1,metacontig,1022,1348,326
st_R29_M310977_S1_2,metacontig,35,364,329
st_R29_M299262_S1_1,metacontig,1365,1736,371
st_R29_M303891_S1_1,metacontig,330,691,361
st_R29_M395085_S1_1,metacontig,957,1284,327
st_R29_M352765_S1_5,metacontig,1645,1962,317
st_R29_M245322_S1_1,metacontig,7,222,215
st_R29_M29513_S11_10,metacontig,1751,2073,322
st_R29_M266873_S1_2,metacontig,238,585,347
st_R29_M129688_S1_2,metacontig,19,347,328
st_R29_M7494_S1_2,metacontig,6,350,344
st_R29_M362440_S1_4,metacontig,1435,1760,325
st_R29_M263794_S1_1,metacontig,258,642,384
st_R29_M188800_S1_1,metacontig,4,377,373
st_R29_M367468_S1_4,metacontig,1796,2123,327
st_R29_M37874_S1_1,metacontig,1798,2123,325
st_R29_M133045_S7_1,metacontig,870,1193,323
st_R29_M216488_S1_2,metacontig,162,489,327
st_R29_M307190_S1_1,metacontig,136,483,347
st_R29_M236145_S1_1,metacontig,61,388,327
st_R29_M1500_S1_1,metacontig,229,639,410
st_R29_M91457_S1_1,metacontig,46,368,322
ar_R29_M6024_S1_1,metacontig,2345,2759,414
st_R29_M6111_S1_1,metacontig,35,358,323
fu_R29_M501_S1_3,metacontig,39,411,372
ar_R29_M13057_S2_2,metacontig,2348,2725,377
st_R29_M88446_S1_8,metacontig,1796,2122,326
MK984597_2,metacontig,1763,2133,370
st_R29_M39050_S1_4,metacontig,143,469,326
st_R29_M318358_S1_1,metacontig,1392,1746,354
st_R29_M222206_S1_5,metacontig,1600,1927,327
st_R29_M43301_S1_5,metacontig,153,522,369
st_R29_M375536_S15_1,metacontig,264,616,352
st_R29_M245370_S1_2,metacontig,646,993,347
st_R29_M68010_S1_4,metacontig,331,679,348
st_R29_M286930_S1_3,metacontig,194,519,325
st_R29_M45025_S1_2,metacontig,289,613,324
st_R29_M245358_S1_3,metacontig,415,742,327
st_R29_M183874_S1_6,metacontig,1114,1468,354
st_R29_M75434_S1_6,metacontig,1042,1394,352
st_R29_M86832_S1_3,metacontig,22,304,282
LC522998_1,metacontig,1654,1971,317
st_R29_M88445_S3_1,metacontig,1796,2123,327
st_R29_M362429_S1_1,metacontig,221,605,384
FJ462441_6,metacontig,2463,2941,478
ar_R29_M30481_S1_3,metacontig,5,371,366
st_R29_M34812_S1_1,metacontig,2,368,366
st_R29_M408968_S1_1,metacontig,29,449,420
st_R29_M10433_S1_2,metacontig,565,909,344
st_R29_M446397_S1_3,metacontig,15,401,386
st_R29_M124385_S1_4,metacontig,1798,2123,325
st_R29_M356881_S1_6,metacontig,1336,1680,344
MK923755_1,metacontig,1796,2122,326
st_R29_M26323_S1_1,metacontig,29,355,326
st_R29_M313837_S1_1,metacontig,13,331,318
st_R29_M47427_S2_1,metacontig,514,898,384
st_R29_M440990_S1_6,metacontig,195,580,385
st_R29_M128050_S2_2,metacontig,48,375,327
st_R29_M75562_S2_1,metacontig,517,869,352
st_R29_M213254_S1_4,metacontig,1410,1766,356
st_R29_M185852_S1_4,metacontig,939,1265,326
MF496659_1,metacontig,1591,1944,353
fu_R29_M5726_S1_1,metacontig,10,310,300
st_R29_M82407_S1_3,metacontig,53,335,282
st_R29_M60465_S1_1,metacontig,19,328,309
st_R29_M220509_S1_2,metacontig,2,337,335
st_R29_M135026_S1_2,metacontig,42,307,265
st_R29_M125908_S1_1,metacontig,510,860,350
st_R29_M408672_S1_1,metacontig,772,1098,326
st_R29_M319969_S1_1,metacontig,7,335,328
fu_R29_M5292_S1_5,metacontig,354,716,362
st_R29_M317171_S1_2,metacontig,26,355,329
KR998046_1,metacontig,1611,2001,390
MH898470_1,metacontig,1533,1868,335
st_R29_M25632_S1_4,metacontig,283,629,346
st_R29_M294970_S1_9,metacontig,966,1293,327
MK984602_2,metacontig,1760,2130,370
MH307700_1,metacontig,3123,3495,372
st_R29_M54670_S1_2,metacontig,1220,1563,343
st_R29_M205211_S1_1,metacontig,38,369,331
st_R29_M139952_S1_6,metacontig,761,1088,327
st_R29_M183838_S1_1,metacontig,1394,1758,364
st_R29_M276891_S1_1,metacontig,1613,2008,395
ar_R29_M5186_S1_1,metacontig,395,818,423
st_R29_M248400_S1_2,metacontig,14,344,330
st_R29_M29565_S1_1,metacontig,738,1063,325
MK600387_1,metacontig,1650,1971,321
st_R29_M2858_S1_9,metacontig,1577,1939,362
st_R29_M14688_S1_1,metacontig,309,633,324
st_R29_M172738_S1_1,metacontig,27,309,282
st_R29_M255879_S1_3,metacontig,6,273,267
ma_R29_M2286_S1_4,metacontig,2,311,309
FJ462439_6,metacontig,2467,2942,475
fu_R29_M244_S1_1,metacontig,2,298,296
st_R29_M299_S1_1,metacontig,124,454,330
st_R29_M19448_S1_1,metacontig,3,314,311
st_R29_M114183_S1_2,metacontig,134,526,392
st_R29_M410274_S1_1,metacontig,31,325,294
st_R29_M127041_S124_1,metacontig,1592,1944,352
st_R29_M264679_S1_1,metacontig,485,811,326
sa_R29_M3237_S1_5,metacontig,2,285,283
st_R29_M164622_S1_1,metacontig,1781,2108,327
st_R29_M97432_S216_7,metacontig,642,959,317
st_R29_M125137_S1_7,metacontig,1652,1979,327
st_R29_M88436_S1_3,metacontig,1004,1331,327
st_R29_M61447_S1_3,metacontig,82,428,346
st_R29_M379756_S1_5,metacontig,1796,2123,327
MK012336_1,metacontig,1478,1826,348
st_R29_M436551_S1_4,metacontig,392,719,327
KY348757_11,metacontig,2465,2855,390
st_R29_M176663_S1_1,metacontig,1236,1563,327
MF979534_1,metacontig,1789,2108,319
st_R29_M226052_S1_2,metacontig,130,469,339
st_R29_M127041_S133_1,metacontig,797,1149,352
st_R29_M175896_S1_3,metacontig,209,591,382
KJ522693_1,metacontig,1461,1853,392
st_R29_M113525_S1_3,metacontig,776,1123,347
st_R29_M145676_S1_1,metacontig,6,317,311
st_R29_M2893_S1_1,metacontig,23,351,328
st_R29_M395091_S1_2,metacontig,417,743,326
st_R29_M222185_S1_7,metacontig,1464,1848,384
st_R29_M54580_S1_3,metacontig,307,716,409
st_R29_M46655_S1_4,metacontig,761,1113,352
st_R29_M425749_S5_1,metacontig,371,755,384
MK948872_1,metacontig,3123,3554,431
fu_R29_M2287_S1_1,metacontig,838,1158,320
st_R29_M100125_S1_1,metacontig,123,453,330
st_R29_M441060_S1_4,metacontig,78,482,404
st_R29_M67377_S1_2,metacontig,170,501,331
st_R29_M198995_S1_6,metacontig,89,325,236
st_R29_M21177_S1_1,metacontig,231,606,375
st_R29_M409171_S4_5,metacontig,465,826,361
st_R29_M355343_S1_1,metacontig,17,298,281
fi_R29_M1944_S1_2,metacontig,68,418,350
ma_R29_M818_S1_2,metacontig,3,374,371
st_R29_M265902_S16_2,metacontig,768,1089,321
NC_011086_7,metacontig,1336,1723,387
st_R29_M105811_S1_1,metacontig,13,343,330
MN689459_1,metacontig,1591,1944,353
fi_R29_M1170_S1_6,metacontig,947,1230,283
st_R29_M26031_S1_1,metacontig,43,324,281
st_R29_M132252_S2_1,metacontig,200,525,325
st_R29_M351919_S1_1,metacontig,198,541,343
st_R29_M222190_S1_6,metacontig,816,1143,327
st_R29_M420372_S1_4,metacontig,4516,4826,310
ar_R29_M8146_S1_1,metacontig,3295,3671,376
MN887352_1,metacontig,1798,2125,327
st_R29_M318390_S1_3,metacontig,1400,1753,353
st_R29_M45924_S1_2,metacontig,313,697,384
st_R29_M126562_S1_1,metacontig,1205,1530,325
st_R29_M318389_S1_1,metacontig,1390,1742,352
LC475152_1,metacontig,1475,1861,386
st_R29_M425749_S4_1,metacontig,358,742,384
st_R29_M73285_S1_1,metacontig,79,391,312
st_R29_M38844_S1_2,metacontig,78,446,368
fu_R29_M40_S1_2,metacontig,327,710,383
st_R29_M2685_S1_1,metacontig,71,394,323
st_R29_M181240_S1_1,metacontig,5,375,370
st_R29_M101368_S1_10,metacontig,1476,1861,385
st_R29_M317188_S1_2,metacontig,21,274,253
st_R29_M60447_S1_2,metacontig,1118,1444,326
st_R29_M74311_S1_2,metacontig,94,420,326
st_R29_M121627_S1_1,metacontig,148,475,327
st_R29_M56290_S2_3,metacontig,210,558,348
st_R29_M238032_S1_1,metacontig,131,451,320
st_R29_M237085_S1_1,metacontig,370,753,383
JQ647830_1,metacontig,1591,1943,352
st_R29_M425749_S6_1,metacontig,377,761,384
st_R29_M436696_S1_1,metacontig,27,299,272
st_R29_M445260_S1_1,metacontig,23,305,282
JX419379_1,metacontig,1592,1944,352
ar_R29_M25608_S1_1,metacontig,2001,2395,394
st_R29_M243710_S1_1,metacontig,1796,2123,327
st_R29_M209664_S1_1,metacontig,30,293,263
fu_R29_M664_S1_7,metacontig,1087,1460,373
KR998048_1,metacontig,1607,1998,391
st_R29_M226050_S1_1,metacontig,1312,1658,346
st_R29_M306817_S1_1,metacontig,20,367,347
st_R29_M37653_S1_4,metacontig,1232,1572,340
st_R29_M313631_S1_2,metacontig,1464,1811,347
st_R29_M343235_S3_1,metacontig,28,295,267
st_R29_M235434_S1_1,metacontig,6,321,315
st_R29_M60419_S1_6,metacontig,832,1159,327
st_R29_M382606_S1_1,metacontig,1470,1821,351
st_R29_M209658_S1_1,metacontig,1435,1819,384
ar_R29_M15075_S1_1,metacontig,1154,1500,346
st_R29_M7484_S2_1,metacontig,926,1278,352
ar_R29_M23157_S1_6,metacontig,280,742,462
st_R29_M379752_S1_2,metacontig,223,607,384
st_R29_M213245_S1_1,metacontig,1389,1741,352
st_R29_M29560_S1_1,metacontig,1464,1848,384
st_R29_M318379_S1_4,metacontig,1092,1443,351
MW045213_1,metacontig,1797,2123,326
st_R29_M265902_S107_1,metacontig,1128,1448,320
st_R29_M196868_S1_2,metacontig,283,610,327
KY490039_1,metacontig,1798,2125,327
st_R29_M368331_S1_1,metacontig,1466,1809,343
st_R29_M205227_S1_2,metacontig,80,427,347
st_R29_M82421_S1_2,metacontig,77,403,326
st_R29_M265902_S115_1,metacontig,1120,1441,321
st_R29_M25011_S1_3,metacontig,15,309,294
st_R29_M265902_S13_7,metacontig,1826,2144,318
st_R29_M408962_S1_1,metacontig,1798,2125,327
st_R29_M125916_S1_1,metacontig,86,436,350
st_R29_M61783_S1_1,metacontig,664,1016,352
st_R29_M245381_S1_1,metacontig,1796,2122,326
st_R29_M375271_S1_10,metacontig,1605,1977,372
KX443698_1,metacontig,1472,1823,351
st_R29_M351605_S1_1,metacontig,109,457,348
st_R29_M66097_S1_2,metacontig,89,431,342
st_R29_M226049_S1_3,metacontig,1505,1848,343
st_R29_M186012_S1_1,metacontig,35,296,261
ar_R29_M19887_S3_2,metacontig,28,316,288
st_R29_M313624_S1_1,metacontig,506,837,331
st_R29_M29563_S1_1,metacontig,662,989,327
st_R29_M102111_S1_2,metacontig,222,566,344
ma_R29_M4729_S1_3,metacontig,23,290,267
KF321967_1,metacontig,1795,2122,327
st_R29_M180804_S1_1,metacontig,233,559,326
st_R29_M75578_S1_1,metacontig,986,1338,352
ar_R29_M25169_S1_2,metacontig,3,344,341
st_R29_M333093_S1_1,metacontig,182,509,327
st_R29_M45923_S3_1,metacontig,571,956,385
st_R29_M31332_S3_2,metacontig,114,461,347
st_R29_M142396_S1_1,metacontig,1796,2123,327
KY774447_2,metacontig,1465,1814,349
HQ339957_1,metacontig,1797,2123,326
st_R29_M213233_S1_2,metacontig,1374,1738,364
st_R29_M127041_S114_1,metacontig,1591,1943,352
fu_R29_M288_S11_2,metacontig,379,763,384
ar_R29_M38751_S1_4,metacontig,212,605,393
st_R29_M317204_S1_7,metacontig,1429,1756,327
st_R29_M79901_S6_2,metacontig,1798,2123,325
st_R29_M102026_S1_1,metacontig,19,301,282
st_R29_M176660_S1_1,metacontig,144,470,326
st_R29_M128597_S1_1,metacontig,98,425,327
st_R29_M272604_S1_4,metacontig,1583,1919,336
st_R29_M117811_S1_1,metacontig,7,339,332
st_R29_M142104_S1_1,metacontig,1642,1975,333
st_R29_M386950_S1_7,metacontig,1400,1764,364
st_R29_M50306_S1_4,metacontig,865,1207,342
st_R29_M66337_S1_1,metacontig,1797,2122,325
st_R29_M33880_S1_6,metacontig,1062,1414,352
st_R29_M29513_S14_3,metacontig,1275,1595,320
st_R29_M431983_S1_1,metacontig,1880,2289,409
st_R29_M87936_S1_3,metacontig,628,1012,384
MG763895_1,metacontig,1797,2124,327
st_R29_M9667_S1_5,metacontig,1133,1474,341
ch_R29_M88_S1_12,metacontig,4994,5362,368
st_R29_M10607_S1_2,metacontig,220,559,339
st_R29_M88406_S1_1,metacontig,795,1121,326
fu_R29_M3100_S1_1,metacontig,31,435,404
st_R29_M66346_S1_6,metacontig,705,1088,383
st_R29_M128602_S1_1,metacontig,107,434,327
st_R29_M10437_S1_4,metacontig,673,1056,383
st_R29_M319574_S1_1,metacontig,299,646,347
MF678819_1,metacontig,1470,1817,347
ar_R29_M7069_S903_9,metacontig,649,1183,534
st_R29_M265591_S1_1,metacontig,1796,2123,327
st_R29_M35416_S1_1,metacontig,12,271,259
st_R29_M46576_S1_2,metacontig,493,820,327
ar_R29_M34993_S1_3,metacontig,401,701,300
fu_R29_M1181_S1_3,metacontig,58,442,384
st_R29_M67549_S1_7,metacontig,1133,1485,352
st_R29_M67347_S1_3,metacontig,320,704,384
st_R29_M112214_S1_2,metacontig,375,758,383
st_R29_M29513_S42_11,metacontig,1802,2124,322
st_R29_M362435_S1_5,metacontig,1053,1380,327
NC_020996_1,metacontig,1636,1956,320
st_R29_M100204_S1_2,metacontig,1609,1995,386
st_R29_M38836_S1_5,metacontig,928,1249,321
st_R29_M98755_S1_1,metacontig,189,514,325
st_R29_M181945_S1_7,metacontig,1104,1450,346
st_R29_M408955_S1_1,metacontig,1611,2021,410
st_R29_M97832_S1_1,metacontig,1545,1878,333
st_R29_M212017_S1_4,metacontig,1647,1960,313
MN689457_1,metacontig,1592,1944,352
st_R29_M369814_S1_2,metacontig,135,444,309
MF418026_1,metacontig,1592,1944,352
fu_R29_M1101_S1_2,metacontig,1599,1923,324
st_R29_M165044_S1_1,metacontig,1566,1924,358
st_R29_M300285_S1_1,metacontig,17,299,282
st_R29_M331982_S1_1,metacontig,1471,1857,386
st_R29_M1239_S1_1,metacontig,258,588,330
st_R29_M230468_S1_2,metacontig,281,606,325
st_R29_M183836_S1_1,metacontig,1412,1764,352
st_R29_M64338_S1_1,metacontig,1219,1571,352
st_R29_M127041_S21_1,metacontig,1592,1944,352
st_R29_M127041_S14_1,metacontig,1592,1944,352
st_R29_M128619_S1_1,metacontig,121,448,327
st_R29_M386581_S1_1,metacontig,29,433,404
st_R29_M12298_S1_2,metacontig,35,300,265
st_R29_M226038_S3_1,metacontig,285,612,327
st_R29_M60711_S1_1,metacontig,34,300,266
NC_018703_6,metacontig,1308,1667,359
st_R29_M367467_S1_3,metacontig,1796,2123,327
st_R29_M131418_S1_1,metacontig,1249,1601,352
KF030850_2,metacontig,1645,1959,314
st_R29_M362409_S1_3,metacontig,505,815,310
st_R29_M339899_S1_2,metacontig,353,737,384
st_R29_M196862_S1_3,metacontig,285,612,327
MH558590_1,metacontig,1541,1904,363
st_R29_M133126_S1_1,metacontig,1592,1944,352
st_R29_M362452_S1_3,metacontig,189,574,385
st_R29_M4722_S1_1,metacontig,748,1207,459
ar_R29_M6794_S1_1,metacontig,48,370,322
fu_R29_M3243_S1_2,metacontig,48,348,300
fu_R29_M288_S8_6,metacontig,294,679,385
st_R29_M120185_S1_1,metacontig,195,498,303
st_R29_M16415_S1_1,metacontig,320,685,365
NC_031336_2,metacontig,4421,4795,374
st_R29_M46023_S1_8,metacontig,1299,1651,352
st_R29_M117805_S1_1,metacontig,1314,1666,352
LC533838_1,metacontig,1464,1848,384
st_R29_M44583_S1_2,metacontig,898,1226,328
st_R29_M135045_S1_10,metacontig,885,1269,384
st_R29_M127041_S17_1,metacontig,1592,1944,352
st_R29_M226030_S1_2,metacontig,1635,1959,324
st_R29_M79903_S1_1,metacontig,132,458,326
st_R29_M98459_S1_1,metacontig,274,591,317
st_R29_M151527_S1_6,metacontig,421,743,322
st_R29_M67337_S1_1,metacontig,360,687,327
st_R29_M319575_S1_4,metacontig,296,680,384
st_R29_M33858_S1_1,metacontig,1364,1716,352
st_R29_M213249_S1_1,metacontig,1410,1764,354
st_R29_M317207_S1_5,metacontig,619,1002,383
st_R29_M293893_S2_2,metacontig,15,286,271
st_R29_M120187_S1_1,metacontig,284,609,325
st_R29_M197160_S1_2,metacontig,37,302,265
ma_R29_M4601_S1_1,metacontig,345,735,390
LC004126_1,metacontig,1546,1882,336
st_R29_M85101_S1_1,metacontig,102,454,352
NC_012519_2,metacontig,1473,1783,310
st_R29_M56415_S1_1,metacontig,258,588,330
st_R29_M93423_S1_3,metacontig,378,764,386
st_R29_M306820_S1_7,metacontig,1296,1618,322
fu_R29_M782_S1_5,metacontig,1464,1848,384
MN832720_1,metacontig,4484,4870,386
st_R29_M2751_S1_5,metacontig,970,1295,325
st_R29_M386333_S1_1,metacontig,38,300,262
MH084695_1,metacontig,1464,1809,345
st_R29_M102098_S1_2,metacontig,22,286,264
st_R29_M176315_S1_9,metacontig,46,281,235
st_R29_M111385_S1_6,metacontig,272,655,383
st_R29_M226482_S1_4,metacontig,10,214,204
st_R29_M323797_S1_3,metacontig,2018,2396,378
MF590069_2,metacontig,3126,3495,369
st_R29_M79094_S1_1,metacontig,1655,1969,314
ar_R29_M24094_S1_4,metacontig,29,306,277
st_R29_M45978_S1_1,metacontig,1459,1811,352
MN689492_1,metacontig,1592,1944,352
st_R29_M29551_S1_5,metacontig,1808,2135,327
st_R29_M263803_S1_2,metacontig,103,490,387
MN565665_1,metacontig,1868,2250,382
st_R29_M125163_S1_3,metacontig,691,1076,385
st_R29_M75465_S1_1,metacontig,1572,1924,352
st_R29_M1536_S1_1,metacontig,96,448,352
MN689471_1,metacontig,1588,1940,352
st_R29_M395072_S1_5,metacontig,1461,1788,327
st_R29_M20243_S3_9,metacontig,1585,1937,352
st_R29_M7474_S1_1,metacontig,1541,1893,352
st_R29_M276879_S1_1,metacontig,338,728,390
st_R29_M214181_S1_2,metacontig,553,858,305
st_R29_M165704_S1_1,metacontig,76,459,383
st_R29_M348249_S1_2,metacontig,55,434,379
st_R29_M256861_S1_2,metacontig,225,611,386
st_R29_M7516_S1_1,metacontig,1592,1944,352
st_R29_M10575_S1_1,metacontig,1592,1944,352
st_R29_M131372_S1_1,metacontig,1592,1944,352
st_R29_M131378_S1_1,metacontig,1592,1944,352
st_R29_M33866_S1_9,metacontig,1592,1944,352
st_R29_M46685_S1_1,metacontig,1592,1944,352
st_R29_M64331_S1_1,metacontig,1592,1944,352
st_R29_M67536_S1_1,metacontig,1592,1944,352
st_R29_M75457_S1_9,metacontig,1592,1944,352
st_R29_M75491_S1_1,metacontig,1592,1944,352
st_R29_M86382_S1_9,metacontig,1592,1944,352
st_R29_M86396_S1_1,metacontig,1592,1944,352
st_R29_M92013_S1_1,metacontig,1592,1944,352
st_R29_M9722_S1_1,metacontig,1592,1944,352
st_R29_M265902_S4_8,metacontig,1790,2109,319
ar_R29_M32813_S1_4,metacontig,175,639,464
MH084696_1,metacontig,1471,1815,344
KU058657_1,metacontig,1592,1944,352
st_R29_M358882_S1_1,metacontig,19,335,316
st_R29_M105251_S1_2,metacontig,11,275,264
st_R29_M299123_S1_2,metacontig,1563,1921,358
st_R29_M408948_S1_11,metacontig,1558,1948,390
st_R29_M83230_S1_6,metacontig,1691,2061,370
st_R29_M382597_S1_1,metacontig,1261,1611,350
st_R29_M88431_S1_2,metacontig,653,980,327
st_R29_M193308_S1_1,metacontig,804,1162,358
st_R29_M29557_S1_2,metacontig,1796,2121,325
st_R29_M71882_S1_2,metacontig,272,597,325
NC_027920_1,metacontig,4449,4859,410
st_R29_M237446_S1_1,metacontig,47,392,345
st_R29_M209867_S1_1,metacontig,690,1015,325
st_R29_M175903_S1_5,metacontig,1476,1823,347
st_R29_M303894_S1_2,metacontig,57,399,342
st_R29_M44946_S1_2,metacontig,362,737,375
st_R29_M181948_S1_10,metacontig,1797,2122,325
st_R29_M116094_S1_1,metacontig,877,1204,327
st_R29_M249670_S1_1,metacontig,1578,1940,362
KU308398_1,metacontig,1796,2123,327
st_R29_M265902_S5_9,metacontig,1792,2111,319
st_R29_M440630_S1_1,metacontig,120,472,352
st_R29_M88430_S1_6,metacontig,675,1000,325
st_R29_M220722_S1_11,metacontig,67,442,375
st_R29_M423085_S1_1,metacontig,74,441,367
st_R29_M222197_S1_9,metacontig,936,1320,384
st_R29_M61468_S1_6,metacontig,753,1136,383
MH028004_6,metacontig,2378,2775,397
wh_R29_M21_S1_6,metacontig,67,536,469
st_R29_M101381_S1_1,metacontig,59,446,387
st_R29_M59964_S1_4,metacontig,1620,2007,387
st_R29_M400959_S1_16,metacontig,503,855,352
MG938303_1,metacontig,1789,2108,319
st_R29_M414663_S1_1,metacontig,12,274,262
st_R29_M254634_S1_4,metacontig,1458,1842,384
st_R29_M243703_S1_2,metacontig,1796,2123,327
MF346599_2,metacontig,1592,1944,352
st_R29_M395482_S1_1,metacontig,21,352,331
st_R29_M377138_S1_1,metacontig,4550,4920,370
st_R29_M394708_S1_2,metacontig,1775,2102,327
ar_R29_M29258_S1_2,metacontig,4,463,459
st_R29_M125122_S1_7,metacontig,989,1313,324
st_R29_M121148_S1_1,metacontig,52,397,345
st_R29_M125130_S1_6,metacontig,261,645,384
st_R29_M111384_S1_10,metacontig,1464,1811,347
st_R29_M108962_S1_1,metacontig,2,318,316
st_R29_M450894_S1_2,metacontig,31,332,301
st_R29_M29558_S1_1,metacontig,1796,2123,327
fu_R29_M532_S1_1,metacontig,3,311,308
KF321966_1,metacontig,1796,2123,327
st_R29_M29513_S25_6,metacontig,1802,2121,319
ar_R29_M10365_S1_2,metacontig,34,354,320
st_R29_M375536_S9_1,metacontig,1297,1649,352
st_R29_M10439_S1_2,metacontig,562,883,321
st_R29_M389700_S1_3,metacontig,225,618,393
st_R29_M49390_S1_1,metacontig,1464,1850,386
st_R29_M60067_S1_1,metacontig,1592,1944,352
st_R29_M100205_S2_7,metacontig,1395,1793,398
st_R29_M33935_S1_3,metacontig,142,468,326
NC_025388_2,metacontig,1594,1980,386
st_R29_M75583_S1_1,metacontig,1526,1878,352
st_R29_M109208_S1_1,metacontig,1521,1873,352
st_R29_M106411_S1_1,metacontig,694,1011,317
st_R29_M395470_S1_2,metacontig,1493,1835,342
st_R29_M339897_S1_1,metacontig,15,271,256
st_R29_M125505_S1_1,metacontig,110,423,313
st_R29_M76726_S1_1,metacontig,8,328,320
st_R29_M183854_S1_4,metacontig,1391,1742,351
st_R29_M88426_S1_6,metacontig,1796,2123,327
NC_003635_2,metacontig,2857,3343,486
st_R29_M164678_S1_1,metacontig,19,289,270
st_R29_M71054_S1_5,metacontig,1653,2022,369
st_R29_M45925_S1_10,metacontig,1443,1860,417
st_R29_M64316_S1_1,metacontig,1493,1845,352
MF503893_1,metacontig,1592,1944,352
ar_R29_M34702_S1_1,metacontig,2025,2399,374
st_R29_M18140_S4_2,metacontig,1225,1572,347
st_R29_M209671_S1_2,metacontig,422,749,327
fu_R29_M28_S1_1,metacontig,189,498,309
st_R29_M198724_S1_3,metacontig,1603,1957,354
st_R29_M67357_S1_1,metacontig,305,635,330
st_R29_M436568_S1_3,metacontig,1796,2123,327
st_R29_M11737_S13_1,metacontig,1792,2115,323
st_R29_M41898_S1_1,metacontig,42,286,244
st_R29_M183803_S1_1,metacontig,2,296,294
MF503894_1,metacontig,1567,1919,352
HQ339958_1,metacontig,1797,2123,326
st_R29_M382598_S1_1,metacontig,1261,1611,350
st_R29_M124415_S1_9,metacontig,1467,1852,385
st_R29_M29513_S20_7,metacontig,1786,2105,319
st_R29_M126973_S1_2,metacontig,104,528,424
ma_R29_M824_S1_1,metacontig,38,413,375
st_R29_M65542_S1_6,metacontig,1412,1763,351
st_R29_M2808_S1_6,metacontig,14,266,252
st_R29_M79901_S8_6,metacontig,1797,2123,326
st_R29_M7393_S1_1,metacontig,26,290,264
st_R29_M290539_S1_9,metacontig,1607,1952,345
st_R29_M440634_S1_1,metacontig,154,506,352
st_R29_M75404_S1_1,metacontig,7,424,417
st_R29_M408945_S1_2,metacontig,32,382,350
st_R29_M25634_S1_2,metacontig,4,327,323
st_R29_M43292_S7_3,metacontig,730,1093,363
NC_001837_5,metacontig,2519,2950,431
fu_R29_M288_S12_2,metacontig,257,581,324
st_R29_M272662_S1_1,metacontig,102,406,304
st_R29_M222187_S1_5,metacontig,134,461,327
KX443697_1,metacontig,1470,1819,349
st_R29_M171746_S1_3,metacontig,395,754,359
AB432910_1,metacontig,1297,1649,352
MW091544_1,metacontig,4500,4880,380
st_R29_M387631_S1_7,metacontig,99,509,410
MK050796_2,metacontig,1279,1605,326
st_R29_M333128_S1_6,metacontig,1008,1355,347
st_R29_M395462_S1_2,metacontig,489,873,384
MN832719_2,metacontig,4193,4567,374
st_R29_M139948_S1_2,metacontig,125,473,348
st_R29_M415119_S1_9,metacontig,1240,1596,356
st_R29_M98462_S1_5,metacontig,701,1085,384
st_R29_M21005_S3_4,metacontig,102,489,387
st_R29_M95569_S1_8,metacontig,1786,2105,319
fu_R29_M4054_S1_1,metacontig,59,442,383
st_R29_M61793_S1_8,metacontig,1417,1769,352
st_R29_M133045_S1_1,metacontig,1788,2110,322
st_R29_M50292_S1_6,metacontig,265,607,342
st_R29_M425749_S3_5,metacontig,890,1273,383
KR054735_1,metacontig,1790,2110,320
st_R29_M26321_S1_1,metacontig,8,328,320
st_R29_M333092_S1_8,metacontig,1458,1857,399
st_R29_M362451_S1_5,metacontig,389,732,343
NC_018714_1,metacontig,1803,2122,319
MH182675_1,metacontig,4451,4861,410
NC_009759_1,metacontig,1536,1876,340
ma_R29_M1895_S1_1,metacontig,70,545,475
st_R29_M110144_S1_1,metacontig,22,299,277
st_R29_M2851_S1_13,metacontig,1576,1938,362
st_R29_M212038_S1_2,metacontig,17,275,258
fu_R29_M1043_S1_4,metacontig,296,623,327
st_R29_M56290_S1_5,metacontig,651,1035,384
MK929795_2,metacontig,1463,1811,348
st_R29_M39622_S1_3,metacontig,30,316,286
st_R29_M43664_S1_1,metacontig,1702,2021,319
st_R29_M39049_S1_1,metacontig,1458,1842,384
st_R29_M409171_S1_2,metacontig,1576,1937,361
st_R29_M222186_S1_10,metacontig,1464,1848,384
st_R29_M265902_S3_7,metacontig,1790,2109,319
ar_R29_M32318_S1_1,metacontig,61,471,410
st_R29_M400081_S1_2,metacontig,1310,1622,312
st_R29_M66296_S2_8,metacontig,1403,1761,358
NC_012038_1,metacontig,1569,1925,356
st_R29_M194577_S1_1,metacontig,40,313,273
st_R29_M49368_S1_2,metacontig,261,586,325
st_R29_M449383_S2_3,metacontig,36,383,347
st_R29_M57792_S1_1,metacontig,14,296,282
fu_R29_M451_S1_1,metacontig,327,713,386
st_R29_M329283_S1_4,metacontig,1412,1764,352
st_R29_M51682_S1_3,metacontig,273,660,387
st_R29_M1224_S1_1,metacontig,1797,2123,326
KC207480_1,metacontig,1474,1822,348
st_R29_M63984_S1_1,metacontig,17,336,319
KF030869_1,metacontig,1638,1958,320
st_R29_M44551_S1_2,metacontig,18,347,329
JN983456_2,metacontig,1579,1942,363
st_R29_M39044_S1_2,metacontig,292,616,324
st_R29_M379758_S2_3,metacontig,72,417,345
st_R29_M190623_S1_9,metacontig,83,550,467
st_R29_M74820_S1_5,metacontig,502,872,370
st_R29_M116102_S1_6,metacontig,2958,3323,365
st_R29_M113966_S1_7,metacontig,1376,1707,331
ar_R29_M13823_S1_1,metacontig,1,265,264
fu_R29_M2412_S1_1,metacontig,22,341,319
KR998050_2,metacontig,1611,2002,391
st_R29_M67010_S1_1,metacontig,41,392,351
NC_006065_2,metacontig,418,766,348
fu_R29_M5312_S1_1,metacontig,23,324,301
ar_R29_M2480_S1_3,metacontig,87,469,382
st_R29_M448576_S1_6,metacontig,728,1111,383
st_R29_M100205_S1_1,metacontig,1542,1939,397
st_R29_M286971_S1_1,metacontig,1785,2110,325
KF955462_5,metacontig,2837,3322,485
st_R29_M61443_S1_3,metacontig,131,462,331
st_R29_M10429_S1_1,metacontig,1798,2122,324
NC_029085_1,metacontig,1605,1928,323
st_R29_M90078_S1_2,metacontig,1189,1538,349
st_R29_M357690_S1_1,metacontig,23,394,371
KX652378_7,metacontig,2798,3276,478
st_R29_M563_S1_2,metacontig,129,512,383
st_R29_M23745_S1_2,metacontig,228,615,387
st_R29_M436897_S1_2,metacontig,67,407,340
st_R29_M272672_S1_2,metacontig,28,329,301
st_R29_M106898_S1_1,metacontig,1796,2123,327
st_R29_M215880_S1_8,metacontig,22,267,245
st_R29_M415623_S1_2,metacontig,13,265,252
HQ339959_1,metacontig,1798,2124,326
st_R29_M163671_S1_2,metacontig,1,314,313
st_R29_M35096_S1_2,metacontig,801,1156,355
LC522988_1,metacontig,1637,1959,322
st_R29_M35479_S1_4,metacontig,591,997,406
st_R29_M61458_S1_4,metacontig,18,311,293
st_R29_M379769_S1_5,metacontig,1465,1849,384
st_R29_M25644_S1_1,metacontig,252,582,330
st_R29_M238373_S1_1,metacontig,64,430,366
st_R29_M265656_S1_3,metacontig,24,353,329
st_R29_M355099_S1_1,metacontig,35,301,266
st_R29_M56416_S1_2,metacontig,21,351,330
st_R29_M394723_S1_6,metacontig,1434,1781,347
st_R29_M424846_S1_2,metacontig,1263,1621,358
st_R29_M120829_S2_1,metacontig,1281,1594,313
st_R29_M110646_S1_1,metacontig,16,344,328
st_R29_M229194_S1_3,metacontig,328,667,339
st_R29_M242316_S1_1,metacontig,17,296,279
st_R29_M50842_S1_3,metacontig,2,334,332
st_R29_M265902_S6_3,metacontig,1793,2112,319
st_R29_M54724_S1_2,metacontig,80,416,336
st_R29_M39812_S1_1,metacontig,29,299,270
st_R29_M43390_S1_2,metacontig,14,277,263
NC_029095_1,metacontig,3522,3926,404
st_R29_M240126_S1_1,metacontig,2,358,356
ar_R29_M40013_S1_5,metacontig,18,377,359
MH427034_2,metacontig,1578,1940,362
st_R29_M41455_S1_1,metacontig,4411,4795,384
ar_R29_M33986_S1_1,metacontig,1579,2037,458
st_R29_M132053_S1_1,metacontig,160,545,385
st_R29_M317168_S1_4,metacontig,1464,1805,341
st_R29_M142019_S1_2,metacontig,187,545,358
st_R29_M66296_S1_3,metacontig,1458,1816,358
st_R29_M167175_S1_9,metacontig,1464,1848,384
st_R29_M313625_S1_2,metacontig,249,569,320
ar_R29_M32913_S1_1,metacontig,1874,2272,398
st_R29_M124409_S1_1,metacontig,26,290,264
st_R29_M157117_S1_1,metacontig,68,395,327
st_R29_M299130_S1_1,metacontig,1381,1737,356
fi_R29_M1415_S1_3,metacontig,15,319,304
st_R29_M318386_S1_2,metacontig,80,350,270
st_R29_M188972_S1_2,metacontig,68,349,281
fu_R29_M584_S2_3,metacontig,126,457,331
st_R29_M50305_S1_8,metacontig,1287,1671,384
st_R29_M97432_S46_10,metacontig,1675,2027,352
st_R29_M50295_S1_2,metacontig,90,474,384
st_R29_M306856_S1_2,metacontig,1104,1445,341
MF418034_2,metacontig,1592,1944,352
st_R29_M54822_S1_1,metacontig,1469,1816,347
st_R29_M317187_S1_4,metacontig,1464,1805,341
MT344120_5,metacontig,1964,2363,399
st_R29_M176353_S2_1,metacontig,47,280,233
KX443699_1,metacontig,1463,1813,350
D14996_2,metacontig,1432,1849,417
LC475151_1,metacontig,1798,2123,325
st_R29_M66296_S3_3,metacontig,1403,1761,358
KU870524_2,metacontig,1449,1798,349
MK929793_2,metacontig,1464,1805,341
st_R29_M44945_S1_2,metacontig,36,252,216
st_R29_M299100_S1_1,metacontig,44,369,325
NC_010305_1,metacontig,1563,1890,327
st_R29_M273937_S1_1,metacontig,224,608,384
st_R29_M216490_S1_1,metacontig,20,274,254
st_R29_M415787_S1_2,metacontig,21,352,331
st_R29_M46581_S1_6,metacontig,1691,2017,326
st_R29_M313839_S1_2,metacontig,33,299,266
mm_R29_M4875_S1_13,metacontig,128,349,221
fu_R29_M1211_S1_2,metacontig,343,662,319
MT513217_8,metacontig,2613,3025,412
st_R29_M41135_S1_1,metacontig,14,277,263
st_R29_M146717_S1_1,metacontig,237,605,368
st_R29_M22982_S1_6,metacontig,1295,1621,326
st_R29_M60709_S2_1,metacontig,13,250,237
st_R29_M126571_S1_1,metacontig,898,1259,361
st_R29_M15037_S1_4,metacontig,338,683,345
st_R29_M7405_S1_1,metacontig,1493,1835,342
st_R29_M273924_S1_6,metacontig,699,1056,357
NC_029301_2,metacontig,1406,1749,343
ar_R29_M41977_S1_1,metacontig,52,353,301
st_R29_M73471_S1_1,metacontig,25,304,279
st_R29_M402493_S1_3,metacontig,1401,1752,351
st_R29_M318357_S1_3,metacontig,1386,1738,352
LC567151_3,metacontig,2888,3387,499
st_R29_M11621_S1_1,metacontig,28,293,265
st_R29_M363278_S1_1,metacontig,547,957,410
st_R29_M313607_S1_1,metacontig,14,263,249
st_R29_M44584_S1_2,metacontig,1465,1811,346
st_R29_M2901_S1_1,metacontig,20,351,331
st_R29_M98461_S2_3,metacontig,43,309,266
FJ467493_4,metacontig,2834,3338,504
ar_R29_M6986_S1_2,metacontig,19,405,386
st_R29_M107671_S1_1,metacontig,35,296,261
st_R29_M419834_S1_1,metacontig,1464,1849,385
NC_020471_5,metacontig,1353,1705,352
KF356396_1,metacontig,1635,1955,320
st_R29_M43292_S3_19,metacontig,730,1093,363
st_R29_M11641_S1_1,metacontig,18,297,279
st_R29_M2707_S1_1,metacontig,23,306,283
st_R29_M327029_S1_1,metacontig,435,784,349
mm_R29_M4558_S1_3,metacontig,2,383,381
st_R29_M131414_S1_3,metacontig,570,885,315
st_R29_M98480_S1_1,metacontig,356,669,313
KX506849_2,metacontig,1464,1810,346
st_R29_M382613_S1_1,metacontig,1294,1644,350
st_R29_M79920_S1_4,metacontig,1493,1835,342
MN059394_1,metacontig,1538,1868,330
st_R29_M266702_S1_8,metacontig,1132,1481,349
st_R29_M410245_S1_1,metacontig,31,262,231
st_R29_M172187_S1_2,metacontig,1170,1513,343
st_R29_M332631_S1_1,metacontig,13,274,261
st_R29_M53799_S1_1,metacontig,35,297,262
ro_R29_M46_S1_3,metacontig,161,507,346
st_R29_M11005_S1_1,metacontig,150,478,328
st_R29_M81368_S1_1,metacontig,26,308,282
st_R29_M39041_S1_10,metacontig,1458,1805,347
st_R29_M365932_S1_6,metacontig,1464,1794,330
st_R29_M99816_S1_1,metacontig,236,580,344
st_R29_M264693_S1_1,metacontig,501,831,330
st_R29_M172733_S1_1,metacontig,35,296,261
st_R29_M419803_S1_2,metacontig,20,281,261
fu_R29_M3681_S1_1,metacontig,719,1092,373
st_R29_M107663_S1_1,metacontig,35,296,261
st_R29_M50299_S1_6,metacontig,242,624,382
st_R29_M101966_S1_1,metacontig,648,1035,387
st_R29_M50294_S1_2,metacontig,1464,1811,347
st_R29_M86196_S1_1,metacontig,35,296,261
st_R29_M2665_S1_1,metacontig,35,294,259
st_R29_M222528_S1_1,metacontig,21,331,310
st_R29_M28521_S1_2,metacontig,26,291,265
st_R29_M26148_S1_3,metacontig,15,314,299
MK929794_1,metacontig,1458,1842,384
fu_R29_M5587_S1_3,metacontig,921,1244,323
MK929796_3,metacontig,1464,1848,384
st_R29_M2661_S1_1,metacontig,18,281,263
st_R29_M11640_S1_2,metacontig,35,294,259
st_R29_M126750_S1_2,metacontig,442,794,352
st_R29_M61498_S1_3,metacontig,1476,1860,384
st_R29_M24431_S1_1,metacontig,38,319,281
st_R29_M45923_S1_8,metacontig,1464,1848,384
st_R29_M61494_S1_6,metacontig,1464,1811,347
st_R29_M141140_S1_4,metacontig,742,1136,394
LC522981_2,metacontig,1463,1811,348
LC485539_1,metacontig,1547,1892,345
KY178276_2,metacontig,1631,1958,327
st_R29_M25052_S1_1,metacontig,464,815,351
st_R29_M125141_S1_4,metacontig,272,655,383
st_R29_M45037_S1_2,metacontig,1228,1583,355
st_R29_M389735_S1_6,metacontig,2462,2836,374
ar_R29_M1725_S1_4,metacontig,85,462,377
st_R29_M119374_S1_1,metacontig,18,329,311
st_R29_M266872_S1_5,metacontig,1450,1836,386
st_R29_M242054_S1_1,metacontig,33,294,261
ar_R29_M30997_S1_1,metacontig,1122,1534,412
st_R29_M61455_S1_6,metacontig,1464,1794,330
st_R29_M226038_S1_1,metacontig,1635,1958,323
st_R29_M15995_S1_1,metacontig,198,581,383
NC_008020_1,metacontig,1596,1983,387
st_R29_M222229_S1_6,metacontig,681,1061,380
st_R29_M331991_S1_2,metacontig,1412,1799,387
st_R29_M47322_S1_2,metacontig,161,488,327
st_R29_M408667_S1_1,metacontig,393,778,385
MG721064_4,metacontig,2755,3239,484
st_R29_M19050_S1_6,metacontig,448,793,345
st_R29_M355578_S1_5,metacontig,416,807,391
st_R29_M379758_S1_3,metacontig,784,1127,343
st_R29_M300287_S1_1,metacontig,23,305,282
st_R29_M157110_S1_1,metacontig,1,310,309
st_R29_M263798_S2_1,metacontig,676,1009,333
ar_R29_M27246_S1_2,metacontig,51,419,368
NC_027817_3,metacontig,2833,3328,495
LC522990_1,metacontig,1631,1951,320
NC_011702_3,metacontig,99,504,405
st_R29_M139626_S1_6,metacontig,1127,1511,384
st_R29_M80990_S1_8,metacontig,1351,1706,355
st_R29_M153941_S1_1,metacontig,5,242,237
st_R29_M59980_S1_7,metacontig,1464,1811,347
st_R29_M61457_S1_1,metacontig,755,1137,382
ar_R29_M23178_S1_2,metacontig,258,643,385
st_R29_M409435_S1_1,metacontig,230,593,363
st_R29_M13772_S3_1,metacontig,64,345,281
st_R29_M53595_S2_1,metacontig,35,294,259
st_R29_M145973_S1_6,metacontig,1332,1657,325
LC480818_1,metacontig,1538,1878,340
st_R29_M23087_S1_1,metacontig,7,331,324
st_R29_M53250_S1_4,metacontig,24,406,382
st_R29_M89714_S1_11,metacontig,35,300,265
st_R29_M326618_S1_1,metacontig,16,265,249
st_R29_M31335_S1_5,metacontig,882,1221,339
st_R29_M25637_S1_1,metacontig,32,295,263
st_R29_M53592_S1_1,metacontig,32,295,263
fi_R29_M483_S1_13,metacontig,2633,2926,293
KP114220_1,metacontig,1344,1663,319
st_R29_M86200_S1_1,metacontig,29,289,260
st_R29_M128734_S1_1,metacontig,26,288,262
st_R29_M18140_S3_8,metacontig,668,1007,339
AM182569_1,metacontig,1485,1834,349
st_R29_M362432_S1_4,metacontig,510,841,331
ar_R29_M2889_S3_4,metacontig,28,476,448
st_R29_M318314_S1_3,metacontig,1481,1835,354
st_R29_M53777_S1_1,metacontig,18,300,282
st_R29_M389676_S1_2,metacontig,8,348,340
st_R29_M264207_S1_2,metacontig,712,1110,398
st_R29_M29158_S1_1,metacontig,647,999,352
st_R29_M277021_S1_2,metacontig,1219,1563,344
st_R29_M94225_S1_1,metacontig,35,299,264
st_R29_M209875_S1_2,metacontig,2,316,314
NC_003499_1,metacontig,1586,1922,336
st_R29_M105215_S1_1,metacontig,35,298,263
KT893294_1,metacontig,1595,1979,384
fi_R29_M1248_S1_13,metacontig,1282,1646,364
MN047299_2,metacontig,1241,1576,335
st_R29_M127433_S42_1,metacontig,45,329,284
st_R29_M51376_S1_2,metacontig,723,1105,382
st_R29_M35124_S1_1,metacontig,808,1163,355
st_R29_M56732_S1_1,metacontig,1138,1487,349
st_R29_M318356_S1_5,metacontig,1410,1763,353
ma_R29_M6416_S1_1,metacontig,566,927,361
st_R29_M238031_S1_1,metacontig,57,380,323
KX977568_1,metacontig,4452,4861,409
st_R29_M128050_S3_4,metacontig,1308,1632,324
KU870525_1,metacontig,1472,1822,350
st_R29_M35134_S1_1,metacontig,228,577,349
NC_029086_1,metacontig,1583,1919,336
al_R29_M156_S1_3,metacontig,165,563,398
st_R29_M146682_S2_7,metacontig,880,1238,358
st_R29_M362422_S1_1,metacontig,365,706,341
st_R29_M80611_S1_1,metacontig,33,298,265
st_R29_M22460_S1_1,metacontig,12,249,237
MF991950_1,metacontig,1297,1649,352
st_R29_M56572_S1_1,metacontig,798,1150,352
st_R29_M106671_S1_2,metacontig,6,294,288
st_R29_M51605_S1_2,metacontig,16,316,300
MT513216_4,metacontig,2613,3026,413
st_R29_M329381_S1_1,metacontig,1338,1668,330
st_R29_M143658_S1_4,metacontig,182,438,256
st_R29_M29511_S1_2,metacontig,23,305,282
KC218927_1,metacontig,1638,1956,318
st_R29_M277030_S1_1,metacontig,215,562,347
st_R29_M176727_S1_7,metacontig,1014,1343,329
st_R29_M427130_S1_2,metacontig,24,288,264
st_R29_M424842_S1_1,metacontig,1123,1476,353
st_R29_M416662_S1_6,metacontig,543,899,356
st_R29_M245357_S1_4,metacontig,126,510,384
st_R29_M235682_S1_2,metacontig,2,330,328
st_R29_M236162_S1_2,metacontig,1391,1733,342
st_R29_M11622_S1_1,metacontig,26,308,282
NC_001409_2,metacontig,1465,1808,343
st_R29_M181588_S1_2,metacontig,201,550,349
st_R29_M306815_S1_1,metacontig,512,859,347
st_R29_M307191_S1_2,metacontig,1224,1572,348
st_R29_M15425_S1_1,metacontig,16,303,287
st_R29_M339891_S1_3,metacontig,17,246,229
st_R29_M323018_S2_1,metacontig,29,286,257
JF946775_1,metacontig,1797,2124,327
st_R29_M144868_S1_1,metacontig,13,310,297
st_R29_M21705_S1_2,metacontig,25,307,282
st_R29_M39578_S1_1,metacontig,19,300,281
st_R29_M139612_S1_2,metacontig,345,730,385
st_R29_M405510_S1_4,metacontig,44,326,282
st_R29_M2827_S1_2,metacontig,1173,1522,349
st_R29_M365922_S1_6,metacontig,1415,1744,329
st_R29_M310576_S1_1,metacontig,634,1019,385
st_R29_M56750_S1_1,metacontig,655,1040,385
st_R29_M183841_S1_5,metacontig,32,300,268
st_R29_M313623_S1_4,metacontig,1460,1808,348
st_R29_M145976_S1_5,metacontig,1458,1782,324
st_R29_M222198_S1_4,metacontig,492,819,327
st_R29_M227377_S1_1,metacontig,8,274,266
st_R29_M45076_S1_2,metacontig,27,289,262
st_R29_M139955_S1_2,metacontig,1425,1754,329
st_R29_M2811_S1_2,metacontig,1400,1771,371
st_R29_M109847_S1_4,metacontig,101,444,343
MK599420_2,metacontig,1472,1857,385
NC_040643_1,metacontig,1771,2100,329
st_R29_M88424_S1_1,metacontig,1789,2115,326
st_R29_M29552_S1_1,metacontig,1796,2122,326
NC_001946_1,metacontig,1637,1956,319
st_R29_M128049_S1_2,metacontig,30,319,289
st_R29_M234955_S1_1,metacontig,2,265,263
st_R29_M36615_S1_1,metacontig,171,476,305
st_R29_M210503_S1_3,metacontig,196,579,383
st_R29_M272972_S1_6,metacontig,416,741,325
st_R29_M87163_S8_5,metacontig,1129,1481,352
st_R29_M44308_S1_1,metacontig,280,665,385
st_R29_M237781_S1_8,metacontig,1793,2112,319
st_R29_M74894_S1_8,metacontig,22,326,304
NC_032729_4,metacontig,72,386,314
st_R29_M36943_S1_3,metacontig,1156,1466,310
st_R29_M45040_S1_2,metacontig,132,456,324
st_R29_M10434_S1_9,metacontig,1469,1853,384
NC_014127_4,metacontig,1475,1793,318
st_R29_M299068_S1_1,metacontig,858,1171,313
st_R29_M98460_S1_1,metacontig,350,669,319
st_R29_M242313_S1_1,metacontig,35,281,246
KT834406_6,metacontig,1360,1729,369
st_R29_M265965_S1_1,metacontig,16,322,306
st_R29_M358903_S1_8,metacontig,1568,1883,315
st_R29_M436900_S1_3,metacontig,1006,1353,347
st_R29_M125151_S1_8,metacontig,1461,1791,330
st_R29_M235475_S1_1,metacontig,1393,1736,343
st_R29_M354794_S1_7,metacontig,737,1054,317
st_R29_M127619_S1_2,metacontig,77,485,408
st_R29_M10446_S1_3,metacontig,1464,1794,330
st_R29_M333127_S1_8,metacontig,1260,1604,344
st_R29_M226806_S1_7,metacontig,737,1102,365
st_R29_M105841_S1_1,metacontig,18,286,268
st_R29_M125136_S1_4,metacontig,12,266,254
st_R29_M124408_S1_3,metacontig,30,295,265
st_R29_M243705_S1_1,metacontig,1796,2120,324
st_R29_M395044_S4_2,metacontig,322,693,371
st_R29_M318307_S1_4,metacontig,1478,1834,356
st_R29_M61456_S1_2,metacontig,1464,1794,330
mm_R29_M5681_S1_4,metacontig,164,521,357
st_R29_M128041_S1_2,metacontig,38,323,285
KU854930_3,metacontig,1545,1883,338
st_R29_M37655_S1_2,metacontig,416,760,344
ar_R29_M26283_S1_2,metacontig,2,264,262
st_R29_M66703_S1_4,metacontig,209,531,322
NC_007648_5,metacontig,5308,5643,335
st_R29_M16681_S1_4,metacontig,1521,1878,357
ar_R29_M36363_S1_1,metacontig,1185,1826,641
st_R29_M183801_S1_1,metacontig,71,428,357
AF023424_5,metacontig,2438,2825,387
st_R29_M436903_S1_3,metacontig,1222,1563,341
st_R29_M209702_S1_1,metacontig,1385,1715,330
ar_R29_M7579_S21_2,metacontig,40,473,433
st_R29_M245367_S1_5,metacontig,1796,2123,327
st_R29_M238702_S1_3,metacontig,60,355,295
st_R29_M441242_S1_3,metacontig,1450,1800,350
st_R29_M450943_S1_2,metacontig,23,340,317
st_R29_M289655_S1_1,metacontig,115,421,306
st_R29_M87163_S4_1,metacontig,1297,1647,350
KP995414_8,metacontig,1386,1728,342
st_R29_M260502_S1_1,metacontig,30,364,334
st_R29_M310887_S1_2,metacontig,13,274,261
st_R29_M2885_S1_15,metacontig,1459,1806,347
NC_027999_1,metacontig,2890,3373,483
st_R29_M34215_S1_1,metacontig,21,310,289
st_R29_M106629_S1_3,metacontig,13,274,261
MN872427_1,metacontig,1466,1850,384
st_R29_M294759_S1_7,metacontig,1412,1761,349
KP233893_3,metacontig,2862,3350,488
ar_R29_M7522_S1_1,metacontig,105,487,382
st_R29_M36618_S2_1,metacontig,258,563,305
st_R29_M76748_S1_2,metacontig,63,440,377
ar_R29_M21461_S1_1,metacontig,42,363,321
st_R29_M195692_S1_8,metacontig,100,441,341
st_R29_M272680_S2_2,metacontig,1000,1304,304
fu_R29_M584_S1_2,metacontig,1059,1408,349
st_R29_M257126_S1_1,metacontig,659,970,311
st_R29_M323471_S1_1,metacontig,728,1108,380
st_R29_M317792_S1_2,metacontig,8,324,316
st_R29_M46882_S1_9,metacontig,1323,1710,387
st_R29_M25804_S1_8,metacontig,1549,1885,336
st_R29_M126218_S1_1,metacontig,389,770,381
st_R29_M109089_S1_1,metacontig,31,294,263
st_R29_M209661_S1_1,metacontig,15,264,249
st_R29_M77739_S1_1,metacontig,39,358,319
st_R29_M333386_S1_1,metacontig,9,297,288
ma_R29_M1108_S1_17,metacontig,1408,1808,400
fu_R29_M5805_S1_5,metacontig,144,526,382
MK279477_3,metacontig,5022,5417,395
ar_R29_M17020_S1_1,metacontig,300,750,450
st_R29_M277008_S1_2,metacontig,816,1152,336
st_R29_M204941_S1_1,metacontig,876,1248,372
st_R29_M369830_S1_1,metacontig,27,278,251
st_R29_M29513_S601_1,metacontig,217,517,300
st_R29_M257129_S1_1,metacontig,1418,1726,308
st_R29_M294758_S1_1,metacontig,1412,1761,349
ar_R29_M24473_S1_1,metacontig,18,303,285
st_R29_M18846_S1_1,metacontig,49,343,294
AJ863510_1,metacontig,1588,1940,352
NC_031327_3,metacontig,2785,3258,473
st_R29_M394724_S1_9,metacontig,1472,1859,387
st_R29_M24472_S1_2,metacontig,34,347,313
st_R29_M236222_S1_1,metacontig,51,353,302
st_R29_M92006_S2_1,metacontig,1592,1963,371
st_R29_M213459_S10_1,metacontig,1208,1555,347
ar_R29_M39110_S1_1,metacontig,4,314,310
st_R29_M311635_S1_2,metacontig,1,315,314
st_R29_M326199_S1_1,metacontig,11,329,318
st_R29_M128519_S1_2,metacontig,100,441,341
st_R29_M265902_S145_2,metacontig,30,292,262
st_R29_M216309_S1_1,metacontig,258,601,343
FJ462435_9,metacontig,2501,2942,441
ar_R29_M42903_S1_1,metacontig,397,921,524
st_R29_M106898_S3_1,metacontig,27,311,284
ar_R29_M41462_S1_1,metacontig,29,568,539
MH899446_2,metacontig,2928,3322,394
NC_021154_9,metacontig,2960,3339,379
st_R29_M212056_S1_1,metacontig,4,259,255
st_R29_M234171_S1_4,metacontig,34,315,281
st_R29_M212413_S1_1,metacontig,35,335,300
st_R29_M122057_S1_5,metacontig,20,277,257
fu_R29_M5715_S1_3,metacontig,17,268,251
NC_002500_1,metacontig,1489,1839,350
st_R29_M1498_S1_2,metacontig,8,303,295
st_R29_M61493_S1_6,metacontig,1457,1782,325
ar_R29_M6307_S1_6,metacontig,3,265,262
st_R29_M286761_S1_1,metacontig,12,244,232
NC_005064_3,metacontig,2805,3321,516
ma_R29_M1861_S1_1,metacontig,4,275,271
st_R29_M36488_S1_1,metacontig,14,261,247
ar_R29_M7069_S146_3,metacontig,2144,2513,369
fu_R29_M4646_S2_2,metacontig,78,461,383
st_R29_M222309_S1_4,metacontig,5,325,320
st_R29_M92459_S13_1,metacontig,40,402,362
st_R29_M182009_S1_1,metacontig,3,231,228
st_R29_M227371_S1_1,metacontig,225,578,353
st_R29_M45032_S1_1,metacontig,34,298,264
ar_R29_M17362_S1_2,metacontig,252,610,358
st_R29_M4194_S1_7,metacontig,1452,1836,384
st_R29_M242338_S1_1,metacontig,29,293,264
st_R29_M171727_S1_2,metacontig,18,258,240
st_R29_M69073_S1_4,metacontig,936,1252,316
ma_R29_M6725_S1_2,metacontig,2001,2404,403
st_R29_M2803_S1_8,metacontig,1471,1861,390
KF030870_1,metacontig,1637,1958,321
st_R29_M298523_S1_3,metacontig,6,272,266
LC522982_1,metacontig,1799,2124,325
st_R29_M450909_S1_1,metacontig,8,225,217
st_R29_M333085_S1_3,metacontig,263,611,348
MG323924_7,metacontig,1391,1756,365
st_R29_M56411_S1_7,metacontig,1464,1847,383
st_R29_M450895_S2_2,metacontig,1079,1384,305
st_R29_M123618_S1_1,metacontig,92,388,296
st_R29_M244161_S1_1,metacontig,30,301,271
st_R29_M133083_S1_2,metacontig,1595,1986,391
st_R29_M20243_S1_10,metacontig,1595,1986,391
st_R29_M176668_S1_1,metacontig,174,500,326
ar_R29_M8941_S1_3,metacontig,410,815,405
st_R29_M9633_S1_11,metacontig,23,292,269
st_R29_M243861_S1_4,metacontig,462,849,387
mm_R29_M3557_S1_5,metacontig,124,540,416
st_R29_M410240_S1_2,metacontig,35,270,235
st_R29_M425122_S1_4,metacontig,366,734,368
st_R29_M6054_S1_2,metacontig,53,445,392
st_R29_M113123_S1_3,metacontig,30,292,262
st_R29_M73735_S1_1,metacontig,491,820,329
st_R29_M7484_S1_2,metacontig,1593,1980,387
st_R29_M154014_S1_1,metacontig,1246,1629,383
st_R29_M36622_S1_6,metacontig,350,655,305
st_R29_M230455_S1_1,metacontig,96,391,295
st_R29_M29573_S1_7,metacontig,1477,1820,343
st_R29_M171260_S1_2,metacontig,6,294,288
st_R29_M400513_S1_2,metacontig,47,400,353
st_R29_M436894_S1_4,metacontig,1112,1456,344
st_R29_M237789_S1_3,metacontig,19,371,352
st_R29_M100217_S1_1,metacontig,11,314,303
st_R29_M73706_S1_2,metacontig,310,630,320
MK649770_2,metacontig,1546,1885,339
st_R29_M73701_S1_1,metacontig,84,411,327
st_R29_M126914_S1_1,metacontig,19,332,313
st_R29_M50296_S1_5,metacontig,146,530,384
fu_R29_M2576_S1_2,metacontig,15,266,251
st_R29_M219389_S1_10,metacontig,1150,1488,338
st_R29_M115342_S1_1,metacontig,21,314,293
st_R29_M229505_S17_3,metacontig,130,507,377
st_R29_M45038_S1_1,metacontig,252,581,329
ma_R29_M6637_S1_3,metacontig,25,406,381
st_R29_M291412_S1_6,metacontig,737,1120,383
st_R29_M175903_S4_2,metacontig,62,407,345
st_R29_M313725_S1_2,metacontig,1458,1805,347
st_R29_M272680_S1_5,metacontig,1637,1940,303
NC_027819_4,metacontig,2865,3345,480
st_R29_M244295_S1_1,metacontig,15,291,276
ar_R29_M30708_S1_1,metacontig,392,860,468
st_R29_M11637_S1_1,metacontig,9,270,261
st_R29_M377131_S1_2,metacontig,6,312,306
ar_R29_M37592_S1_3,metacontig,20,225,205
st_R29_M54737_S1_5,metacontig,1302,1630,328
ar_R29_M21451_S1_13,metacontig,1414,1795,381
st_R29_M273926_S1_14,metacontig,4460,4817,357
st_R29_M24496_S3_2,metacontig,61,354,293
st_R29_M370102_S1_4,metacontig,69,446,377
ar_R29_M40303_S1_7,metacontig,929,1300,371
NC_011538_8,metacontig,1332,1743,411
KU960942_1,metacontig,1455,1841,386
st_R29_M317105_S1_2,metacontig,60,322,262
st_R29_M197509_S1_4,metacontig,78,460,382
st_R29_M98456_S1_6,metacontig,1472,1858,386
st_R29_M101501_S1_1,metacontig,17,330,313
st_R29_M125140_S1_4,metacontig,927,1310,383
st_R29_M119684_S1_1,metacontig,80,412,332
st_R29_M20915_S1_1,metacontig,16,329,313
st_R29_M239857_S1_1,metacontig,15,264,249
mm_R29_M4200_S1_1,metacontig,1292,1700,408
st_R29_M21003_S1_1,metacontig,1217,1603,386
st_R29_M263807_S1_1,metacontig,13,262,249
st_R29_M63445_S1_2,metacontig,51,294,243
NC_018458_1,metacontig,1328,1645,317
st_R29_M286967_S1_3,metacontig,36,302,266
st_R29_M34744_S1_1,metacontig,16,329,313
st_R29_M331994_S1_3,metacontig,946,1332,386
st_R29_M126912_S1_1,metacontig,16,329,313
NC_024299_4,metacontig,2815,3290,475
st_R29_M149056_S1_1,metacontig,16,271,255
JN634760_1,metacontig,1464,1811,347
FJ531635_3,metacontig,1603,1955,352
ar_R29_M13402_S1_1,metacontig,85,430,345
JX501670_1,metacontig,1639,1958,319
st_R29_M118204_S1_3,metacontig,15,351,336
st_R29_M26073_S1_1,metacontig,12,294,282
st_R29_M436806_S1_1,metacontig,165,527,362
st_R29_M402089_S1_2,metacontig,143,550,407
st_R29_M142109_S1_1,metacontig,1715,2107,392
st_R29_M124416_S1_3,metacontig,1472,1804,332
st_R29_M1250_S1_1,metacontig,1400,1777,377
st_R29_M427151_S1_1,metacontig,5,253,248
st_R29_M441713_S1_1,metacontig,4358,4730,372
st_R29_M16352_S1_4,metacontig,70,427,357
st_R29_M448940_S1_1,metacontig,225,577,352
st_R29_M24568_S1_1,metacontig,16,375,359
st_R29_M276217_S1_2,metacontig,40,356,316
st_R29_M414694_S1_1,metacontig,45,406,361
NC_031916_4,metacontig,2391,2868,477
st_R29_M101493_S1_1,metacontig,17,330,313
st_R29_M277223_S1_2,metacontig,77,484,407
KX579123_1,metacontig,1469,1815,346
st_R29_M181995_S1_8,metacontig,1235,1621,386
NC_018448_1,metacontig,1622,1927,305
st_R29_M36618_S1_3,metacontig,824,1129,305
st_R29_M200498_S1_4,metacontig,67,404,337
st_R29_M318252_S1_7,metacontig,711,1087,376
st_R29_M299080_S1_1,metacontig,14,346,332
st_R29_M106614_S1_1,metacontig,137,514,377
st_R29_M407892_S1_1,metacontig,78,357,279
st_R29_M60474_S1_1,metacontig,53,362,309
st_R29_M13772_S2_1,metacontig,35,299,264
st_R29_M121851_S1_1,metacontig,16,329,313
st_R29_M322945_S1_2,metacontig,1321,1688,367
st_R29_M365929_S1_3,metacontig,16,266,250
AY941199_1,metacontig,1590,1923,333
st_R29_M34333_S1_11,metacontig,3986,4349,363
JQ395044_1,metacontig,1485,1834,349
st_R29_M29059_S1_1,metacontig,16,329,313
KY774448_2,metacontig,26,267,241
st_R29_M286968_S3_1,metacontig,41,306,265
st_R29_M381465_S1_1,metacontig,22,304,282
st_R29_M74388_S2_1,metacontig,1220,1606,386
st_R29_M234172_S1_2,metacontig,328,690,362
st_R29_M118579_S1_1,metacontig,12,317,305
st_R29_M34327_S1_7,metacontig,1203,1577,374
st_R29_M210265_S1_6,metacontig,815,1172,357
AY941198_2,metacontig,1589,1922,333
LC522995_2,metacontig,1635,1957,322
st_R29_M369822_S1_1,metacontig,23,278,255
mm_R29_M5793_S11_6,metacontig,1437,1842,405
st_R29_M420193_S1_4,metacontig,177,554,377
sp_R29_M229_S1_12,metacontig,1805,2170,365
st_R29_M111562_S1_2,metacontig,1157,1509,352
NC_028111_1,metacontig,1487,1836,349
st_R29_M44415_S1_1,metacontig,118,455,337
st_R29_M414869_S1_6,metacontig,1262,1628,366
st_R29_M195662_S1_1,metacontig,93,454,361
st_R29_M319967_S1_2,metacontig,10,246,236
st_R29_M437314_S1_2,metacontig,103,428,325
st_R29_M236101_S1_2,metacontig,627,971,344
fu_R29_M4621_S1_1,metacontig,241,638,397
st_R29_M98764_S1_1,metacontig,60,334,274
st_R29_M317167_S1_6,metacontig,24,337,313
st_R29_M358098_S1_2,metacontig,7,251,244
st_R29_M250046_S1_1,metacontig,12,324,312
st_R29_M67346_S1_2,metacontig,26,330,304
st_R29_M331388_S1_6,metacontig,114,454,340
st_R29_M351725_S1_1,metacontig,19,263,244
st_R29_M449383_S1_15,metacontig,1788,2136,348
st_R29_M28143_S1_1,metacontig,25,287,262
st_R29_M39481_S1_1,metacontig,1405,1709,304
st_R29_M176253_S1_1,metacontig,1412,1742,330
st_R29_M31338_S1_4,metacontig,482,826,344
st_R29_M366411_S1_1,metacontig,1446,1766,320
st_R29_M125466_S1_3,metacontig,28,265,237
st_R29_M145977_S4_1,metacontig,345,670,325
ar_R29_M41327_S1_2,metacontig,7,245,238
st_R29_M26081_S1_2,metacontig,35,323,288
NC_040555_3,metacontig,1610,2098,488
st_R29_M60649_S1_1,metacontig,6,253,247
ro_R29_M171_S2_1,metacontig,189,535,346
st_R29_M49371_S1_1,metacontig,27,256,229
fu_R29_M3633_S1_2,metacontig,17,287,270
am_R29_M48_S6_1,metacontig,20,371,351
st_R29_M204984_S1_3,metacontig,153,514,361
st_R29_M440629_S1_1,metacontig,152,513,361
st_R29_M244337_S1_1,metacontig,3,316,313
st_R29_M446311_S1_1,metacontig,187,510,323
st_R29_M350187_S1_1,metacontig,6,267,261
NC_019025_1,metacontig,1669,1987,318
st_R29_M210223_S1_3,metacontig,136,497,361
st_R29_M111895_S1_4,metacontig,184,545,361
ar_R29_M18042_S1_1,metacontig,57,317,260
ar_R29_M2047_S1_2,metacontig,16,505,489
st_R29_M213459_S2_2,metacontig,1465,1812,347
st_R29_M185433_S1_3,metacontig,230,544,314
st_R29_M311639_S1_8,metacontig,154,537,383
st_R29_M18128_S1_2,metacontig,2,286,284
KR919820_1,metacontig,2842,3391,549
st_R29_M230505_S1_1,metacontig,45,280,235
st_R29_M354464_S2_1,metacontig,219,545,326
fu_R29_M3424_S1_6,metacontig,1433,1795,362
st_R29_M420173_S1_3,metacontig,192,553,361
st_R29_M37861_S1_1,metacontig,30,375,345
st_R29_M112649_S1_1,metacontig,34,298,264
st_R29_M273898_S1_4,metacontig,176,558,382
st_R29_M82667_S2_3,metacontig,199,560,361
st_R29_M401930_S1_1,metacontig,112,455,343
st_R29_M303875_S1_1,metacontig,420,838,418
ma_R29_M187_S1_1,metacontig,15,350,335
st_R29_M152412_S1_3,metacontig,10,390,380
st_R29_M420196_S1_3,metacontig,156,517,361
st_R29_M181941_S1_2,metacontig,15,266,251
st_R29_M388922_S1_1,metacontig,4183,4548,365
st_R29_M85106_S1_1,metacontig,212,573,361
st_R29_M336209_S1_1,metacontig,45,292,247
st_R29_M245204_S1_1,metacontig,206,535,329
st_R29_M109198_S1_1,metacontig,1592,1959,367
ch_R29_M32_S1_1,metacontig,138,521,383
st_R29_M29562_S1_5,metacontig,1464,1847,383
ar_R29_M16026_S1_5,metacontig,7,235,228
st_R29_M259759_S1_1,metacontig,747,1108,361
st_R29_M389734_S1_1,metacontig,3750,4120,370
st_R29_M379753_S1_4,metacontig,405,750,345
st_R29_M407795_S1_11,metacontig,520,859,339
st_R29_M44944_S1_1,metacontig,1295,1646,351
st_R29_M212183_S1_4,metacontig,1224,1563,339
st_R29_M430274_S2_1,metacontig,68,433,365
st_R29_M44289_S1_2,metacontig,5,291,286
st_R29_M288653_S1_6,metacontig,57,372,315
st_R29_M420203_S52_4,metacontig,212,573,361
st_R29_M34733_S1_1,metacontig,283,606,323
st_R29_M238372_S1_1,metacontig,4342,4704,362
NC_029088_1,metacontig,1604,1925,321
st_R29_M47580_S1_13,metacontig,4806,5166,360
ar_R29_M28812_S1_1,metacontig,661,966,305
MK279478_1,metacontig,4724,5047,323
st_R29_M297173_S1_4,metacontig,128,474,346
st_R29_M272654_S1_2,metacontig,1635,1940,305
st_R29_M109209_S1_1,metacontig,1592,1961,369
st_R29_M395023_S1_3,metacontig,16,301,285
st_R29_M351705_S1_11,metacontig,711,1071,360
st_R29_M409557_S14_2,metacontig,38,324,286
st_R29_M36627_S1_4,metacontig,347,649,302
st_R29_M333126_S1_7,metacontig,1160,1491,331
st_R29_M113131_S1_1,metacontig,49,398,349
st_R29_M286968_S1_5,metacontig,1796,2123,327
st_R29_M49082_S1_1,metacontig,37,311,274
ma_R29_M2581_S1_1,metacontig,121,603,482
st_R29_M35406_S1_3,metacontig,65,318,253
st_R29_M420175_S1_1,metacontig,271,633,362
mm_R29_M1388_S1_6,metacontig,33,384,351
st_R29_M300661_S36_2,metacontig,22,308,286
st_R29_M359881_S4_5,metacontig,759,1192,433
st_R29_M424973_S1_1,metacontig,10,305,295
st_R29_M323003_S1_1,metacontig,8,236,228
ma_R29_M5726_S1_11,metacontig,2604,2949,345
st_R29_M34314_S1_1,metacontig,217,688,471
ar_R29_M7579_S18_1,metacontig,779,1212,433
ar_R29_M21588_S3_1,metacontig,17,204,187
st_R29_M212172_S1_3,metacontig,276,636,360
fu_R29_M984_S4_1,metacontig,1476,1820,344
ar_R29_M38482_S1_2,metacontig,1796,2482,686
st_R29_M351651_S1_3,metacontig,743,1112,369
st_R29_M407796_S1_4,metacontig,1111,1452,341
st_R29_M333091_S1_6,metacontig,1476,1787,311
st_R29_M106287_S1_1,metacontig,26,319,293
st_R29_M245061_S1_4,metacontig,406,787,381
st_R29_M101241_S1_3,metacontig,423,735,312
st_R29_M243875_S1_1,metacontig,22,342,320
st_R29_M355378_S1_1,metacontig,1214,1540,326
st_R29_M425089_S1_1,metacontig,15,371,356
st_R29_M407788_S1_6,metacontig,15,300,285
MH778148_6,metacontig,6732,7370,638
st_R29_M54220_S1_7,metacontig,1563,1892,329
NC_038433_13,metacontig,2672,3034,362
st_R29_M299077_S1_3,metacontig,290,651,361
st_R29_M297550_S1_18,metacontig,4104,4467,363
st_R29_M313968_S1_1,metacontig,1219,1557,338
fu_R29_M4646_S1_15,metacontig,78,461,383
st_R29_M36677_S1_2,metacontig,14,295,281
st_R29_M366419_S1_6,metacontig,1443,1764,321
GU903012_1,metacontig,1268,1645,377
st_R29_M121623_S1_4,metacontig,21,304,283
MH094752_1,metacontig,3438,3827,389
st_R29_M445971_S1_2,metacontig,1458,1805,347
st_R29_M259120_S1_1,metacontig,28,378,350
st_R29_M272682_S1_2,metacontig,1641,1945,304
ar_R29_M40266_S2_1,metacontig,8,324,316
st_R29_M314929_S1_1,metacontig,384,745,361
st_R29_M132319_S1_1,metacontig,34,341,307
st_R29_M97037_S1_3,metacontig,94,421,327
st_R29_M252941_S1_2,metacontig,28,341,313
st_R29_M166918_S1_9,metacontig,226,568,342
st_R29_M408407_S1_1,metacontig,103,452,349
st_R29_M95573_S2_10,metacontig,60,409,349
st_R29_M451240_S1_3,metacontig,138,489,351
st_R29_M407263_S1_1,metacontig,68,331,263
KC935956_3,metacontig,1430,1800,370
st_R29_M438238_S1_2,metacontig,6,287,281
st_R29_M50279_S1_4,metacontig,1466,1843,377
st_R29_M397153_S1_1,metacontig,35,300,265
NC_015395_2,metacontig,1279,1634,355
st_R29_M339889_S1_8,metacontig,2,213,211
st_R29_M358097_S1_6,metacontig,632,963,331
st_R29_M441753_S1_1,metacontig,321,682,361
NC_016080_1,metacontig,1533,1886,353
st_R29_M265902_S106_4,metacontig,10,264,254
st_R29_M121609_S1_1,metacontig,32,260,228
st_R29_M230585_S1_3,metacontig,4357,4719,362
st_R29_M23090_S1_9,metacontig,52,511,459
st_R29_M120165_S1_2,metacontig,8,239,231
fu_R29_M1841_S6_1,metacontig,54,449,395
st_R29_M111807_S1_2,metacontig,147,459,312
st_R29_M58083_S1_1,metacontig,1627,1931,304
MN553040_3,metacontig,1753,2078,325
st_R29_M354815_S1_2,metacontig,115,423,308
st_R29_M317220_S1_6,metacontig,14,266,252
mm_R29_M5404_S1_2,metacontig,20,322,302
st_R29_M209718_S1_1,metacontig,79,428,349
st_R29_M297357_S2_16,metacontig,122,476,354
ar_R29_M7579_S4_2,metacontig,1053,1486,433
fu_R29_M1481_S1_2,metacontig,4,353,349
st_R29_M399746_S1_3,metacontig,10,342,332
st_R29_M365762_S1_1,metacontig,58,369,311
st_R29_M85526_S1_3,metacontig,332,693,361
st_R29_M176720_S1_1,metacontig,42,313,271
st_R29_M76821_S1_2,metacontig,1636,1940,304
fi_R29_M558_S1_2,metacontig,829,1227,398
st_R29_M41572_S1_2,metacontig,30,342,312
st_R29_M449330_S1_1,metacontig,83,417,334
st_R29_M92459_S6_4,metacontig,715,1077,362
NC_019493_1,metacontig,3597,3980,383
ar_R29_M13760_S1_4,metacontig,377,671,294
st_R29_M102523_S1_3,metacontig,18,284,266
st_R29_M98577_S1_2,metacontig,10,297,287
JF915746_3,metacontig,1308,1654,346
st_R29_M146683_S1_2,metacontig,43,292,249
st_R29_M111805_S1_1,metacontig,192,502,310
st_R29_M177079_S1_1,metacontig,20,373,353
st_R29_M222257_S1_2,metacontig,407,772,365
st_R29_M65554_S1_1,metacontig,1623,1948,325
ma_R29_M455_S1_2,metacontig,814,1129,315
st_R29_M101686_S1_5,metacontig,524,893,369
st_R29_M208504_S1_1,metacontig,168,476,308
st_R29_M294237_S1_2,metacontig,4,216,212
st_R29_M221481_S1_4,metacontig,1536,1882,346
st_R29_M145964_S1_2,metacontig,190,515,325
st_R29_M95449_S1_1,metacontig,1341,1658,317
LM999967_1,metacontig,1786,2099,313
st_R29_M1529_S1_1,metacontig,384,703,319
LC521323_5,metacontig,1833,2065,232
st_R29_M436983_S1_3,metacontig,207,543,336
st_R29_M92925_S1_1,metacontig,1,235,234
st_R29_M185428_S1_5,metacontig,1105,1430,325
st_R29_M39593_S2_7,metacontig,10,253,243
st_R29_M129076_S1_1,metacontig,467,791,324
st_R29_M294730_S1_2,metacontig,16,270,254
st_R29_M111251_S1_6,metacontig,738,1101,363
st_R29_M145978_S1_1,metacontig,1451,1780,329
st_R29_M176247_S1_1,metacontig,92,480,388
st_R29_M173896_S1_1,metacontig,356,768,412
sp_R29_M18_S1_2,metacontig,2068,2444,376
fu_R29_M4522_S1_6,metacontig,326,669,343
st_R29_M153991_S1_1,metacontig,39,270,231
fu_R29_M1311_S1_1,metacontig,36,273,237
ar_R29_M4429_S1_5,metacontig,377,852,475
st_R29_M10826_S1_1,metacontig,5,381,376
st_R29_M408951_S1_3,metacontig,5,350,345
st_R29_M51866_S1_1,metacontig,5,253,248
st_R29_M350217_S1_1,metacontig,116,388,272
st_R29_M312110_S1_1,metacontig,23,385,362
st_R29_M226461_S1_9,metacontig,17,310,293
st_R29_M71944_S1_5,metacontig,571,915,344
st_R29_M215614_S1_4,metacontig,1342,1708,366
st_R29_M347060_S2_1,metacontig,71,381,310
NC_013006_3,metacontig,1603,1956,353
st_R29_M15019_S1_1,metacontig,51,282,231
fu_R29_M907_S5_7,metacontig,1761,2119,358
st_R29_M314589_S1_1,metacontig,52,365,313
st_R29_M25630_S1_2,metacontig,15,245,230
mm_R29_M6022_S1_3,metacontig,1663,2104,441
st_R29_M353936_S1_1,metacontig,811,1124,313
st_R29_M441062_S1_1,metacontig,18,306,288
NC_021851_4,metacontig,1348,1715,367
st_R29_M177756_S1_2,metacontig,1451,1776,325
st_R29_M395770_S1_2,metacontig,18,296,278
ma_R29_M6481_S1_6,metacontig,883,1226,343
st_R29_M208534_S1_3,metacontig,107,419,312
st_R29_M10849_S1_4,metacontig,1450,1843,393
st_R29_M83993_S1_1,metacontig,716,1087,371
st_R29_M34866_S1_5,metacontig,414,777,363
ar_R29_M23957_S1_3,metacontig,59,256,197
ar_R29_M2807_S1_2,metacontig,4,371,367
KU508673_2,metacontig,1437,1799,362
st_R29_M449261_S1_2,metacontig,65,318,253
st_R29_M395280_S1_10,metacontig,4382,4703,321
st_R29_M299117_S1_1,metacontig,10,289,279
NC_038504_4,metacontig,1227,1560,333
st_R29_M4255_S1_1,metacontig,1345,1668,323
st_R29_M110273_S1_6,metacontig,10,273,263
st_R29_M293495_S1_1,metacontig,29,326,297
st_R29_M352755_S1_4,metacontig,1432,1795,363
st_R29_M400477_S1_1,metacontig,442,759,317
st_R29_M101932_S1_4,metacontig,1975,2320,345
st_R29_M272912_S1_6,metacontig,590,941,351
D11127_1,metacontig,324,680,356
st_R29_M299111_S1_1,metacontig,203,548,345
sa_R29_M2852_S1_2,metacontig,95,536,441
st_R29_M10442_S1_6,metacontig,9,256,247
st_R29_M366418_S1_3,metacontig,1473,1797,324
st_R29_M447790_S1_2,metacontig,322,681,359
st_R29_M20501_S1_1,metacontig,8,256,248
mm_R29_M3900_S1_2,metacontig,742,1136,394
st_R29_M286195_S1_2,metacontig,16,275,259
st_R29_M145955_S1_1,metacontig,128,453,325
st_R29_M237787_S1_1,metacontig,53,414,361
st_R29_M303659_S1_2,metacontig,125,457,332
st_R29_M173531_S1_1,metacontig,425,748,323
fu_R29_M5741_S1_1,metacontig,1762,2120,358
JQ308190_4,metacontig,2834,3309,475
st_R29_M112515_S1_1,metacontig,36,301,265
st_R29_M370158_S14_3,metacontig,1194,1527,333
st_R29_M149052_S1_1,metacontig,72,342,270
NC_027631_11,metacontig,1353,1716,363
st_R29_M401931_S1_5,metacontig,1273,1643,370
MF693403_7,metacontig,3372,3710,338
st_R29_M118368_S1_7,metacontig,589,963,374
ar_R29_M4612_S1_3,metacontig,363,838,475
fi_R29_M960_S1_4,metacontig,8,307,299
st_R29_M27533_S1_2,metacontig,13,233,220
st_R29_M96718_S1_4,metacontig,387,749,362
st_R29_M311557_S1_4,metacontig,108,464,356
st_R29_M322891_S1_4,metacontig,30,386,356
st_R29_M172069_S1_1,metacontig,53,410,357
ar_R29_M35140_S1_1,metacontig,37,411,374
st_R29_M37851_S1_2,metacontig,31,392,361
st_R29_M4255_S2_1,metacontig,922,1245,323
st_R29_M145916_S1_4,metacontig,14,363,349
st_R29_M141071_S1_4,metacontig,5,320,315
st_R29_M317182_S1_1,metacontig,8,243,235
st_R29_M176253_S4_1,metacontig,1262,1611,349
st_R29_M62995_S1_1,metacontig,7,251,244
st_R29_M359881_S1_1,metacontig,1799,2232,433
st_R29_M314250_S1_1,metacontig,18,267,249
st_R29_M380189_S1_1,metacontig,140,472,332
MH158659_2,metacontig,1751,2100,349
st_R29_M145974_S1_1,metacontig,597,922,325
fu_R29_M1841_S2_3,metacontig,251,646,395
st_R29_M208499_S1_7,metacontig,185,493,308
st_R29_M401947_S1_5,metacontig,1306,1660,354
MN944023_2,metacontig,1759,2105,346
st_R29_M128232_S1_1,metacontig,16,297,281
am_R29_M339_S1_11,metacontig,3016,3412,396
st_R29_M238972_S1_1,metacontig,312,662,350
st_R29_M160516_S1_1,metacontig,58,422,364
st_R29_M10566_S1_1,metacontig,15,264,249
st_R29_M312003_S1_1,metacontig,92,417,325
st_R29_M354474_S1_1,metacontig,164,488,324
st_R29_M303641_S19_2,metacontig,156,488,332
st_R29_M137736_S1_2,metacontig,257,626,369
st_R29_M311110_S1_3,metacontig,169,482,313
st_R29_M322902_S1_16,metacontig,1288,1642,354
st_R29_M39490_S1_3,metacontig,145,451,306
ar_R29_M14853_S1_6,metacontig,73,461,388
sa_R29_M793_S1_3,metacontig,118,412,294
st_R29_M18179_S1_3,metacontig,646,994,348
st_R29_M259825_S1_6,metacontig,1,249,248
st_R29_M82697_S1_2,metacontig,265,615,350
st_R29_M67504_S1_3,metacontig,101,433,332
st_R29_M354832_S1_3,metacontig,45,353,308
st_R29_M22465_S1_1,metacontig,11,248,237
st_R29_M380183_S1_1,metacontig,193,525,332
st_R29_M8315_S1_2,metacontig,2,368,366
st_R29_M96719_S1_2,metacontig,29,389,360
ar_R29_M41741_S1_2,metacontig,379,814,435
st_R29_M359644_S1_1,metacontig,126,448,322
fu_R29_M349_S1_3,metacontig,21,285,264
fu_R29_M2765_S1_1,metacontig,261,623,362
st_R29_M175764_S1_4,metacontig,1302,1630,328
st_R29_M34643_S1_1,metacontig,299,644,345
st_R29_M353924_S1_1,metacontig,1315,1627,312
st_R29_M54619_S1_1,metacontig,37,388,351
st_R29_M209868_S1_1,metacontig,57,365,308
fu_R29_M4586_S1_2,metacontig,719,1118,399
JQ287663_3,metacontig,2842,3323,481
st_R29_M259756_S1_5,metacontig,751,1095,344
st_R29_M314829_S1_1,metacontig,223,559,336
st_R29_M380940_S1_1,metacontig,69,381,312
st_R29_M26109_S1_1,metacontig,88,449,361
NC_035118_3,metacontig,2796,3269,473
st_R29_M3819_S1_3,metacontig,41,383,342
st_R29_M181246_S1_1,metacontig,14,227,213
st_R29_M182319_S1_3,metacontig,7,318,311
st_R29_M160541_S1_2,metacontig,23,279,256
st_R29_M312006_S1_1,metacontig,214,546,332
st_R29_M299081_S1_1,metacontig,15,348,333
st_R29_M263776_S1_1,metacontig,235,580,345
st_R29_M245209_S8_1,metacontig,39,369,330
st_R29_M303641_S2_2,metacontig,274,601,327
st_R29_M66951_S1_2,metacontig,176,526,350
st_R29_M370105_S1_1,metacontig,178,491,313
MH681991_1,metacontig,1308,1652,344
st_R29_M354824_S1_1,metacontig,272,580,308
fu_R29_M2413_S1_2,metacontig,80,484,404
fu_R29_M2413_S9_4,metacontig,80,484,404
MT028514_1,metacontig,1674,2022,348
st_R29_M165237_S1_6,metacontig,51,359,308
ar_R29_M30517_S1_1,metacontig,2704,3180,476
st_R29_M420203_S32_4,metacontig,1297,1658,361
st_R29_M68009_S3_2,metacontig,306,613,307
ar_R29_M7579_S5_1,metacontig,2155,2588,433
MN022352_1,metacontig,1325,1648,323
ar_R29_M7579_S3_3,metacontig,2184,2617,433
NC_040616_1,metacontig,1281,1643,362
NC_020470_7,metacontig,1418,1785,367
st_R29_M410114_S1_3,metacontig,575,895,320
st_R29_M420203_S40_1,metacontig,1283,1644,361
st_R29_M365125_S1_1,metacontig,722,1045,323
NC_012135_1,metacontig,369,711,342
st_R29_M113141_S1_1,metacontig,181,453,272
MK473881_11,metacontig,1958,2386,428
st_R29_M400976_S1_1,metacontig,1328,1661,333
st_R29_M323747_S1_2,metacontig,29,374,345
st_R29_M370154_S1_3,metacontig,117,447,330
st_R29_M354831_S1_1,metacontig,96,404,308
st_R29_M209879_S1_1,metacontig,90,400,310
KU854931_3,metacontig,1158,1526,368
st_R29_M350512_S2_2,metacontig,60,310,250
st_R29_M237795_S1_1,metacontig,18,375,357
st_R29_M73709_S1_1,metacontig,2,230,228
st_R29_M406056_S1_3,metacontig,4,355,351
st_R29_M420203_S4_5,metacontig,1448,1809,361
st_R29_M343237_S1_1,metacontig,408,756,348
BK011156_1,metacontig,1444,1805,361
st_R29_M29160_S9_2,metacontig,65,322,257
ma_R29_M4162_S1_3,metacontig,305,635,330
st_R29_M61512_S1_8,metacontig,783,1139,356
st_R29_M170085_S1_1,metacontig,10,251,241
st_R29_M354823_S1_1,metacontig,370,681,311
MH674183_1,metacontig,1750,2099,349
st_R29_M373896_S1_2,metacontig,18,366,348
st_R29_M209720_S1_1,metacontig,153,465,312
ma_R29_M518_S1_1,metacontig,11,309,298
st_R29_M330992_S1_2,metacontig,308,660,352
MF960828_7,metacontig,243,449,206
st_R29_M414869_S11_2,metacontig,16,369,353
st_R29_M44420_S1_1,metacontig,260,583,323
st_R29_M370158_S17_2,metacontig,160,493,333
fu_R29_M1753_S1_3,metacontig,171,488,317
st_R29_M272661_S1_6,metacontig,1639,1943,304
st_R29_M265506_S1_2,metacontig,269,593,324
st_R29_M90253_S1_1,metacontig,78,388,310
ro_R29_M140_S1_1,metacontig,28,269,241
st_R29_M145977_S2_2,metacontig,1324,1648,324
st_R29_M65448_S1_2,metacontig,385,734,349
st_R29_M236221_S1_2,metacontig,13,247,234
ar_R29_M27451_S11_3,metacontig,5,259,254
MK410048_4,metacontig,1310,1634,324
st_R29_M153745_S1_1,metacontig,80,388,308
MK473878_3,metacontig,1768,2198,430
AY594199_4,metacontig,1316,1639,323
st_R29_M101247_S1_1,metacontig,15,240,225
st_R29_M185422_S4_4,metacontig,715,1040,325
st_R29_M450788_S1_3,metacontig,3,323,320
st_R29_M64220_S1_3,metacontig,37,300,263
MK192406_2,metacontig,1237,1566,329
MG195287_1,metacontig,1751,2100,349
st_R29_M14668_S1_3,metacontig,373,681,308
st_R29_M125867_S1_1,metacontig,270,661,391
NC_003820_2,metacontig,886,1259,373
st_R29_M209893_S1_2,metacontig,65,373,308
st_R29_M57857_S1_1,metacontig,12,237,225
st_R29_M6277_S1_1,metacontig,12,237,225
fu_R29_M964_S1_2,metacontig,135,541,406
st_R29_M57854_S1_1,metacontig,10,230,220
st_R29_M213370_S1_7,metacontig,738,1088,350
st_R29_M209726_S1_1,metacontig,61,369,308
st_R29_M319336_S1_2,metacontig,8,345,337
fu_R29_M1841_S1_1,metacontig,717,1111,394
st_R29_M212649_S1_1,metacontig,1308,1651,343
MT269789_1,metacontig,1283,1652,369
JX173276_2,metacontig,1269,1628,359
st_R29_M303638_S1_2,metacontig,178,508,330
st_R29_M425758_S1_2,metacontig,17,228,211
MH674174_2,metacontig,1751,2100,349
st_R29_M66285_S1_3,metacontig,20,295,275
st_R29_M76750_S1_1,metacontig,95,406,311
st_R29_M125826_S1_2,metacontig,15,348,333
ar_R29_M31042_S2_1,metacontig,6,339,333
st_R29_M277227_S1_3,metacontig,62,399,337
JN427015_1,metacontig,1301,1624,323
st_R29_M420199_S1_2,metacontig,10,230,220
MK473877_8,metacontig,1699,2162,463
fu_R29_M800_S2_4,metacontig,48,319,271
AB369688_3,metacontig,1305,1623,318
st_R29_M354803_S1_3,metacontig,350,662,312
st_R29_M354828_S1_1,metacontig,34,342,308
st_R29_M290698_S1_2,metacontig,713,1087,374
st_R29_M412383_S1_1,metacontig,14,309,295
st_R29_M106040_S1_1,metacontig,11,236,225
NC_040645_7,metacontig,2767,3256,489
al_R29_M826_S1_2,metacontig,164,431,267
st_R29_M112010_S1_6,metacontig,43,391,348
st_R29_M185436_S3_4,metacontig,1485,1809,324
st_R29_M289314_S1_2,metacontig,1215,1609,394
st_R29_M114272_S1_2,metacontig,748,1128,380
st_R29_M355505_S5_1,metacontig,469,814,345
st_R29_M229505_S16_2,metacontig,344,702,358
NC_011539_6,metacontig,1371,1711,340
st_R29_M347060_S1_4,metacontig,1253,1563,310
AB056720_1,metacontig,882,1259,377
st_R29_M65684_S1_2,metacontig,66,453,387
NC_040797_2,metacontig,1423,1783,360
st_R29_M102573_S1_5,metacontig,216,614,398
st_R29_M111806_S1_2,metacontig,107,415,308
st_R29_M298175_S1_1,metacontig,40,348,308
st_R29_M272599_S1_2,metacontig,634,1028,394
st_R29_M175744_S9_3,metacontig,371,694,323
st_R29_M288640_S1_11,metacontig,1699,2014,315
st_R29_M51337_S1_5,metacontig,1130,1450,320
MH827524_4,metacontig,2802,3277,475
KC181923_3,metacontig,2802,3293,491
st_R29_M272678_S1_2,metacontig,1645,1950,305
st_R29_M430595_S1_1,metacontig,729,1132,403
st_R29_M153746_S1_2,metacontig,368,681,313
ma_R29_M4830_S1_5,metacontig,1284,1628,344
st_R29_M208528_S1_2,metacontig,1299,1607,308
st_R29_M7410_S1_1,metacontig,2,228,226
st_R29_M102087_S1_2,metacontig,1432,1795,363
st_R29_M128050_S5_2,metacontig,15,265,250
st_R29_M82393_S2_8,metacontig,63,273,210
st_R29_M208555_S1_1,metacontig,1298,1610,312
st_R29_M414675_S1_2,metacontig,500,841,341
st_R29_M263702_S1_1,metacontig,638,1068,430
st_R29_M430274_S1_14,metacontig,1581,1946,365
MH674182_1,metacontig,1751,2100,349
st_R29_M373715_S1_20,metacontig,141,498,357
st_R29_M445215_S1_1,metacontig,32,340,308
MH388492_1,metacontig,1751,2099,348
st_R29_M381002_S1_9,metacontig,142,497,355
st_R29_M60475_S1_4,metacontig,80,389,309
st_R29_M154229_S1_3,metacontig,164,525,361
st_R29_M258300_S1_4,metacontig,72,431,359
fu_R29_M2413_S8_4,metacontig,79,484,405
st_R29_M363959_S1_2,metacontig,1313,1660,347
st_R29_M39591_S1_3,metacontig,197,559,362
st_R29_M151515_S1_11,metacontig,1699,2013,314
st_R29_M354834_S1_3,metacontig,165,473,308
st_R29_M153222_S1_4,metacontig,722,1008,286
st_R29_M209891_S1_1,metacontig,231,539,308
st_R29_M216617_S1_1,metacontig,420,853,433
st_R29_M420203_S58_2,metacontig,65,427,362
st_R29_M257166_S1_1,metacontig,511,879,368
st_R29_M56574_S4_8,metacontig,584,929,345
st_R29_M29513_S43_3,metacontig,15,239,224
mm_R29_M7989_S1_1,metacontig,56,309,253
st_R29_M351711_S1_2,metacontig,24,304,280
st_R29_M222300_S1_2,metacontig,73,429,356
st_R29_M351606_S1_1,metacontig,278,666,388
KU356189_4,metacontig,1313,1636,323
st_R29_M405888_S1_5,metacontig,342,698,356
st_R29_M14671_S1_2,metacontig,79,392,313
st_R29_M237794_S1_3,metacontig,120,435,315
st_R29_M63060_S1_3,metacontig,141,503,362
LC467961_1,metacontig,1411,1719,308
st_R29_M23705_S1_2,metacontig,1593,1985,392
NC_015220_1,metacontig,1447,1808,361
st_R29_M366443_S1_3,metacontig,23,280,257
st_R29_M309571_S1_6,metacontig,3,223,220
st_R29_M208556_S1_1,metacontig,1298,1610,312
NC_030290_3,metacontig,2865,3347,482
st_R29_M240546_S1_2,metacontig,175,528,353
st_R29_M106675_S1_1,metacontig,110,469,359
st_R29_M274578_S1_4,metacontig,1255,1615,360
LC500285_3,metacontig,4782,5141,359
KR350470_2,metacontig,926,1305,379
st_R29_M165677_S1_3,metacontig,26,321,295
fu_R29_M3779_S1_19,metacontig,1976,2343,367
st_R29_M265517_S1_4,metacontig,83,408,325
st_R29_M24968_S1_3,metacontig,74,321,247
st_R29_M252953_S1_8,metacontig,1305,1617,312
st_R29_M188891_S1_2,metacontig,370,826,456
mm_R29_M8128_S1_1,metacontig,574,1039,465
st_R29_M57174_S1_2,metacontig,184,492,308
st_R29_M53243_S1_2,metacontig,66,450,384
st_R29_M265518_S1_2,metacontig,258,569,311
st_R29_M195906_S1_1,metacontig,341,714,373
BK011999_1,metacontig,1454,1779,325
st_R29_M196399_S1_1,metacontig,6,305,299
fi_R29_M982_S1_10,metacontig,875,1273,398
st_R29_M119686_S1_6,metacontig,1161,1491,330
st_R29_M445266_S1_8,metacontig,732,1040,308
MH182704_1,metacontig,1751,2099,348
al_R29_M169_S1_6,metacontig,3928,4238,310
al_R29_M575_S2_1,metacontig,124,463,339
st_R29_M357177_S1_1,metacontig,13,320,307
st_R29_M1532_S1_2,metacontig,126,488,362
st_R29_M49418_S1_2,metacontig,31,339,308
AB074915_3,metacontig,1308,1631,323
st_R29_M125816_S1_1,metacontig,151,513,362
st_R29_M219362_S1_7,metacontig,722,1165,443
ar_R29_M23090_S1_1,metacontig,424,836,412
st_R29_M354814_S1_4,metacontig,1,308,307
MT496831_1,metacontig,2041,2430,389
st_R29_M298169_S1_4,metacontig,130,438,308
st_R29_M95452_S1_1,metacontig,101,413,312
LC549186_3,metacontig,1232,1564,332
st_R29_M52897_S1_2,metacontig,1464,1804,340
st_R29_M335891_S1_4,metacontig,261,594,333
st_R29_M35795_S1_6,metacontig,712,1097,385
st_R29_M176735_S1_1,metacontig,151,510,359
MK387176_2,metacontig,824,1144,320
st_R29_M185422_S1_1,metacontig,1454,1779,325
st_R29_M257163_S1_1,metacontig,704,1072,368
st_R29_M54738_S1_5,metacontig,165,524,359
mm_R29_M4222_S1_1,metacontig,1,223,222
st_R29_M195660_S1_4,metacontig,1240,1571,331
AB437317_4,metacontig,1311,1632,321
st_R29_M361975_S1_6,metacontig,591,980,389
AB253420_3,metacontig,1305,1628,323
st_R29_M139629_S1_3,metacontig,5,206,201
st_R29_M291588_S1_1,metacontig,212,523,311
st_R29_M245210_S1_2,metacontig,3,194,191
NC_007609_5,metacontig,1302,1674,372
MH388490_1,metacontig,1750,2101,351
st_R29_M414662_S1_5,metacontig,248,556,308
st_R29_M47716_S1_1,metacontig,86,377,291
st_R29_M266114_S1_10,metacontig,1351,1688,337
st_R29_M145982_S1_1,metacontig,1456,1778,322
st_R29_M117722_S1_8,metacontig,1159,1482,323
st_R29_M436700_S1_1,metacontig,724,1032,308
ar_R29_M1609_S2_7,metacontig,65,467,402
st_R29_M392790_S1_23,metacontig,1380,1728,348
AB220978_3,metacontig,1313,1636,323
st_R29_M354825_S1_4,metacontig,112,420,308
LC260517_3,metacontig,1308,1632,324
st_R29_M76451_S1_11,metacontig,5,254,249
ar_R29_M24873_S1_1,metacontig,405,876,471
st_R29_M143405_S1_1,metacontig,25,387,362
MG601754_5,metacontig,2857,3366,509
st_R29_M277183_S1_2,metacontig,61,394,333
st_R29_M400977_S1_7,metacontig,896,1227,331
st_R29_M354795_S1_6,metacontig,1305,1617,312
st_R29_M298167_S2_1,metacontig,71,379,308
LC602141_10,metacontig,2877,3158,281
NC_001513_5,metacontig,1338,1692,354
ar_R29_M19854_S2_2,metacontig,29,387,358
st_R29_M209900_S1_1,metacontig,18,325,307
st_R29_M289928_S1_2,metacontig,55,368,313
LC549662_3,metacontig,811,1127,316
st_R29_M209093_S1_1,metacontig,23,327,304
st_R29_M50843_S1_5,metacontig,1074,1427,353
st_R29_M82688_S1_1,metacontig,1751,2100,349
st_R29_M56574_S6_1,metacontig,908,1251,343
st_R29_M420203_S59_2,metacontig,224,586,362
st_R29_M90252_S1_4,metacontig,70,387,317
FJ610232_4,metacontig,1313,1636,323
st_R29_M173528_S1_4,metacontig,1325,1651,326
st_R29_M238971_S1_3,metacontig,268,565,297
st_R29_M81583_S1_1,metacontig,8,228,220
st_R29_M213211_S1_7,metacontig,1542,1893,351
MN025504_6,metacontig,1230,1586,356
st_R29_M57153_S1_1,metacontig,25,342,317
st_R29_M329412_S21_1,metacontig,166,488,322
MH061382_1,metacontig,1751,2099,348
st_R29_M127623_S1_1,metacontig,724,1100,376
AB220971_5,metacontig,1313,1636,323
NC_011537_8,metacontig,1333,1679,346
st_R29_M258320_S1_10,metacontig,59,372,313
st_R29_M427241_S1_1,metacontig,255,614,359
st_R29_M46242_S1_1,metacontig,3,210,207
st_R29_M445212_S1_5,metacontig,981,1293,312
st_R29_M318239_S1_2,metacontig,5,350,345
st_R29_M253039_S1_1,metacontig,22,339,317
st_R29_M380943_S1_5,metacontig,1298,1610,312
st_R29_M391944_S1_2,metacontig,714,1083,369
AB847308_3,metacontig,1225,1558,333
sa_R29_M2087_S1_8,metacontig,33,268,235
MH822863_3,metacontig,1278,1622,344
st_R29_M5999_S1_2,metacontig,65,492,427
MN100128_7,metacontig,1311,1685,374
st_R29_M56730_S1_1,metacontig,288,574,286
MH898468_2,metacontig,1128,1458,330
ma_R29_M3129_S1_4,metacontig,1285,1629,344
st_R29_M71676_S1_1,metacontig,5,253,248
st_R29_M270282_S1_1,metacontig,344,674,330
st_R29_M370158_S20_3,metacontig,192,525,333
st_R29_M77453_S1_8,metacontig,1319,1627,308
st_R29_M379448_S1_3,metacontig,129,489,360
st_R29_M175744_S5_4,metacontig,961,1283,322
st_R29_M174484_S1_3,metacontig,10,256,246
ar_R29_M42649_S1_15,metacontig,1358,1710,352
st_R29_M303641_S1_1,metacontig,1142,1473,331
KY780957_5,metacontig,1308,1632,324
NC_011559_2,metacontig,1318,1662,344
st_R29_M370158_S1_2,metacontig,1224,1555,331
st_R29_M86488_S1_1,metacontig,160,530,370
st_R29_M354802_S1_1,metacontig,690,1001,311
st_R29_M6964_S1_1,metacontig,14,202,188
st_R29_M354818_S1_1,metacontig,302,610,308
KJ940970_5,metacontig,1348,1707,359
st_R29_M220249_S1_1,metacontig,1302,1610,308
st_R29_M48364_S1_10,metacontig,1762,2110,348
st_R29_M427140_S1_4,metacontig,197,561,364
JF262780_4,metacontig,2858,3368,510
st_R29_M10943_S1_1,metacontig,105,448,343
st_R29_M171729_S1_2,metacontig,461,769,308
st_R29_M354792_S1_2,metacontig,1040,1348,308
AB856243_5,metacontig,1314,1635,321
st_R29_M205035_S1_1,metacontig,238,561,323
st_R29_M118439_S1_4,metacontig,848,1225,377
st_R29_M394710_S1_1,metacontig,9,240,231
st_R29_M175744_S8_4,metacontig,1071,1393,322
sp_R29_M673_S1_11,metacontig,1098,1468,370
st_R29_M50844_S1_11,metacontig,1101,1451,350
st_R29_M15044_S1_5,metacontig,171,543,372
st_R29_M136588_S1_4,metacontig,114,448,334
st_R29_M65518_S1_4,metacontig,89,425,336
st_R29_M204844_S1_3,metacontig,357,691,334
st_R29_M354809_S1_10,metacontig,1302,1610,308
st_R29_M100205_S3_2,metacontig,26,311,285
st_R29_M339868_S1_1,metacontig,238,560,322
MH674169_1,metacontig,1751,2099,348
st_R29_M408413_S1_1,metacontig,578,886,308
st_R29_M359642_S1_6,metacontig,1305,1626,321
st_R29_M208497_S1_2,metacontig,1298,1610,312
st_R29_M451239_S1_1,metacontig,1128,1478,350
st_R29_M216270_S1_4,metacontig,268,624,356
sa_R29_M1742_S1_6,metacontig,553,827,274
MH248020_1,metacontig,1308,1652,344
st_R29_M87894_S1_1,metacontig,4,211,207
st_R29_M50848_S1_1,metacontig,72,426,354
st_R29_M321023_S1_2,metacontig,44,287,243
MH674176_1,metacontig,1751,2099,348
st_R29_M374344_S2_3,metacontig,805,1117,312
MF444043_3,metacontig,1304,1628,324
st_R29_M97042_S1_3,metacontig,609,917,308
ma_R29_M6059_S1_1,metacontig,63,381,318
st_R29_M202026_S1_3,metacontig,645,995,350
st_R29_M215618_S1_9,metacontig,348,659,311
st_R29_M90024_S1_3,metacontig,169,536,367
st_R29_M354811_S1_2,metacontig,1077,1387,310
st_R29_M354826_S1_1,metacontig,807,1118,311
st_R29_M407748_S1_5,metacontig,98,491,393
st_R29_M19467_S1_5,metacontig,588,936,348
ar_R29_M31482_S1_4,metacontig,10,331,321
st_R29_M411462_S1_1,metacontig,710,1055,345
st_R29_M77444_S1_9,metacontig,746,1058,312
st_R29_M216689_S1_7,metacontig,1312,1636,324
st_R29_M369783_S1_1,metacontig,175,502,327
st_R29_M265650_S1_3,metacontig,389,762,373
st_R29_M66127_S1_1,metacontig,496,804,308
LC436449_3,metacontig,1310,1633,323
st_R29_M364362_S1_6,metacontig,22,367,345
ma_R29_M4382_S1_3,metacontig,169,506,337
st_R29_M427219_S1_4,metacontig,720,1079,359
LC387632_3,metacontig,1312,1635,323
st_R29_M300284_S1_1,metacontig,91,365,274
st_R29_M445210_S1_2,metacontig,1312,1624,312
MH674179_1,metacontig,1751,2099,348
st_R29_M234204_S4_2,metacontig,5,235,230
mm_R29_M1525_S3_2,metacontig,140,538,398
st_R29_M50840_S1_1,metacontig,1394,1747,353
st_R29_M25853_S1_1,metacontig,24,250,226
MF444110_3,metacontig,1308,1632,324
st_R29_M72391_S1_2,metacontig,6,217,211
st_R29_M236377_S1_1,metacontig,292,605,313
st_R29_M175744_S7_5,metacontig,320,643,323
st_R29_M250590_S1_1,metacontig,28,380,352
ar_R29_M31785_S1_8,metacontig,2149,2502,353
st_R29_M436700_S3_1,metacontig,10,310,300
KJ507956_5,metacontig,1303,1627,324
ro_R29_M11_S1_1,metacontig,295,704,409
st_R29_M234210_S1_2,metacontig,1308,1641,333
st_R29_M176253_S3_5,metacontig,1412,1781,369
st_R29_M176651_S1_2,metacontig,4,247,243
st_R29_M436720_S1_7,metacontig,1315,1627,312
st_R29_M445262_S1_10,metacontig,1299,1607,308
KC692453_4,metacontig,1312,1635,323
KX981911_4,metacontig,1315,1635,320
st_R29_M119610_S1_5,metacontig,1290,1610,320
st_R29_M60820_S1_4,metacontig,226,559,333
JQ953664_3,metacontig,1308,1632,324
st_R29_M264183_S1_3,metacontig,831,1142,311
st_R29_M381427_S1_2,metacontig,538,885,347
st_R29_M437527_S1_1,metacontig,1276,1584,308
KY436898_4,metacontig,1324,1649,325
MT241505_1,metacontig,1305,1646,341
st_R29_M272893_S2_1,metacontig,378,705,327
AP014908_1,metacontig,3848,4230,382
st_R29_M265520_S1_2,metacontig,85,396,311
st_R29_M1537_S1_2,metacontig,55,416,361
st_R29_M445219_S1_2,metacontig,38,346,308
st_R29_M245209_S1_2,metacontig,1316,1646,330
st_R29_M355526_S1_11,metacontig,312,669,357
ar_R29_M37251_S4_1,metacontig,1,203,202
st_R29_M190649_S1_2,metacontig,89,554,465
ar_R29_M29852_S1_4,metacontig,399,858,459
NC_021069_4,metacontig,2802,3277,475
st_R29_M354790_S1_2,metacontig,689,1001,312
st_R29_M110126_S1_7,metacontig,1344,1722,378
ar_R29_M29852_S2_2,metacontig,19,444,425
st_R29_M257184_S1_1,metacontig,738,1104,366
AB220974_5,metacontig,1313,1636,323
AB740232_6,metacontig,1308,1632,324
st_R29_M233677_S1_6,metacontig,1263,1615,352
st_R29_M88581_S1_1,metacontig,1914,2299,385
st_R29_M281464_S1_3,metacontig,749,1118,369
st_R29_M21005_S2_2,metacontig,22,346,324
st_R29_M73634_S1_2,metacontig,697,1090,393
mm_R29_M3543_S1_7,metacontig,1083,1495,412
st_R29_M50841_S1_2,metacontig,1389,1739,350
st_R29_M97559_S1_3,metacontig,64,437,373
LC545471_4,metacontig,1313,1633,320
MK782911_1,metacontig,1407,1715,308
st_R29_M145950_S1_5,metacontig,748,1075,327
NC_012671_6,metacontig,2877,3277,400
st_R29_M245411_S8_4,metacontig,101,445,344
st_R29_M324384_S1_9,metacontig,733,1091,358
st_R29_M127621_S1_3,metacontig,657,1057,400
st_R29_M82115_S1_1,metacontig,6,232,226
st_R29_M94229_S1_2,metacontig,15,248,233
st_R29_M238961_S1_2,metacontig,79,344,265
ar_R29_M37376_S1_2,metacontig,59,354,295
st_R29_M25642_S1_3,metacontig,7,219,212
ar_R29_M35104_S1_1,metacontig,404,881,477
st_R29_M178606_S1_2,metacontig,8,296,288
NC_004363_1,metacontig,361,772,411
st_R29_M446032_S2_1,metacontig,159,499,340
st_R29_M44414_S1_1,metacontig,52,353,301
st_R29_M47341_S1_1,metacontig,4,253,249
st_R29_M34569_S1_2,metacontig,178,540,362
LC107517_4,metacontig,993,1343,350
st_R29_M310277_S1_2,metacontig,242,604,362
MK782910_1,metacontig,1411,1719,308
st_R29_M299136_S1_1,metacontig,1315,1627,312
st_R29_M229506_S1_2,metacontig,1267,1575,308
st_R29_M352020_S1_10,metacontig,1466,1813,347
st_R29_M81725_S1_2,metacontig,17,206,189
st_R29_M312084_S1_5,metacontig,755,1144,389
sa_R29_M1090_S1_4,metacontig,306,678,372
st_R29_M204851_S1_3,metacontig,359,692,333
st_R29_M369792_S1_1,metacontig,95,416,321
st_R29_M208531_S1_3,metacontig,553,861,308
st_R29_M173527_S1_1,metacontig,1315,1643,328
fu_R29_M4484_S1_1,metacontig,634,1083,449
st_R29_M67505_S1_2,metacontig,14,334,320
st_R29_M113157_S1_1,metacontig,2,208,206
st_R29_M195687_S1_1,metacontig,65,339,274
st_R29_M117793_S1_2,metacontig,1303,1650,347
st_R29_M370158_S18_4,metacontig,542,874,332
st_R29_M96463_S1_3,metacontig,46,378,332
MK192409_5,metacontig,1255,1583,328
st_R29_M145972_S1_1,metacontig,1451,1775,324
st_R29_M77443_S1_9,metacontig,1319,1631,312
st_R29_M395282_S1_2,metacontig,1316,1624,308
st_R29_M319981_S1_1,metacontig,5,211,206
st_R29_M272582_S1_5,metacontig,1180,1505,325
st_R29_M375557_S1_3,metacontig,151,477,326
st_R29_M212201_S1_1,metacontig,1358,1682,324
ma_R29_M5851_S1_1,metacontig,1286,1630,344
st_R29_M86840_S1_9,metacontig,1302,1610,308
st_R29_M417041_S1_1,metacontig,20,361,341
st_R29_M50839_S1_4,metacontig,409,762,353
st_R29_M263786_S1_4,metacontig,46,423,377
st_R29_M401942_S1_2,metacontig,41,314,273
st_R29_M208557_S1_1,metacontig,995,1303,308
MF959765_4,metacontig,1307,1631,324
st_R29_M50849_S1_5,metacontig,1182,1562,380
st_R29_M170323_S1_7,metacontig,285,651,366
MK192407_3,metacontig,1267,1586,319
NC_021153_7,metacontig,2226,2622,396
KT581445_4,metacontig,1309,1655,346
MH674168_1,metacontig,1755,2105,350
AY244516_1,metacontig,1315,1623,308
st_R29_M114481_S1_2,metacontig,41,459,418
st_R29_M34575_S1_3,metacontig,1123,1529,406
st_R29_M82385_S1_4,metacontig,1298,1607,309
BK011150_1,metacontig,1440,1801,361
am_R29_M333_S1_8,metacontig,343,700,357
LC521322_1,metacontig,3740,4100,360
st_R29_M118536_S1_9,metacontig,196,555,359
MK050105_5,metacontig,1227,1600,373
AB108537_3,metacontig,1307,1630,323
st_R29_M1165_S1_4,metacontig,168,519,351
JQ679014_5,metacontig,1313,1637,324
fi_R29_M1519_S1_1,metacontig,3,281,278
st_R29_M215914_S1_8,metacontig,760,1124,364
MH674171_1,metacontig,1751,2099,348
st_R29_M204980_S1_1,metacontig,48,360,312
JQ679013_7,metacontig,1370,1694,324
NC_040554_1,metacontig,1316,1666,350
ar_R29_M5101_S1_3,metacontig,707,1072,365
st_R29_M242331_S1_6,metacontig,1315,1642,327
st_R29_M274209_S1_5,metacontig,259,612,353
FJ998008_3,metacontig,1300,1624,324
st_R29_M208523_S1_1,metacontig,1081,1389,308
st_R29_M420203_S56_2,metacontig,257,619,362
AY115488_4,metacontig,1320,1660,340
MH674181_1,metacontig,1751,2101,350
st_R29_M105200_S1_3,metacontig,215,587,372
st_R29_M95603_S1_2,metacontig,53,351,298
st_R29_M21195_S1_2,metacontig,15,263,248
st_R29_M353228_S2_2,metacontig,9,288,279
KJ013415_3,metacontig,1323,1647,324
ar_R29_M14599_S1_1,metacontig,65,454,389
FJ527832_5,metacontig,1302,1631,329
st_R29_M91186_S1_2,metacontig,259,614,355
LC515236_2,metacontig,926,1305,379
mm_R29_M3792_S1_4,metacontig,2476,2914,438
ar_R29_M11512_S1_1,metacontig,446,837,391
MF979533_1,metacontig,1302,1610,308
KJ496143_5,metacontig,1308,1631,323
mm_R29_M6397_S1_3,metacontig,2681,3037,356
al_R29_M160_S1_3,metacontig,5,168,163
st_R29_M395060_S1_3,metacontig,115,384,269
st_R29_M82137_S1_3,metacontig,54,279,225
st_R29_M229524_S1_4,metacontig,18,368,350
mm_R29_M6756_S1_1,metacontig,2221,2553,332
st_R29_M362673_S1_8,metacontig,305,635,330
MK279476_1,metacontig,4289,4605,316
st_R29_M71884_S1_3,metacontig,1001,1375,374
al_R29_M575_S1_3,metacontig,2170,2508,338
st_R29_M408404_S1_1,metacontig,1316,1624,308
JX559641_1,metacontig,1319,1627,308
st_R29_M310275_S1_7,metacontig,914,1222,308
st_R29_M209669_S1_1,metacontig,1,196,195
MN646694_2,metacontig,1350,1674,324
st_R29_M37773_S2_2,metacontig,1668,2028,360
st_R29_M81418_S2_1,metacontig,1,264,263
GU206559_2,metacontig,1313,1636,323
MH504145_4,metacontig,1309,1656,347
st_R29_M37977_S1_3,metacontig,465,818,353
ar_R29_M27487_S1_4,metacontig,115,473,358
st_R29_M122087_S1_3,metacontig,1590,1919,329
AY723745_5,metacontig,1313,1636,323
st_R29_M96518_S1_1,metacontig,1391,1747,356
ar_R29_M43477_S1_1,metacontig,1240,1861,621
fu_R29_M5464_S1_8,metacontig,714,1077,363
st_R29_M312084_S3_3,metacontig,96,482,386
st_R29_M266623_S1_1,metacontig,711,1017,306
st_R29_M336270_S1_1,metacontig,408,889,481
st_R29_M333526_S1_14,metacontig,52,434,382
st_R29_M34704_S4_8,metacontig,751,1109,358
st_R29_M309557_S1_4,metacontig,17,340,323
st_R29_M407873_S1_3,metacontig,459,824,365
st_R29_M35446_S1_1,metacontig,81,353,272
NC_003794_1,metacontig,926,1305,379
MH504129_3,metacontig,1308,1632,324
st_R29_M369786_S1_1,metacontig,334,663,329
MH504153_4,metacontig,1307,1653,346
st_R29_M92459_S14_2,metacontig,325,622,297
st_R29_M369773_S2_1,metacontig,163,480,317
ar_R29_M11423_S1_5,metacontig,1350,1703,353
KY766999_5,metacontig,1300,1624,324
st_R29_M171451_S1_2,metacontig,16,314,298
NC_038430_5,metacontig,2495,2843,348
st_R29_M298167_S1_1,metacontig,421,729,308
BK011124_2,metacontig,1435,1796,361
st_R29_M339944_S1_2,metacontig,146,434,288
st_R29_M286924_S1_1,metacontig,39,323,284
KM516906_2,metacontig,1225,1558,333
st_R29_M95451_S1_7,metacontig,692,1002,310
mm_R29_M4868_S1_1,metacontig,83,426,343
st_R29_M10243_S1_1,metacontig,1316,1624,308
st_R29_M259776_S1_2,metacontig,498,910,412
mm_R29_M7266_S1_1,metacontig,7,291,284
st_R29_M363552_S1_3,metacontig,75,412,337
ar_R29_M11643_S1_6,metacontig,1269,1639,370
st_R29_M106412_S1_4,metacontig,101,467,366
st_R29_M152315_S1_1,metacontig,107,451,344
st_R29_M309565_S1_4,metacontig,9,354,345
st_R29_M208506_S1_1,metacontig,187,460,273
st_R29_M58598_S1_5,metacontig,719,1027,308
st_R29_M353935_S1_2,metacontig,40,248,208
st_R29_M59601_S1_3,metacontig,60,306,246
st_R29_M6000_S1_5,metacontig,67,436,369
st_R29_M441172_S1_1,metacontig,2,248,246
st_R29_M34567_S1_2,metacontig,1276,1633,357
st_R29_M165220_S1_1,metacontig,1319,1627,308
st_R29_M400410_S1_5,metacontig,133,475,342
st_R29_M34704_S75_11,metacontig,766,1126,360
st_R29_M259893_S1_7,metacontig,1319,1627,308
mm_R29_M5124_S1_1,metacontig,36,239,203
AB291960_4,metacontig,1308,1632,324
st_R29_M186598_S1_4,metacontig,1204,1605,401
KR350471_1,metacontig,926,1305,379
st_R29_M56574_S2_7,metacontig,1308,1652,344
JQ582840_1,metacontig,2833,3316,483
KC618403_3,metacontig,1370,1694,324
st_R29_M122010_S1_2,metacontig,2,213,211
st_R29_M34574_S1_3,metacontig,1246,1652,406
ar_R29_M15959_S1_1,metacontig,66,386,320
st_R29_M323593_S1_1,metacontig,72,366,294
st_R29_M401699_S1_1,metacontig,50,477,427
st_R29_M370566_S1_6,metacontig,726,1126,400
MF444131_4,metacontig,1301,1625,324
fu_R29_M3586_S1_2,metacontig,48,315,267
KT633715_3,metacontig,1308,1632,324
KY496200_4,metacontig,1323,1646,323
JN167538_4,metacontig,1228,1558,330
st_R29_M272893_S1_1,metacontig,1299,1625,326
st_R29_M119807_S1_1,metacontig,1765,2100,335
ar_R29_M10242_S2_3,metacontig,21,265,244
MH450022_5,metacontig,1315,1639,324
st_R29_M115707_S1_4,metacontig,514,915,401
AB073912_5,metacontig,1308,1632,324
DQ855084_1,metacontig,1302,1610,308
st_R29_M153532_S1_1,metacontig,11,410,399
MH184584_4,metacontig,1308,1652,344
MG783571_4,metacontig,1297,1621,324
DQ855087_1,metacontig,1299,1607,308
ma_R29_M2106_S1_1,metacontig,11,327,316
st_R29_M382827_S1_2,metacontig,168,523,355
st_R29_M90436_S1_10,metacontig,360,718,358
NC_009087_2,metacontig,1684,2036,352
st_R29_M16048_S1_3,metacontig,81,434,353
AB847306_3,metacontig,1235,1565,330
st_R29_M257179_S1_1,metacontig,87,473,386
st_R29_M329412_S22_1,metacontig,114,436,322
st_R29_M208533_S2_6,metacontig,325,687,362
ar_R29_M28008_S1_8,metacontig,1703,2074,371
st_R29_M370155_S1_4,metacontig,102,424,322
st_R29_M28536_S1_3,metacontig,158,519,361
st_R29_M359643_S1_7,metacontig,1286,1620,334
sa_R29_M2190_S1_1,metacontig,1661,2048,387
ar_R29_M14937_S1_7,metacontig,1727,2355,628
st_R29_M125968_S1_11,metacontig,932,1204,272
EU676172_2,metacontig,1311,1634,323
st_R29_M352878_S1_2,metacontig,256,568,312
ar_R29_M11554_S2_11,metacontig,45,400,355
MH184581_4,metacontig,1337,1681,344
NC_034833_2,metacontig,1155,1480,325
st_R29_M416801_S1_8,metacontig,222,603,381
st_R29_M106656_S11_3,metacontig,94,436,342
MK390971_3,metacontig,1306,1607,301
fi_R29_M1598_S1_2,metacontig,744,1104,360
NC_002588_5,metacontig,1380,1750,370
NC_040609_1,metacontig,5114,5478,364
NC_003093_2,metacontig,1256,1602,346
st_R29_M306845_S1_2,metacontig,19,305,286
st_R29_M343232_S1_8,metacontig,18,318,300
st_R29_M72342_S1_1,metacontig,417,774,357
st_R29_M237508_S1_19,metacontig,1166,1516,350
st_R29_M25003_S1_1,metacontig,23,253,230
st_R29_M50845_S1_7,metacontig,1003,1356,353
KX522545_1,metacontig,1299,1620,321
st_R29_M441275_S1_1,metacontig,7,370,363
LC491285_1,metacontig,1321,1641,320
ma_R29_M4028_S1_3,metacontig,229,549,320
st_R29_M88409_S1_1,metacontig,120,389,269
st_R29_M89118_S1_1,metacontig,355,706,351
NC_038428_3,metacontig,2304,2617,313
st_R29_M97758_S1_2,metacontig,18,378,360
st_R29_M100699_S1_8,metacontig,155,517,362
st_R29_M95446_S1_5,metacontig,278,636,358
MG600417_4,metacontig,1234,1564,330
sa_R29_M2063_S1_6,metacontig,529,800,271
KT581443_5,metacontig,1306,1652,346
AB290313_5,metacontig,1309,1609,300
st_R29_M69051_S1_3,metacontig,1156,1582,426
st_R29_M18983_S1_1,metacontig,26,377,351
MF348197_1,metacontig,1810,2256,446
st_R29_M322970_S1_6,metacontig,895,1219,324
st_R29_M366430_S1_1,metacontig,12,278,266
MH824542_4,metacontig,2296,2640,344
ar_R29_M5628_S1_1,metacontig,76,553,477
st_R29_M28565_S1_1,metacontig,10,353,343
st_R29_M357210_S1_3,metacontig,508,811,303
st_R29_M25021_S1_2,metacontig,134,460,326
LC225389_4,metacontig,1236,1566,330
st_R29_M82829_S1_6,metacontig,1176,1516,340
st_R29_M234972_S1_3,metacontig,394,744,350
st_R29_M370156_S1_8,metacontig,1201,1525,324
AB290312_4,metacontig,1308,1629,321
st_R29_M409408_S1_1,metacontig,6,310,304
st_R29_M181245_S1_3,metacontig,68,354,286
NC_022894_3,metacontig,980,1322,342
EU779803_8,metacontig,1487,1833,346
st_R29_M318306_S1_2,metacontig,1167,1523,356
ar_R29_M22240_S1_8,metacontig,1282,1637,355
NC_037058_1,metacontig,1305,1645,340
st_R29_M408650_S1_4,metacontig,890,1217,327
st_R29_M96670_S1_1,metacontig,6,233,227
MN242369_6,metacontig,2321,2729,408
JX120573_2,metacontig,1223,1553,330
KJ496144_6,metacontig,1308,1631,323
st_R29_M110274_S1_4,metacontig,23,217,194
MG925333_1,metacontig,1302,1610,308
st_R29_M450895_S1_6,metacontig,13,243,230
st_R29_M96458_S1_2,metacontig,1166,1497,331
st_R29_M117632_S1_6,metacontig,216,578,362
st_R29_M420177_S1_3,metacontig,43,404,361
KJ690172_5,metacontig,1390,1754,364
st_R29_M375562_S1_11,metacontig,1194,1518,324
st_R29_M119628_S1_3,metacontig,249,674,425
st_R29_M400440_S1_5,metacontig,70,367,297
st_R29_M361757_S1_1,metacontig,1316,1624,308
AB847307_4,metacontig,1223,1553,330
st_R29_M375562_S2_2,metacontig,968,1292,324
st_R29_M446032_S1_1,metacontig,1134,1474,340
st_R29_M425664_S1_2,metacontig,46,393,347
st_R29_M126695_S1_1,metacontig,8,352,344
st_R29_M220252_S1_2,metacontig,98,460,362
KT447527_4,metacontig,1311,1656,345
st_R29_M127625_S1_1,metacontig,466,852,386
AF455784_3,metacontig,1303,1620,317
ar_R29_M11060_S1_1,metacontig,408,858,450
st_R29_M299284_S1_4,metacontig,878,1219,341
NC_004119_1,metacontig,2853,3328,475
MT090966_1,metacontig,1348,1724,376
st_R29_M272901_S1_7,metacontig,1308,1621,313
st_R29_M336271_S1_2,metacontig,187,621,434
ar_R29_M40059_S1_2,metacontig,382,849,467
MH784952_6,metacontig,1395,1762,367
NC_034007_1,metacontig,2820,3306,486
MF444058_3,metacontig,1333,1679,346
st_R29_M322958_S1_10,metacontig,333,681,348
st_R29_M105219_S1_2,metacontig,20,375,355
st_R29_M139668_S1_8,metacontig,207,566,359
st_R29_M28531_S1_7,metacontig,145,501,356
ar_R29_M41314_S1_6,metacontig,573,949,376
ar_R29_M118_S1_2,metacontig,11,356,345
st_R29_M227364_S1_6,metacontig,932,1282,350
st_R29_M381608_S1_7,metacontig,471,871,400
ar_R29_M35431_S1_3,metacontig,90,396,306
am_R29_M320_S1_14,metacontig,1471,1841,370
st_R29_M264734_S1_1,metacontig,488,792,304
MN974276_10,metacontig,1501,1871,370
st_R29_M286929_S1_7,metacontig,50,408,358
KX387865_4,metacontig,1309,1626,317
st_R29_M125902_S1_1,metacontig,2,234,232
NC_003650_3,metacontig,275,619,344
JN998607_3,metacontig,1193,1523,330
LR777866_3,metacontig,1316,1640,324
st_R29_M55301_S1_14,metacontig,639,997,358
st_R29_M3990_S1_7,metacontig,753,1124,371
st_R29_M63062_S1_11,metacontig,277,638,361
ma_R29_M3016_S1_1,metacontig,708,1034,326
st_R29_M248310_S1_1,metacontig,645,1072,427
MH504149_4,metacontig,1307,1654,347
ar_R29_M33851_S1_25,metacontig,5758,6379,621
st_R29_M46567_S1_1,metacontig,15,213,198
AB550788_7,metacontig,1354,1696,342
st_R29_M82419_S1_11,metacontig,316,674,358
MH824541_3,metacontig,2268,2610,342
MK192405_4,metacontig,1232,1561,329
st_R29_M23453_S1_1,metacontig,502,899,397
st_R29_M419734_S1_4,metacontig,14,298,284
AB248520_4,metacontig,1322,1668,346
st_R29_M369800_S1_2,metacontig,57,379,322
st_R29_M427194_S1_7,metacontig,754,1109,355
st_R29_M409168_S1_1,metacontig,1232,1562,330
st_R29_M39725_S1_4,metacontig,726,1081,355
KF752593_2,metacontig,1188,1584,396
st_R29_M243630_S1_3,metacontig,37,305,268
LC549184_3,metacontig,1236,1566,330
st_R29_M130641_S2_8,metacontig,893,1251,358
st_R29_M245411_S1_2,metacontig,1675,2018,343
st_R29_M58671_S1_6,metacontig,454,814,360
ma_R29_M6206_S1_1,metacontig,208,617,409
MH579716_3,metacontig,1178,1549,371
st_R29_M426041_S1_3,metacontig,160,573,413
st_R29_M260259_S1_4,metacontig,710,1075,365
MH108986_3,metacontig,1183,1515,332
st_R29_M15510_S1_1,metacontig,14,267,253
st_R29_M209728_S1_3,metacontig,15,441,426
st_R29_M291402_S1_2,metacontig,58,324,266
st_R29_M229520_S1_2,metacontig,291,649,358
LC549185_4,metacontig,1223,1553,330
st_R29_M173671_S1_5,metacontig,1424,1747,323
st_R29_M380946_S1_8,metacontig,665,1089,424
st_R29_M205034_S1_2,metacontig,568,891,323
st_R29_M420200_S1_12,metacontig,311,669,358
LC335818_1,metacontig,899,1263,364
LC225388_3,metacontig,1236,1566,330
st_R29_M125842_S1_1,metacontig,68,416,348
st_R29_M48366_S1_6,metacontig,393,748,355
MK982553_2,metacontig,1299,1607,308
st_R29_M8308_S2_11,metacontig,202,560,358
st_R29_M396346_S1_6,metacontig,1166,1498,332
ar_R29_M8228_S1_1,metacontig,161,535,374
st_R29_M4475_S1_1,metacontig,1030,1305,275
MK089848_3,metacontig,1309,1655,346
ar_R29_M6304_S1_1,metacontig,169,546,377
st_R29_M369773_S1_4,metacontig,622,939,317
ar_R29_M13457_S1_4,metacontig,19,371,352
st_R29_M313846_S1_7,metacontig,71,426,355
st_R29_M66248_S1_3,metacontig,30,243,213
st_R29_M130641_S1_7,metacontig,1100,1458,358
st_R29_M34704_S59_7,metacontig,736,1072,336
st_R29_M152523_S1_2,metacontig,142,487,345
st_R29_M369795_S1_7,metacontig,1303,1624,321
st_R29_M222297_S1_2,metacontig,116,447,331
MH504146_4,metacontig,1309,1655,346
st_R29_M1540_S1_2,metacontig,26,387,361
st_R29_M96475_S1_2,metacontig,1166,1498,332
st_R29_M167193_S1_3,metacontig,38,385,347
EU723512_5,metacontig,1310,1655,345
FJ906895_4,metacontig,1326,1647,321
st_R29_M313617_S1_3,metacontig,232,501,269
FJ906896_4,metacontig,1325,1642,317
MH504147_5,metacontig,1303,1603,300
st_R29_M195613_S1_1,metacontig,104,434,330
st_R29_M119587_S1_4,metacontig,222,570,348
st_R29_M112291_S1_2,metacontig,991,1371,380
st_R29_M237792_S1_8,metacontig,412,764,352
st_R29_M245414_S1_4,metacontig,93,440,347
MF444091_4,metacontig,1311,1612,301
st_R29_M207583_S1_5,metacontig,223,581,358
ma_R29_M3357_S1_13,metacontig,1391,1715,324
st_R29_M441276_S1_15,metacontig,884,1263,379
st_R29_M124242_S1_5,metacontig,1185,1603,418
st_R29_M420188_S1_1,metacontig,50,312,262
st_R29_M17568_S1_5,metacontig,694,1120,426
st_R29_M100778_S1_1,metacontig,13,214,201
st_R29_M31320_S1_4,metacontig,19,260,241
MK050795_2,metacontig,1295,1584,289
st_R29_M182341_S1_9,metacontig,760,1043,283
st_R29_M24940_S1_1,metacontig,286,665,379
MH504148_2,metacontig,1307,1630,323
ar_R29_M19854_S1_9,metacontig,1366,1719,353
st_R29_M329412_S1_12,metacontig,600,922,322
ar_R29_M19567_S1_2,metacontig,18,239,221
mm_R29_M1525_S1_2,metacontig,2667,3045,378
MW410934_2,metacontig,183,545,362
MH504140_4,metacontig,1309,1655,346
ar_R29_M7069_S829_4,metacontig,837,1264,427
st_R29_M14863_S1_2,metacontig,922,1316,394
st_R29_M41687_S9_2,metacontig,31,264,233
st_R29_M65548_S1_1,metacontig,17,265,248
AY230202_4,metacontig,1299,1645,346
st_R29_M8302_S1_3,metacontig,66,423,357
MF444075_4,metacontig,1309,1610,301
EU360977_4,metacontig,1310,1611,301
st_R29_M369797_S1_1,metacontig,1295,1624,329
st_R29_M220251_S1_5,metacontig,74,442,368
JN167537_4,metacontig,1228,1558,330
NC_013133_2,metacontig,1566,1812,246
st_R29_M106656_S3_6,metacontig,1346,1686,340
st_R29_M208938_S1_2,metacontig,28,255,227
AB248522_2,metacontig,1309,1655,346
st_R29_M317280_S1_5,metacontig,2073,2472,399
st_R29_M7453_S1_4,metacontig,103,464,361
st_R29_M99892_S1_1,metacontig,13,268,255
JX565469_3,metacontig,1327,1650,323
st_R29_M293518_S1_5,metacontig,316,663,347
st_R29_M244155_S1_5,metacontig,707,1099,392
ar_R29_M6880_S1_1,metacontig,77,447,370
st_R29_M96682_S1_3,metacontig,281,650,369
MK936045_1,metacontig,1256,1568,312
st_R29_M111550_S2_6,metacontig,223,583,360
st_R29_M204864_S1_17,metacontig,1076,1437,361
MN248736_3,metacontig,1431,1773,342
st_R29_M6313_S1_4,metacontig,540,899,359
st_R29_M369780_S1_8,metacontig,1304,1621,317
st_R29_M82136_S1_6,metacontig,792,1159,367
st_R29_M55680_S1_6,metacontig,939,1299,360
st_R29_M336344_S1_4,metacontig,95,451,356
st_R29_M27483_S1_11,metacontig,562,920,358
st_R29_M97860_S1_2,metacontig,1319,1675,356
st_R29_M314607_S1_1,metacontig,21,389,368
st_R29_M77442_S1_6,metacontig,1531,1958,427
ar_R29_M26058_S1_1,metacontig,2,287,285
st_R29_M367472_S1_1,metacontig,229,561,332
GU937805_3,metacontig,1323,1647,324
fu_R29_M4609_S1_1,metacontig,99,469,370
MH504142_3,metacontig,1307,1608,301
st_R29_M272892_S1_1,metacontig,1297,1622,325
LC535077_4,metacontig,1325,1670,345
fu_R29_M2985_S1_1,metacontig,728,1087,359
st_R29_M239831_S1_1,metacontig,615,887,272
st_R29_M254669_S1_1,metacontig,77,410,333
st_R29_M289672_S1_6,metacontig,63,349,286
st_R29_M112306_S1_1,metacontig,231,650,419
st_R29_M74349_S1_3,metacontig,8,356,348
st_R29_M208719_S1_2,metacontig,163,510,347
st_R29_M135563_S1_1,metacontig,22,359,337
st_R29_M339761_S1_2,metacontig,89,420,331
st_R29_M445209_S1_1,metacontig,1316,1624,308
st_R29_M195688_S1_12,metacontig,1499,1855,356
st_R29_M310282_S1_6,metacontig,75,338,263
ar_R29_M31517_S1_1,metacontig,533,849,316
st_R29_M27854_S1_1,metacontig,1,212,211
st_R29_M91185_S1_6,metacontig,1407,1729,322
st_R29_M426403_S1_2,metacontig,15,311,296
st_R29_M286923_S1_12,metacontig,1494,1855,361
st_R29_M236515_S1_1,metacontig,214,546,332
st_R29_M54669_S1_1,metacontig,8,233,225
MH577297_1,metacontig,4384,4730,346
st_R29_M26141_S1_2,metacontig,403,871,468
st_R29_M185887_S2_15,metacontig,30,377,347
st_R29_M86191_S1_1,metacontig,77,335,258
MN646689_3,metacontig,1360,1660,300
ar_R29_M17834_S4_2,metacontig,24,412,388
st_R29_M126788_S1_1,metacontig,404,791,387
st_R29_M119613_S1_4,metacontig,36,390,354
st_R29_M193057_S1_1,metacontig,711,1062,351
MK028843_4,metacontig,183,545,362
st_R29_M314828_S1_2,metacontig,1634,1974,340
MH898491_1,metacontig,1348,1705,357
st_R29_M106615_S1_1,metacontig,28,320,292
st_R29_M276880_S1_4,metacontig,713,1077,364
al_R29_M305_S1_6,metacontig,537,859,322
st_R29_M408410_S1_9,metacontig,1307,1638,331
st_R29_M374175_S1_19,metacontig,1500,1862,362
st_R29_M146672_S1_1,metacontig,197,584,387
fu_R29_M2701_S1_1,metacontig,832,1072,240
ma_R29_M1058_S1_1,metacontig,370,698,328
wh_R29_M21_S2_2,metacontig,67,456,389
st_R29_M120076_S1_4,metacontig,147,490,343
st_R29_M333414_S1_1,metacontig,58,416,358
st_R29_M329412_S2_7,metacontig,1156,1478,322
ar_R29_M10264_S1_2,metacontig,88,547,459
st_R29_M96710_S1_2,metacontig,928,1254,326
MT193475_1,metacontig,1233,1582,349
st_R29_M339887_S1_1,metacontig,204,477,273
st_R29_M350535_S1_3,metacontig,11,352,341
st_R29_M86772_S1_1,metacontig,92,422,330
MF993576_1,metacontig,1284,1618,334
st_R29_M23098_S1_3,metacontig,49,408,359
st_R29_M323129_S1_1,metacontig,321,674,353
st_R29_M440683_S12_2,metacontig,334,682,348
HG917911_2,metacontig,339,684,345
st_R29_M80021_S1_1,metacontig,6,237,231
st_R29_M28567_S1_1,metacontig,298,642,344
st_R29_M446427_S1_1,metacontig,92,484,392
fu_R29_M860_S1_12,metacontig,931,1292,361
MH918640_5,metacontig,1296,1588,292
MN242370_4,metacontig,2320,2718,398
NC_034264_1,metacontig,1301,1635,334
st_R29_M313815_S1_1,metacontig,193,501,308
st_R29_M132487_S1_1,metacontig,4,236,232
st_R29_M185887_S3_8,metacontig,245,591,346
st_R29_M181585_S1_2,metacontig,40,385,345
st_R29_M107669_S1_1,metacontig,78,336,258
MN646691_5,metacontig,1344,1666,322
am_R29_M523_S1_2,metacontig,82,422,340
st_R29_M263772_S1_2,metacontig,442,789,347
st_R29_M436722_S1_17,metacontig,1205,1629,424
st_R29_M402098_S1_6,metacontig,340,697,357
st_R29_M54116_S1_6,metacontig,3,210,207
st_R29_M8308_S1_6,metacontig,1010,1368,358
fu_R29_M2271_S1_1,metacontig,293,654,361
st_R29_M298606_S1_4,metacontig,623,971,348
st_R29_M426213_S2_1,metacontig,5,269,264
MH504144_3,metacontig,1307,1654,347
st_R29_M417066_S1_6,metacontig,599,1004,405
st_R29_M236173_S1_9,metacontig,1510,1871,361
st_R29_M348921_S1_2,metacontig,962,1481,519
KU980235_5,metacontig,1310,1610,300
NC_003604_1,metacontig,1302,1610,308
MN062427_2,metacontig,2912,3275,363
MH077559_5,metacontig,964,1357,393
HG313807_2,metacontig,1035,1413,378
st_R29_M229320_S1_3,metacontig,1185,1562,377
st_R29_M291276_S1_6,metacontig,141,463,322
st_R29_M222260_S1_1,metacontig,31,300,269
st_R29_M45846_S1_1,metacontig,205,535,330
st_R29_M119034_S1_3,metacontig,63,395,332
st_R29_M238966_S4_8,metacontig,16,213,197
NC_034205_12,metacontig,1498,1855,357
st_R29_M233696_S1_2,metacontig,9,273,264
st_R29_M374938_S1_4,metacontig,1154,1528,374
st_R29_M235710_S1_5,metacontig,7,264,257
st_R29_M181968_S1_2,metacontig,59,390,331
st_R29_M121158_S1_4,metacontig,9,207,198
st_R29_M36942_S1_6,metacontig,542,897,355
st_R29_M118339_S1_7,metacontig,526,883,357
st_R29_M405977_S1_3,metacontig,421,753,332
st_R29_M396349_S1_5,metacontig,715,1046,331
st_R29_M373858_S1_3,metacontig,6,357,351
st_R29_M407793_S1_4,metacontig,50,385,335
st_R29_M408651_S1_1,metacontig,361,631,270
mm_R29_M4402_S1_2,metacontig,2677,3030,353
st_R29_M125852_S1_6,metacontig,710,1100,390
st_R29_M220282_S1_1,metacontig,27,280,253
st_R29_M314146_S1_1,metacontig,21,238,217
JF443726_5,metacontig,1300,1592,292
st_R29_M37646_S2_4,metacontig,49,413,364
ar_R29_M24338_S1_1,metacontig,15,269,254
st_R29_M75879_S1_1,metacontig,12,339,327
st_R29_M314166_S1_4,metacontig,639,995,356
st_R29_M313834_S1_5,metacontig,51,413,362
st_R29_M142387_S1_1,metacontig,22,350,328
st_R29_M379490_S1_1,metacontig,19,357,338
st_R29_M327045_S1_2,metacontig,113,443,330
st_R29_M17611_S1_1,metacontig,368,826,458
KP294371_3,metacontig,1312,1636,324
st_R29_M209902_S1_1,metacontig,11,259,248
st_R29_M234968_S1_2,metacontig,1202,1535,333
st_R29_M354830_S1_1,metacontig,6,310,304
st_R29_M45082_S1_15,metacontig,934,1300,366
st_R29_M441400_S1_5,metacontig,1199,1530,331
st_R29_M166863_S1_10,metacontig,616,968,352
MN841298_3,metacontig,347,677,330
st_R29_M220246_S1_2,metacontig,19,274,255
st_R29_M63869_S1_4,metacontig,241,614,373
st_R29_M389197_S1_19,metacontig,1312,1652,340
st_R29_M80134_S1_2,metacontig,203,533,330
st_R29_M20164_S1_10,metacontig,364,714,350
st_R29_M102021_S1_3,metacontig,85,416,331
st_R29_M106429_S1_17,metacontig,1167,1524,357
st_R29_M67052_S1_3,metacontig,81,427,346
st_R29_M6477_S1_10,metacontig,604,961,357
st_R29_M313814_S1_7,metacontig,357,712,355
fi_R29_M1206_S1_2,metacontig,539,891,352
ar_R29_M11554_S1_8,metacontig,1463,1817,354
st_R29_M126540_S1_1,metacontig,228,537,309
st_R29_M277164_S1_1,metacontig,128,468,340
st_R29_M24496_S1_2,metacontig,48,283,235
st_R29_M12252_S5_8,metacontig,246,598,352
st_R29_M167182_S1_14,metacontig,1386,1732,346
ar_R29_M31520_S1_3,metacontig,75,435,360
st_R29_M249643_S1_3,metacontig,110,441,331
st_R29_M24327_S2_1,metacontig,35,364,329
st_R29_M333527_S1_1,metacontig,13,303,290
st_R29_M237501_S1_27,metacontig,1591,1939,348
st_R29_M353595_S1_6,metacontig,735,1124,389
st_R29_M395719_S1_3,metacontig,19,321,302
st_R29_M357181_S1_10,metacontig,36,391,355
st_R29_M39835_S1_3,metacontig,587,918,331
st_R29_M359596_S1_15,metacontig,1154,1499,345
ar_R29_M6084_S1_1,metacontig,85,415,330
st_R29_M111509_S1_4,metacontig,59,416,357
fu_R29_M4323_S1_3,metacontig,1,195,194
mm_R29_M4142_S12_1,metacontig,141,504,363
st_R29_M196865_S1_7,metacontig,1183,1515,332
NC_008251_2,metacontig,1154,1525,371
st_R29_M185839_S1_2,metacontig,154,481,327
st_R29_M1460_S1_3,metacontig,6,231,225
st_R29_M68050_S1_4,metacontig,8,357,349
st_R29_M142105_S1_1,metacontig,416,757,341
st_R29_M440657_S1_1,metacontig,46,295,249
st_R29_M111550_S1_9,metacontig,688,1047,359
st_R29_M119346_S2_8,metacontig,568,899,331
st_R29_M124631_S1_1,metacontig,714,1086,372
st_R29_M25429_S1_5,metacontig,532,890,358
st_R29_M410065_S1_1,metacontig,28,393,365
st_R29_M354848_S1_1,metacontig,644,1031,387
st_R29_M296994_S1_10,metacontig,319,744,425
st_R29_M262722_S1_8,metacontig,1303,1623,320
st_R29_M254678_S1_8,metacontig,592,923,331
st_R29_M360118_S1_3,metacontig,74,409,335
st_R29_M2390_S1_3,metacontig,28,334,306
NC_040837_2,metacontig,1358,1760,402
st_R29_M407214_S1_1,metacontig,72,403,331
ar_R29_M18233_S1_4,metacontig,28,368,340
mm_R29_M4142_S9_2,metacontig,177,540,363
st_R29_M144270_S1_4,metacontig,42,398,356
MT084807_10,metacontig,1536,1893,357
st_R29_M245197_S1_2,metacontig,59,392,333
st_R29_M7784_S1_1,metacontig,64,426,362
sa_R29_M2943_S1_4,metacontig,4,252,248
st_R29_M206779_S1_1,metacontig,5,205,200
MN564793_4,metacontig,2429,2765,336
st_R29_M34859_S1_1,metacontig,179,511,332
st_R29_M408965_S1_6,metacontig,1183,1515,332
st_R29_M426329_S1_6,metacontig,82,445,363
st_R29_M34704_S71_9,metacontig,420,777,357
st_R29_M52535_S1_5,metacontig,119,457,338
st_R29_M369796_S1_2,metacontig,260,581,321
st_R29_M31342_S1_2,metacontig,10,241,231
ar_R29_M38916_S2_4,metacontig,794,1141,347
st_R29_M65556_S1_4,metacontig,435,765,330
fu_R29_M4015_S1_3,metacontig,88,451,363
st_R29_M286919_S1_10,metacontig,21,374,353
NC_007408_4,metacontig,1216,1588,372
st_R29_M112774_S1_2,metacontig,20,239,219
st_R29_M142377_S1_1,metacontig,22,350,328
st_R29_M33157_S1_3,metacontig,682,1013,331
st_R29_M75936_S1_4,metacontig,39,395,356
st_R29_M56525_S1_3,metacontig,132,470,338
st_R29_M181969_S1_1,metacontig,54,386,332
st_R29_M339907_S1_3,metacontig,219,550,331
sa_R29_M1378_S1_1,metacontig,17,223,206
st_R29_M91971_S1_1,metacontig,1,219,218
AB602441_6,metacontig,1317,1651,334
st_R29_M82811_S1_2,metacontig,364,757,393
st_R29_M88559_S1_3,metacontig,11,400,389
st_R29_M122188_S1_6,metacontig,1545,1875,330
st_R29_M102973_S1_2,metacontig,2,199,197
st_R29_M238699_S1_1,metacontig,712,1076,364
sa_R29_M1562_S1_3,metacontig,4,254,250
st_R29_M436703_S1_3,metacontig,261,615,354
st_R29_M67485_S1_8,metacontig,1094,1452,358
st_R29_M101711_S1_10,metacontig,1170,1553,383
st_R29_M407752_S1_1,metacontig,57,358,301
st_R29_M199845_S2_6,metacontig,228,578,350
st_R29_M183650_S1_3,metacontig,15,362,347
st_R29_M124735_S1_4,metacontig,8,357,349
st_R29_M293519_S1_4,metacontig,205,580,375
NC_013447_1,metacontig,4937,5314,377
st_R29_M153836_S1_14,metacontig,730,1082,352
st_R29_M331653_S1_4,metacontig,110,396,286
MT084810_10,metacontig,788,1145,357
st_R29_M34704_S124_5,metacontig,61,418,357
st_R29_M95365_S1_4,metacontig,43,399,356
st_R29_M276235_S5_3,metacontig,327,655,328
st_R29_M109710_S1_1,metacontig,41,342,301
st_R29_M112669_S1_5,metacontig,246,607,361
st_R29_M363553_S1_6,metacontig,1141,1477,336
ma_R29_M1983_S1_2,metacontig,28,344,316
st_R29_M441084_S1_1,metacontig,44,383,339
st_R29_M389277_S1_1,metacontig,47,400,353
st_R29_M234160_S1_1,metacontig,34,262,228
MN635449_5,metacontig,2369,2721,352
st_R29_M100136_S1_10,metacontig,348,706,358
ma_R29_M6071_S1_4,metacontig,355,621,266
st_R29_M319617_S38_5,metacontig,235,592,357
st_R29_M409173_S1_2,metacontig,97,424,327
st_R29_M74979_S1_1,metacontig,43,375,332
st_R29_M354817_S1_1,metacontig,756,1084,328
MN995808_2,metacontig,1299,1643,344
st_R29_M142372_S1_1,metacontig,21,349,328
st_R29_M152560_S1_6,metacontig,760,1091,331
st_R29_M298395_S1_5,metacontig,714,1104,390
fu_R29_M3373_S1_8,metacontig,724,1101,377
MT084812_11,metacontig,1508,1862,354
st_R29_M212300_S12_2,metacontig,2,177,175
st_R29_M40787_S1_8,metacontig,1303,1624,321
st_R29_M25739_S1_1,metacontig,294,625,331
KF590567_2,metacontig,172,583,411
st_R29_M441237_S1_1,metacontig,23,349,326
AM109896_2,metacontig,1035,1408,373
st_R29_M355178_S1_2,metacontig,45,400,355
NC_002604_5,metacontig,126,433,307
st_R29_M310903_S1_1,metacontig,18,269,251
st_R29_M34479_S1_1,metacontig,99,429,330
ar_R29_M484_S2_3,metacontig,984,1347,363
KC149887_3,metacontig,172,583,411
st_R29_M124242_S3_1,metacontig,1185,1515,330
st_R29_M45847_S1_2,metacontig,33,361,328
ma_R29_M4469_S1_17,metacontig,2266,2608,342
st_R29_M36678_S1_3,metacontig,212,542,330
mm_R29_M4142_S6_1,metacontig,458,821,363
st_R29_M9942_S31_1,metacontig,868,1243,375
st_R29_M313836_S1_7,metacontig,189,543,354
st_R29_M249669_S2_4,metacontig,39,369,330
st_R29_M60746_S1_2,metacontig,119,417,298
st_R29_M315368_S1_4,metacontig,639,1060,421
st_R29_M281453_S1_5,metacontig,537,917,380
MN242372_6,metacontig,2320,2718,398
st_R29_M130649_S1_6,metacontig,57,412,355
st_R29_M165534_S2_1,metacontig,28,205,177
st_R29_M286711_S1_2,metacontig,22,350,328
st_R29_M229519_S1_2,metacontig,14,366,352
MH898525_1,metacontig,1394,1727,333
st_R29_M129716_S1_4,metacontig,64,418,354
st_R29_M210543_S2_4,metacontig,373,705,332
NC_040630_2,metacontig,1279,1613,334
st_R29_M60218_S1_2,metacontig,51,370,319
st_R29_M16991_S13_2,metacontig,466,854,388
st_R29_M4263_S3_1,metacontig,54,389,335
st_R29_M261_S1_2,metacontig,2,199,197
st_R29_M176643_S1_3,metacontig,53,385,332
MN974274_9,metacontig,1539,1897,358
ma_R29_M627_S1_3,metacontig,1045,1381,336
st_R29_M119025_S1_5,metacontig,109,439,330
st_R29_M183883_S1_2,metacontig,115,386,271
st_R29_M78494_S1_1,metacontig,25,286,261
MN974275_11,metacontig,1534,1892,358
st_R29_M142393_S1_2,metacontig,141,472,331
st_R29_M46613_S2_4,metacontig,41,394,353
st_R29_M165227_S1_9,metacontig,1507,1866,359
MN841292_2,metacontig,370,706,336
st_R29_M357209_S1_8,metacontig,207,529,322
st_R29_M122143_S1_1,metacontig,96,428,332
ar_R29_M38860_S1_1,metacontig,2,233,231
st_R29_M297172_S1_2,metacontig,7,345,338
st_R29_M34704_S123_7,metacontig,106,463,357
st_R29_M446315_S1_1,metacontig,18,350,332
st_R29_M300666_S2_16,metacontig,820,1175,355
st_R29_M245419_S2_2,metacontig,1662,2008,346
st_R29_M258071_S1_3,metacontig,35,389,354
st_R29_M354848_S2_2,metacontig,52,361,309
st_R29_M34706_S1_1,metacontig,7,283,276
st_R29_M420057_S1_3,metacontig,89,451,362
fu_R29_M1390_S1_2,metacontig,351,645,294
st_R29_M420407_S1_3,metacontig,35,389,354
st_R29_M440683_S2_10,metacontig,1624,1971,347
st_R29_M48733_S1_1,metacontig,94,363,269
st_R29_M306871_S1_1,metacontig,22,350,328
st_R29_M118994_S1_3,metacontig,1173,1503,330
st_R29_M226877_S1_2,metacontig,227,585,358
st_R29_M301386_S1_2,metacontig,4,354,350
st_R29_M374386_S1_1,metacontig,160,519,359
st_R29_M319617_S16_5,metacontig,470,827,357
st_R29_M193294_S1_1,metacontig,397,687,290
st_R29_M152374_S1_6,metacontig,44,240,196
st_R29_M122161_S1_12,metacontig,1545,1911,366
st_R29_M268520_S1_1,metacontig,655,1021,366
st_R29_M322919_S1_2,metacontig,56,394,338
st_R29_M110685_S1_3,metacontig,297,634,337
st_R29_M440683_S1_2,metacontig,1624,1971,347
st_R29_M319617_S40_6,metacontig,53,416,363
st_R29_M29134_S1_1,metacontig,299,636,337
st_R29_M131593_S1_1,metacontig,51,381,330
st_R29_M394791_S1_3,metacontig,57,399,342
st_R29_M70034_S1_4,metacontig,9,358,349
ar_R29_M2498_S152_2,metacontig,87,435,348
st_R29_M313706_S1_1,metacontig,157,334,177
MT123349_1,metacontig,1158,1528,370
st_R29_M445256_S8_4,metacontig,54,411,357
st_R29_M101712_S1_1,metacontig,275,656,381
st_R29_M353014_S1_2,metacontig,312,623,311
st_R29_M126224_S1_3,metacontig,324,661,337
st_R29_M10857_S1_5,metacontig,507,847,340
st_R29_M381734_S1_5,metacontig,91,433,342
MK959115_4,metacontig,179,542,363
st_R29_M327043_S1_2,metacontig,178,510,332
st_R29_M16341_S1_4,metacontig,80,437,357
st_R29_M80337_S1_4,metacontig,342,679,337
st_R29_M34704_S38_12,metacontig,159,516,357
mm_R29_M4142_S1_7,metacontig,4004,4367,363
st_R29_M289713_S1_1,metacontig,25,361,336
ar_R29_M20798_S1_3,metacontig,114,454,340
st_R29_M142392_S1_2,metacontig,624,956,332
st_R29_M209872_S1_1,metacontig,22,234,212
st_R29_M82789_S1_1,metacontig,737,1098,361
KC454286_2,metacontig,1142,1428,286
st_R29_M441240_S1_1,metacontig,63,393,330
st_R29_M290704_S1_3,metacontig,427,968,541
st_R29_M29513_S522_6,metacontig,5,201,196
st_R29_M95381_S1_3,metacontig,8,356,348
st_R29_M96990_S1_4,metacontig,8,356,348
st_R29_M273942_S1_1,metacontig,59,392,333
st_R29_M34764_S1_2,metacontig,9,368,359
fi_R29_M787_S1_1,metacontig,74,447,373
ar_R29_M27660_S1_5,metacontig,1925,2290,365
st_R29_M291363_S1_3,metacontig,1130,1452,322
st_R29_M166752_S1_20,metacontig,302,659,357
st_R29_M101841_S1_11,metacontig,1380,1730,350
st_R29_M389644_S1_1,metacontig,9,207,198
st_R29_M20050_S1_2,metacontig,52,384,332
st_R29_M314601_S1_2,metacontig,1108,1472,364
fu_R29_M223_S2_9,metacontig,212,563,351
st_R29_M95450_S1_12,metacontig,1314,1645,331
st_R29_M277135_S1_2,metacontig,34,390,356
ar_R29_M43308_S1_3,metacontig,7,266,259
st_R29_M136542_S1_1,metacontig,235,595,360
MK089847_4,metacontig,1310,1610,300
st_R29_M34704_S121_5,metacontig,68,425,357
KU605672_2,metacontig,1183,1515,332
st_R29_M160535_S1_3,metacontig,12,217,205
st_R29_M39030_S1_2,metacontig,304,669,365
st_R29_M314897_S1_11,metacontig,1483,1842,359
st_R29_M82638_S1_6,metacontig,205,569,364
st_R29_M357171_S1_5,metacontig,168,523,355
MH824540_3,metacontig,2268,2608,340
st_R29_M41873_S1_1,metacontig,129,448,319
ar_R29_M7069_S172_3,metacontig,1224,1611,387
st_R29_M395279_S1_2,metacontig,6,331,325
st_R29_M65703_S1_10,metacontig,859,1214,355
st_R29_M208529_S1_6,metacontig,1300,1646,346
st_R29_M23744_S1_2,metacontig,234,563,329
st_R29_M108359_S1_5,metacontig,60,420,360
st_R29_M40727_S1_1,metacontig,248,522,274
st_R29_M140830_S1_4,metacontig,722,1112,390
st_R29_M34704_S2_13,metacontig,215,572,357
st_R29_M16699_S1_23,metacontig,1508,1863,355
st_R29_M234962_S1_15,metacontig,616,968,352
st_R29_M109488_S1_3,metacontig,25,393,368
st_R29_M319617_S37_6,metacontig,214,571,357
st_R29_M445256_S2_6,metacontig,156,513,357
NC_012211_3,metacontig,1329,1713,384
MN841295_1,metacontig,335,665,330
st_R29_M185896_S1_9,metacontig,105,453,348
st_R29_M25492_S1_4,metacontig,8,355,347
st_R29_M339791_S1_2,metacontig,376,707,331
st_R29_M445256_S5_8,metacontig,217,573,356
st_R29_M303618_S1_4,metacontig,8,354,346
st_R29_M370203_S1_1,metacontig,112,444,332
st_R29_M165236_S1_13,metacontig,600,955,355
st_R29_M202409_S1_10,metacontig,21,248,227
st_R29_M11431_S1_1,metacontig,162,415,253
st_R29_M34704_S113_5,metacontig,141,498,357
MN564789_1,metacontig,2244,2514,270
ar_R29_M38126_S1_4,metacontig,993,1355,362
st_R29_M319617_S5_17,metacontig,761,1118,357
st_R29_M11747_S2_7,metacontig,148,502,354
st_R29_M17543_S1_1,metacontig,62,394,332
st_R29_M12252_S2_17,metacontig,1059,1412,353
st_R29_M74987_S1_1,metacontig,63,395,332
MT096531_2,metacontig,955,1293,338
st_R29_M290530_S1_1,metacontig,9,267,258
st_R29_M259520_S1_1,metacontig,749,1101,352
st_R29_M209890_S1_9,metacontig,704,1059,355
st_R29_M34704_S97_8,metacontig,499,854,355
st_R29_M71853_S1_6,metacontig,1180,1516,336
mm_R29_M4142_S7_1,metacontig,340,703,363
st_R29_M12252_S4_14,metacontig,787,1140,353
st_R29_M41933_S1_2,metacontig,119,495,376
st_R29_M300666_S1_8,metacontig,1449,1803,354
st_R29_M254684_S1_2,metacontig,139,469,330
st_R29_M2896_S1_1,metacontig,21,349,328
st_R29_M34551_S1_1,metacontig,67,458,391
ar_R29_M40155_S1_9,metacontig,766,1128,362
st_R29_M36895_S1_3,metacontig,370,630,260
st_R29_M17406_S1_4,metacontig,357,691,334
MT121985_2,metacontig,179,591,412
st_R29_M142413_S1_3,metacontig,151,500,349
st_R29_M63222_S1_2,metacontig,107,392,285
st_R29_M35528_S1_9,metacontig,18,354,336
KY513702_14,metacontig,1498,1855,357
st_R29_M25042_S3_4,metacontig,203,548,345
st_R29_M319617_S6_7,metacontig,729,1086,357
ar_R29_M7069_S64_6,metacontig,2124,2513,389
st_R29_M34704_S111_4,metacontig,168,525,357
st_R29_M425744_S1_2,metacontig,389,782,393
st_R29_M249999_S1_2,metacontig,258,603,345
st_R29_M10600_S1_1,metacontig,60,392,332
ar_R29_M2498_S153_2,metacontig,192,532,340
st_R29_M2973_S1_5,metacontig,764,1083,319
st_R29_M374299_S1_1,metacontig,7,238,231
st_R29_M323624_S1_1,metacontig,16,347,331
ar_R29_M16899_S1_1,metacontig,82,512,430
fi_R29_M1778_S2_1,metacontig,354,691,337
st_R29_M245419_S5_4,metacontig,38,305,267
st_R29_M374215_S1_6,metacontig,1154,1498,344
st_R29_M142397_S6_1,metacontig,83,415,332
st_R29_M199844_S1_4,metacontig,398,744,346
fu_R29_M758_S98_2,metacontig,60,444,384
st_R29_M75878_S1_1,metacontig,54,386,332
st_R29_M39741_S2_7,metacontig,1196,1526,330
st_R29_M34704_S125_5,metacontig,86,442,356
st_R29_M368382_S1_6,metacontig,955,1302,347
fu_R29_M3426_S1_1,metacontig,13,346,333
st_R29_M75169_S1_5,metacontig,1185,1516,331
st_R29_M286229_S1_11,metacontig,760,1104,344
ar_R29_M7069_S526_1,metacontig,1582,1940,358
mm_R29_M4876_S1_1,metacontig,190,393,203
ar_R29_M22610_S5_4,metacontig,47,436,389
st_R29_M226400_S1_1,metacontig,231,561,330
st_R29_M126395_S1_7,metacontig,115,496,381
st_R29_M296970_S1_3,metacontig,708,1077,369
st_R29_M306850_S1_3,metacontig,692,1064,372
st_R29_M245419_S4_4,metacontig,38,309,271
st_R29_M229507_S1_6,metacontig,261,615,354
st_R29_M10596_S1_1,metacontig,135,467,332
st_R29_M60411_S1_2,metacontig,121,443,322
st_R29_M301377_S1_5,metacontig,856,1210,354
st_R29_M286937_S1_6,metacontig,760,1117,357
st_R29_M147540_S1_2,metacontig,51,348,297
st_R29_M24432_S1_6,metacontig,538,892,354
st_R29_M436892_S1_2,metacontig,214,580,366
st_R29_M314933_S1_2,metacontig,26,342,316
st_R29_M28516_S1_5,metacontig,13,265,252
st_R29_M83167_S1_8,metacontig,722,1091,369
NC_019030_2,metacontig,1281,1634,353
st_R29_M306841_S1_1,metacontig,1026,1418,392
st_R29_M17549_S1_1,metacontig,51,380,329
st_R29_M120420_S1_1,metacontig,390,801,411
MN549397_1,metacontig,1035,1412,377
st_R29_M441701_S1_5,metacontig,1184,1515,331
st_R29_M265503_S3_2,metacontig,6,235,229
st_R29_M23760_S1_2,metacontig,612,942,330
st_R29_M171823_S1_8,metacontig,1380,1755,375
st_R29_M286732_S1_1,metacontig,153,484,331
st_R29_M71717_S1_6,metacontig,6,352,346
st_R29_M80132_S5_1,metacontig,394,724,330
st_R29_M101491_S1_3,metacontig,228,561,333
st_R29_M405906_S1_2,metacontig,162,494,332
st_R29_M329412_S16_2,metacontig,6,238,232
fu_R29_M4499_S3_2,metacontig,2,399,397
st_R29_M34704_S10_9,metacontig,576,933,357
AB697482_1,metacontig,1178,1497,319
fu_R29_M3027_S1_1,metacontig,19,347,328
ar_R29_M13057_S1_9,metacontig,13,260,247
st_R29_M102529_S1_2,metacontig,91,343,252
st_R29_M152522_S1_4,metacontig,129,474,345
mm_R29_M1902_S1_1,metacontig,29,278,249
st_R29_M362680_S1_6,metacontig,128,433,305
st_R29_M369779_S1_7,metacontig,1304,1624,320
st_R29_M237785_S1_14,metacontig,244,605,361
st_R29_M319617_S31_3,metacontig,349,706,357
st_R29_M225597_S1_15,metacontig,1350,1701,351
st_R29_M238146_S1_2,metacontig,116,495,379
st_R29_M331986_S1_8,metacontig,1153,1483,330
st_R29_M65703_S2_4,metacontig,153,542,389
st_R29_M66436_S1_4,metacontig,231,561,330
MN689027_3,metacontig,179,538,359
st_R29_M327055_S1_5,metacontig,1183,1505,322
st_R29_M59868_S1_4,metacontig,139,493,354
fu_R29_M3304_S1_2,metacontig,221,624,403
st_R29_M100700_S1_11,metacontig,371,726,355
st_R29_M23135_S1_7,metacontig,594,895,301
st_R29_M408402_S1_9,metacontig,214,568,354
st_R29_M86823_S1_1,metacontig,2,196,194
st_R29_M16973_S1_4,metacontig,65,444,379
KU947036_2,metacontig,1184,1515,331
st_R29_M407857_S1_2,metacontig,42,304,262
st_R29_M240235_S1_3,metacontig,7,297,290
st_R29_M34704_S119_6,metacontig,84,441,357
mm_R29_M2015_S1_1,metacontig,7,278,271
MF774336_1,metacontig,1308,1639,331
st_R29_M401948_S1_6,metacontig,276,608,332
ar_R29_M7489_S1_6,metacontig,1670,2137,467
st_R29_M42571_S1_3,metacontig,55,333,278
st_R29_M34704_S85_10,metacontig,515,878,363
st_R29_M365886_S1_2,metacontig,23,351,328
st_R29_M276235_S1_6,metacontig,1360,1687,327
st_R29_M2829_S2_5,metacontig,669,999,330
st_R29_M52711_S1_6,metacontig,116,475,359
st_R29_M76824_S1_2,metacontig,94,376,282
st_R29_M213459_S15_4,metacontig,502,795,293
ar_R29_M39956_S1_11,metacontig,969,1355,386
st_R29_M299083_S1_21,metacontig,1491,1848,357
KR905549_6,metacontig,1186,1481,295
st_R29_M350529_S1_2,metacontig,14,362,348
ar_R29_M4307_S1_5,metacontig,1220,1565,345
st_R29_M319617_S30_8,metacontig,462,819,357
st_R29_M85542_S1_7,metacontig,1185,1515,330
ch_R29_M203_S1_1,metacontig,177,450,273
st_R29_M71713_S1_4,metacontig,5,352,347
st_R29_M273938_S1_1,metacontig,18,357,339
st_R29_M44598_S1_5,metacontig,401,778,377
fu_R29_M643_S1_1,metacontig,9,357,348
ar_R29_M4574_S1_10,metacontig,1191,1534,343
st_R29_M60450_S2_10,metacontig,1217,1548,331
st_R29_M194818_S1_22,metacontig,1528,1883,355
st_R29_M25273_S1_3,metacontig,294,631,337
st_R29_M76820_S1_1,metacontig,306,615,309
st_R29_M173393_S1_2,metacontig,277,609,332
st_R29_M120411_S1_1,metacontig,538,949,411
st_R29_M437525_S1_25,metacontig,1504,1857,353
st_R29_M70142_S1_2,metacontig,5,344,339
st_R29_M142397_S5_1,metacontig,178,510,332
fu_R29_M4499_S1_3,metacontig,583,996,413
st_R29_M33131_S2_2,metacontig,358,688,330
st_R29_M49417_S2_14,metacontig,694,1049,355
MT459830_12,metacontig,1495,1851,356
ar_R29_M22610_S1_8,metacontig,202,592,390
st_R29_M259005_S1_3,metacontig,8,240,232
st_R29_M145925_S1_2,metacontig,245,512,267
ex_R29_M38_S7_5,metacontig,252,642,390
fu_R29_M4084_S1_5,metacontig,712,1074,362
st_R29_M110948_S1_1,metacontig,50,475,425
st_R29_M9942_S3_4,metacontig,1265,1600,335
st_R29_M27657_S1_4,metacontig,39,309,270
st_R29_M277006_S1_10,metacontig,1169,1500,331
ar_R29_M43055_S1_2,metacontig,588,901,313
ar_R29_M16282_S1_7,metacontig,1432,1793,361
st_R29_M361765_S1_4,metacontig,233,587,354
st_R29_M368337_S1_4,metacontig,91,444,353
st_R29_M113671_S1_3,metacontig,296,638,342
st_R29_M232397_S1_1,metacontig,19,351,332
st_R29_M333530_S1_5,metacontig,72,457,385
NC_030657_2,metacontig,1192,1527,335
st_R29_M436893_S1_1,metacontig,35,405,370
st_R29_M329384_S1_2,metacontig,974,1381,407
st_R29_M44962_S1_3,metacontig,9,360,351
sa_R29_M1092_S1_5,metacontig,3168,3450,282
st_R29_M381730_S1_3,metacontig,90,434,344
st_R29_M208721_S1_1,metacontig,35,304,269
mm_R29_M7279_S1_1,metacontig,546,924,378
st_R29_M166728_S1_9,metacontig,856,1208,352
st_R29_M2829_S1_5,metacontig,1185,1515,330
st_R29_M339775_S1_2,metacontig,1182,1514,332
st_R29_M317831_S1_2,metacontig,120,451,331
st_R29_M88577_S1_15,metacontig,487,839,352
st_R29_M19033_S1_5,metacontig,22,372,350
st_R29_M183870_S1_1,metacontig,6,263,257
NC_015521_1,metacontig,1292,1651,359
st_R29_M88435_S1_3,metacontig,525,857,332
fu_R29_M4965_S1_1,metacontig,632,1018,386
st_R29_M234857_S1_31,metacontig,1579,1975,396
st_R29_M289716_S1_1,metacontig,21,351,330
st_R29_M126553_S1_1,metacontig,259,589,330
st_R29_M350549_S1_12,metacontig,129,434,305
st_R29_M127179_S1_5,metacontig,3,191,188
st_R29_M131001_S1_2,metacontig,16,345,329
st_R29_M34854_S1_1,metacontig,24,352,328
st_R29_M374187_S1_1,metacontig,230,560,330
st_R29_M379412_S1_1,metacontig,1,193,192
st_R29_M34865_S1_1,metacontig,23,351,328
st_R29_M300665_S1_21,metacontig,1536,1897,361
st_R29_M250624_S1_1,metacontig,802,1150,348
st_R29_M264857_S1_1,metacontig,226,600,374
st_R29_M298610_S1_1,metacontig,88,428,340
st_R29_M59870_S1_12,metacontig,555,910,355
st_R29_M80132_S2_2,metacontig,1187,1517,330
st_R29_M36923_S2_3,metacontig,41,377,336
st_R29_M16991_S35_1,metacontig,127,460,333
st_R29_M412542_S1_3,metacontig,14,350,336
fu_R29_M2367_S1_2,metacontig,114,399,285
NC_007679_2,metacontig,1090,1482,392
ex_R29_M38_S10_1,metacontig,299,679,380
st_R29_M41263_S1_4,metacontig,321,674,353
st_R29_M74392_S1_3,metacontig,24,372,348
st_R29_M445265_S1_1,metacontig,1316,1618,302
am_R29_M506_S1_13,metacontig,708,1091,383
st_R29_M113435_S1_3,metacontig,51,399,348
st_R29_M34704_S68_13,metacontig,750,1106,356
KJ544560_4,metacontig,1001,1378,377
st_R29_M321011_S1_1,metacontig,804,1165,361
st_R29_M298613_S1_4,metacontig,64,398,334
st_R29_M47156_S1_2,metacontig,43,329,286
st_R29_M427129_S1_6,metacontig,152,506,354
st_R29_M69292_S1_2,metacontig,55,403,348
st_R29_M286710_S1_1,metacontig,21,349,328
st_R29_M353272_S1_1,metacontig,3,250,247
st_R29_M414676_S1_1,metacontig,15,246,231
st_R29_M339776_S1_5,metacontig,1185,1515,330
st_R29_M110932_S12_2,metacontig,13,436,423
ar_R29_M3618_S1_3,metacontig,19,309,290
st_R29_M199845_S1_7,metacontig,234,579,345
ar_R29_M27876_S1_12,metacontig,1427,1787,360
st_R29_M94697_S1_1,metacontig,153,442,289
ar_R29_M31473_S1_2,metacontig,278,646,368
st_R29_M332630_S1_2,metacontig,372,658,286
fu_R29_M1766_S1_21,metacontig,145,501,356
NC_003347_11,metacontig,1538,1893,355
st_R29_M394744_S1_3,metacontig,154,491,337
st_R29_M164650_S1_22,metacontig,1707,2065,358
st_R29_M71429_S9_1,metacontig,292,622,330
KX668488_2,metacontig,1183,1515,332
st_R29_M210543_S1_9,metacontig,1179,1510,331
st_R29_M186619_S1_1,metacontig,22,350,328
st_R29_M16991_S34_2,metacontig,430,762,332
st_R29_M30271_S1_5,metacontig,491,849,358
st_R29_M306899_S26_1,metacontig,306,638,332
st_R29_M37787_S1_1,metacontig,85,389,304
st_R29_M29504_S1_4,metacontig,112,467,355
st_R29_M39008_S1_1,metacontig,232,517,285
st_R29_M110932_S6_4,metacontig,137,562,425
st_R29_M25744_S1_1,metacontig,259,646,387
st_R29_M26839_S1_1,metacontig,1,182,181
KJ579253_3,metacontig,1183,1515,332
st_R29_M381727_S1_3,metacontig,34,373,339
st_R29_M254680_S1_4,metacontig,1184,1515,331
st_R29_M350100_S1_23,metacontig,815,1143,328
fu_R29_M1766_S6_3,metacontig,145,501,356
st_R29_M306899_S24_2,metacontig,85,417,332
st_R29_M80563_S1_5,metacontig,215,553,338
st_R29_M24627_S1_5,metacontig,254,584,330
st_R29_M319617_S4_14,metacontig,798,1155,357
st_R29_M306868_S1_2,metacontig,1183,1515,332
st_R29_M193057_S2_2,metacontig,237,524,287
st_R29_M407824_S1_11,metacontig,986,1340,354
fu_R29_M5350_S1_1,metacontig,776,1102,326
st_R29_M358120_S13_3,metacontig,37,389,352
ar_R29_M31166_S10_4,metacontig,106,451,345
ar_R29_M37201_S1_21,metacontig,1328,1669,341
st_R29_M319617_S28_6,metacontig,478,835,357
LC480457_2,metacontig,1185,1515,330
st_R29_M95499_S1_6,metacontig,225,567,342
LC057247_2,metacontig,1193,1522,329
mm_R29_M4142_S2_9,metacontig,2767,3130,363
fu_R29_M3427_S1_3,metacontig,170,514,344
st_R29_M229158_S1_2,metacontig,302,622,320
st_R29_M87711_S1_1,metacontig,2,260,258
st_R29_M173828_S1_1,metacontig,91,493,402
ar_R29_M37251_S5_3,metacontig,1,203,202
st_R29_M303650_S1_1,metacontig,6,237,231
st_R29_M227335_S3_5,metacontig,74,405,331
st_R29_M74584_S1_3,metacontig,368,698,330
st_R29_M42561_S1_3,metacontig,174,531,357
st_R29_M265995_S1_4,metacontig,29,277,248
KX988001_3,metacontig,1191,1521,330
st_R29_M382594_S1_1,metacontig,1633,1950,317
ar_R29_M29092_S1_6,metacontig,1160,1509,349
fu_R29_M5949_S1_21,metacontig,2054,2422,368
st_R29_M405935_S1_2,metacontig,584,916,332
st_R29_M286724_S1_1,metacontig,20,348,328
ma_R29_M5527_S1_1,metacontig,1135,1446,311
NC_040564_1,metacontig,1273,1620,347
st_R29_M80253_S1_2,metacontig,14,361,347
HE978837_2,metacontig,1180,1510,330
ar_R29_M15073_S1_8,metacontig,1438,1800,362
st_R29_M336369_S1_18,metacontig,1553,1906,353
st_R29_M441523_S1_2,metacontig,100,453,353
st_R29_M33946_S1_4,metacontig,1655,2048,393
NC_035205_3,metacontig,1031,1377,346
fi_R29_M1778_S1_5,metacontig,1371,1708,337
MG242064_1,metacontig,4571,4925,354
st_R29_M127622_S1_3,metacontig,735,1084,349
st_R29_M358117_S1_2,metacontig,75,424,349
st_R29_M35107_S1_2,metacontig,95,455,360
st_R29_M408403_S1_2,metacontig,49,327,278
st_R29_M75941_S1_3,metacontig,28,357,329
MK353339_3,metacontig,179,557,378
ar_R29_M11825_S1_18,metacontig,1375,1749,374
ar_R29_M3734_S1_2,metacontig,1754,2141,387
st_R29_M30737_S1_2,metacontig,3,296,293
st_R29_M230488_S1_5,metacontig,543,874,331
st_R29_M440994_S1_3,metacontig,156,486,330
sp_R29_M727_S1_1,metacontig,3777,4143,366
st_R29_M250000_S1_15,metacontig,982,1327,345
st_R29_M34251_S1_5,metacontig,332,654,322
st_R29_M316627_S1_1,metacontig,205,478,273
st_R29_M343228_S1_3,metacontig,982,1327,345
st_R29_M409125_S1_1,metacontig,1,325,324
st_R29_M404198_S1_7,metacontig,131,414,283
ar_R29_M24807_S2_2,metacontig,328,501,173
fu_R29_M4152_S1_1,metacontig,78,424,346
st_R29_M48348_S1_2,metacontig,1183,1515,332
st_R29_M85362_S1_1,metacontig,483,852,369
st_R29_M701_S2_1,metacontig,942,1272,330
st_R29_M289342_S1_2,metacontig,180,554,374
st_R29_M54812_S1_1,metacontig,105,490,385
MN786531_2,metacontig,1183,1515,332
st_R29_M319985_S1_1,metacontig,33,350,317
st_R29_M408661_S1_6,metacontig,616,945,329
st_R29_M395491_S1_1,metacontig,21,349,328
ar_R29_M13079_S1_9,metacontig,949,1312,363
st_R29_M401739_S1_3,metacontig,68,446,378
st_R29_M209892_S1_9,metacontig,1362,1715,353
st_R29_M127649_S1_2,metacontig,94,366,272
fu_R29_M4399_S1_1,metacontig,735,1084,349
st_R29_M24960_S1_2,metacontig,3539,3919,380
st_R29_M348808_S1_8,metacontig,243,589,346
st_R29_M64834_S1_1,metacontig,13,212,199
st_R29_M375274_S1_1,metacontig,1,248,247
st_R29_M327063_S1_3,metacontig,102,434,332
st_R29_M243700_S1_1,metacontig,40,359,319
st_R29_M362693_S1_4,metacontig,129,433,304
st_R29_M266694_S1_9,metacontig,1184,1512,328
KC588948_2,metacontig,1183,1515,332
st_R29_M318585_S7_1,metacontig,27,351,324
MN059098_2,metacontig,1194,1581,387
st_R29_M45075_S1_4,metacontig,28,313,285
st_R29_M113571_S1_4,metacontig,93,442,349
st_R29_M298605_S1_2,metacontig,40,379,339
st_R29_M394776_S1_9,metacontig,562,905,343
st_R29_M80132_S1_1,metacontig,1187,1517,330
MF616381_2,metacontig,1184,1515,331
al_R29_M331_S1_1,metacontig,7,263,256
st_R29_M120179_S1_1,metacontig,55,326,271
st_R29_M381731_S1_5,metacontig,32,372,340
st_R29_M238956_S4_3,metacontig,397,729,332
st_R29_M200510_S1_1,metacontig,102,476,374
fu_R29_M907_S40_1,metacontig,728,1105,377
fu_R29_M5671_S1_3,metacontig,1185,1515,330
st_R29_M91422_S1_2,metacontig,51,380,329
sa_R29_M2065_S1_1,metacontig,66,433,367
st_R29_M120140_S1_2,metacontig,57,383,326
KX686100_3,metacontig,1185,1517,332
st_R29_M426349_S1_5,metacontig,77,411,334
MH338171_7,metacontig,129,434,305
st_R29_M440605_S1_3,metacontig,1185,1515,330
st_R29_M2897_S1_1,metacontig,21,349,328
st_R29_M67061_S1_14,metacontig,1538,1885,347
st_R29_M409605_S1_5,metacontig,122,444,322
st_R29_M122147_S1_6,metacontig,1183,1514,331
st_R29_M354845_S1_6,metacontig,743,1106,363
st_R29_M394799_S1_6,metacontig,431,773,342
st_R29_M34841_S1_3,metacontig,24,348,324
st_R29_M182846_S1_1,metacontig,670,1081,411
st_R29_M70244_S1_20,metacontig,1505,1859,354
st_R29_M326696_S1_1,metacontig,8,242,234
al_R29_M306_S1_4,metacontig,620,893,273
sa_R29_M3223_S1_1,metacontig,320,603,283
KM349851_5,metacontig,2534,2941,407
st_R29_M365885_S2_7,metacontig,1386,1720,334
st_R29_M186620_S1_1,metacontig,22,350,328
st_R29_M173897_S1_3,metacontig,2290,2638,348
KX513953_3,metacontig,1166,1472,306
st_R29_M34704_S3_26,metacontig,1424,1780,356
st_R29_M359612_S1_3,metacontig,1917,2286,369
st_R29_M243706_S1_3,metacontig,506,837,331
st_R29_M445255_S1_18,metacontig,908,1262,354
st_R29_M368318_S7_9,metacontig,211,564,353
fi_R29_M1869_S2_3,metacontig,56,402,346
st_R29_M190697_S1_3,metacontig,424,794,370
st_R29_M28535_S1_9,metacontig,1504,1858,354
st_R29_M394767_S1_3,metacontig,137,479,342
st_R29_M232387_S1_3,metacontig,57,403,346
st_R29_M63008_S1_2,metacontig,208,549,341
st_R29_M60144_S1_2,metacontig,22,350,328
sa_R29_M2875_S1_1,metacontig,567,921,354
st_R29_M131000_S1_10,metacontig,76,407,331
st_R29_M375287_S1_2,metacontig,22,372,350
MN691105_4,metacontig,2261,2592,331
st_R29_M26358_S1_1,metacontig,155,408,253
st_R29_M437529_S1_1,metacontig,22,285,263
st_R29_M19770_S8_4,metacontig,49,405,356
fu_R29_M4193_S1_4,metacontig,68,389,321
st_R29_M199842_S1_1,metacontig,2,327,325
ar_R29_M14269_S2_3,metacontig,96,427,331
st_R29_M212051_S1_1,metacontig,100,360,260
st_R29_M124230_S1_6,metacontig,1185,1517,332
NC_023425_1,metacontig,1141,1427,286
fu_R29_M2833_S1_13,metacontig,687,1040,353
st_R29_M80132_S4_3,metacontig,412,742,330
st_R29_M111306_S1_1,metacontig,472,747,275
st_R29_M296971_S1_3,metacontig,595,997,402
st_R29_M48347_S1_6,metacontig,1183,1515,332
ar_R29_M24888_S1_1,metacontig,453,912,459
MK957246_5,metacontig,1239,1579,340
st_R29_M61794_S1_1,metacontig,12,376,364
MH809516_4,metacontig,1299,1589,290
st_R29_M265530_S1_2,metacontig,34,347,313
fu_R29_M1766_S8_2,metacontig,44,352,308
st_R29_M71429_S11_1,metacontig,474,806,332
fu_R29_M758_S10_5,metacontig,747,1131,384
st_R29_M226061_S1_4,metacontig,125,478,353
st_R29_M10955_S1_1,metacontig,8,337,329
fi_R29_M1003_S1_1,metacontig,91,584,493
st_R29_M204595_S1_4,metacontig,1417,1756,339
st_R29_M8059_S1_18,metacontig,763,1121,358
st_R29_M300661_S37_2,metacontig,20,243,223
MT075326_3,metacontig,1707,2166,459
st_R29_M151667_S1_15,metacontig,1463,1813,350
st_R29_M105156_S1_14,metacontig,851,1193,342
st_R29_M409400_S1_15,metacontig,1376,1729,353
st_R29_M139966_S1_2,metacontig,151,406,255
st_R29_M103232_S1_1,metacontig,717,1081,364
st_R29_M67060_S1_4,metacontig,418,762,344
st_R29_M311132_S1_2,metacontig,532,865,333
st_R29_M71429_S10_1,metacontig,272,603,331
st_R29_M360134_S1_10,metacontig,339,674,335
st_R29_M57651_S1_1,metacontig,83,429,346
st_R29_M409170_S13_3,metacontig,165,497,332
st_R29_M306899_S1_2,metacontig,725,1057,332
fi_R29_M1224_S1_2,metacontig,5,273,268
st_R29_M397141_S1_9,metacontig,381,727,346
fu_R29_M1766_S7_2,metacontig,41,350,309
st_R29_M259824_S1_4,metacontig,29,296,267
st_R29_M120416_S1_4,metacontig,1668,2079,411
st_R29_M328476_S1_4,metacontig,52,304,252
EF583906_1,metacontig,1299,1620,321
st_R29_M312171_S1_1,metacontig,495,872,377
st_R29_M363969_S3_6,metacontig,157,528,371
st_R29_M16991_S18_4,metacontig,634,966,332
st_R29_M414684_S1_1,metacontig,14,329,315
KX790785_1,metacontig,1307,1627,320
fu_R29_M2588_S1_1,metacontig,80,336,256
st_R29_M199834_S1_2,metacontig,178,544,366
st_R29_M1483_S1_3,metacontig,729,1113,384
st_R29_M407378_S1_4,metacontig,28,303,275
NC_038427_5,metacontig,2332,2723,391
st_R29_M153838_S1_5,metacontig,535,822,287
ar_R29_M31165_S1_3,metacontig,19,299,280
st_R29_M204867_S1_1,metacontig,37,272,235
st_R29_M165235_S1_26,metacontig,926,1279,353
st_R29_M36584_S1_2,metacontig,573,909,336
st_R29_M166921_S1_1,metacontig,18,347,329
MK460433_1,metacontig,1326,1626,300
st_R29_M110932_S2_1,metacontig,425,850,425
ar_R29_M16568_S1_5,metacontig,47,432,385
MH027948_5,metacontig,2267,2590,323
st_R29_M205192_S1_2,metacontig,737,1075,338
st_R29_M259048_S1_4,metacontig,12,214,202
st_R29_M126182_S1_1,metacontig,12,381,369
ar_R29_M27538_S1_11,metacontig,1441,1803,362
st_R29_M216668_S1_14,metacontig,1149,1530,381
st_R29_M60288_S2_1,metacontig,147,468,321
st_R29_M73864_S1_2,metacontig,142,512,370
st_R29_M81782_S1_2,metacontig,74,433,359
st_R29_M49428_S1_2,metacontig,10,315,305
st_R29_M181943_S1_2,metacontig,11,188,177
st_R29_M142395_S1_3,metacontig,113,445,332
st_R29_M67058_S1_11,metacontig,1502,1846,344
st_R29_M400471_S1_1,metacontig,565,839,274
st_R29_M318248_S2_12,metacontig,1438,1795,357
ar_R29_M16676_S1_2,metacontig,240,604,364
st_R29_M358120_S8_6,metacontig,409,757,348
st_R29_M80562_S1_3,metacontig,155,500,345
st_R29_M318245_S1_1,metacontig,2202,2571,369
NC_038432_5,metacontig,2266,2597,331
st_R29_M133042_S1_3,metacontig,52,320,268
MK427058_2,metacontig,1171,1496,325
st_R29_M121159_S1_2,metacontig,5,339,334
st_R29_M303890_S1_4,metacontig,834,1164,330
st_R29_M353395_S1_1,metacontig,485,824,339
st_R29_M233722_S1_2,metacontig,572,910,338
st_R29_M82395_S1_16,metacontig,955,1307,352
NC_015523_6,metacontig,1350,1692,342
st_R29_M39587_S1_3,metacontig,31,307,276
fi_R29_M1615_S2_1,metacontig,60,425,365
MH784438_10,metacontig,1514,1856,342
st_R29_M214492_S1_3,metacontig,465,795,330
ar_R29_M7069_S163_1,metacontig,2125,2501,376
st_R29_M365885_S1_1,metacontig,1386,1720,334
st_R29_M272936_S1_5,metacontig,1177,1509,332
st_R29_M67058_S15_7,metacontig,563,907,344
st_R29_M311133_S1_1,metacontig,147,425,278
st_R29_M412536_S1_5,metacontig,321,660,339
ar_R29_M3254_S1_2,metacontig,290,638,348
st_R29_M266695_S1_9,metacontig,93,423,330
NC_040815_2,metacontig,2246,2544,298
st_R29_M100689_S1_8,metacontig,1063,1417,354
st_R29_M263801_S1_2,metacontig,1185,1515,330
st_R29_M397142_S1_15,metacontig,1536,1890,354
st_R29_M40070_S1_4,metacontig,116,469,353
st_R29_M85339_S1_10,metacontig,1539,1888,349
MN495979_2,metacontig,1172,1504,332
st_R29_M39680_S1_8,metacontig,1158,1497,339
st_R29_M120169_S1_2,metacontig,452,784,332
st_R29_M137778_S1_1,metacontig,3100,3453,353
st_R29_M155606_S1_16,metacontig,1014,1246,232
st_R29_M322942_S1_5,metacontig,57,356,299
st_R29_M6092_S2_5,metacontig,269,618,349
st_R29_M445662_S1_4,metacontig,1140,1518,378
st_R29_M121233_S1_1,metacontig,18,259,241
st_R29_M165659_S1_5,metacontig,1414,1768,354
st_R29_M117887_S1_9,metacontig,129,565,436
st_R29_M82636_S1_4,metacontig,250,611,361
st_R29_M82149_S1_3,metacontig,730,1063,333
st_R29_M82150_S1_5,metacontig,964,1303,339
st_R29_M53870_S1_1,metacontig,2,326,324
st_R29_M128332_S1_3,metacontig,112,463,351
st_R29_M41195_S9_2,metacontig,1185,1515,330
st_R29_M108374_S1_1,metacontig,844,1176,332
st_R29_M60440_S1_2,metacontig,169,501,332
NC_002786_12,metacontig,1329,1669,340
st_R29_M59865_S1_5,metacontig,39,310,271
st_R29_M306899_S7_7,metacontig,1183,1515,332
st_R29_M95848_S1_11,metacontig,797,1136,339
st_R29_M298547_S1_24,metacontig,1410,1751,341
st_R29_M432071_S1_1,metacontig,1102,1453,351
KY426923_1,metacontig,1299,1620,321
st_R29_M237497_S1_26,metacontig,1604,1949,345
st_R29_M408966_S1_2,metacontig,1189,1520,331
st_R29_M196376_S1_22,metacontig,1481,1834,353
st_R29_M401764_S1_11,metacontig,448,804,356
MT084811_10,metacontig,1505,1859,354
ar_R29_M2498_S102_5,metacontig,1308,1653,345
st_R29_M293794_S1_2,metacontig,103,443,340
st_R29_M219396_S1_1,metacontig,6,308,302
st_R29_M219392_S1_1,metacontig,628,972,344
st_R29_M56043_S2_2,metacontig,351,699,348
st_R29_M117647_S1_2,metacontig,3,341,338
st_R29_M306899_S5_4,metacontig,1183,1515,332
st_R29_M248373_S1_1,metacontig,5,313,308
st_R29_M297174_S1_1,metacontig,9,365,356
st_R29_M109390_S29_12,metacontig,25,373,348
LC143387_2,metacontig,1185,1515,330
st_R29_M372922_S1_2,metacontig,751,1083,332
st_R29_M446412_S1_1,metacontig,336,666,330
st_R29_M95494_S1_10,metacontig,1556,1899,343
AY726732_2,metacontig,172,546,374
ar_R29_M43209_S1_5,metacontig,172,546,374
ch_R29_M38_S1_7,metacontig,1464,1761,297
fi_R29_M1374_S1_6,metacontig,42,395,353
st_R29_M426585_S1_5,metacontig,766,1116,350
st_R29_M395760_S1_7,metacontig,1414,1768,354
st_R29_M66412_S1_4,metacontig,1270,1681,411
st_R29_M375144_S1_7,metacontig,731,1100,369
ar_R29_M5136_S1_1,metacontig,364,809,445
KY123917_18,metacontig,1498,1855,357
st_R29_M407739_S1_2,metacontig,56,252,196
st_R29_M141012_S1_10,metacontig,2056,2424,368
st_R29_M176644_S20_2,metacontig,629,959,330
st_R29_M407838_S1_13,metacontig,718,1072,354
ar_R29_M24049_S1_4,metacontig,780,1133,353
st_R29_M208560_S1_6,metacontig,468,825,357
fu_R29_M738_S1_1,metacontig,198,528,330
st_R29_M352783_S1_10,metacontig,1556,1897,341
st_R29_M143438_S1_3,metacontig,8,358,350
st_R29_M173414_S2_1,metacontig,219,551,332
fu_R29_M4304_S1_4,metacontig,425,783,358
st_R29_M172068_S1_5,metacontig,583,958,375
st_R29_M54250_S1_5,metacontig,28,317,289
NC_040627_1,metacontig,1571,1917,346
st_R29_M128026_S1_1,metacontig,73,323,250
MH144342_2,metacontig,1185,1515,330
st_R29_M436556_S2_2,metacontig,5,389,384
st_R29_M66554_S1_2,metacontig,1002,1334,332
st_R29_M80559_S1_9,metacontig,932,1274,342
ar_R29_M8071_S1_4,metacontig,26,299,273
st_R29_M109390_S27_11,metacontig,447,804,357
st_R29_M438979_S1_7,metacontig,530,896,366
st_R29_M63437_S1_1,metacontig,62,432,370
st_R29_M105155_S1_15,metacontig,1574,1911,337
KY110736_10,metacontig,1509,1856,347
st_R29_M101366_S9_2,metacontig,202,533,331
st_R29_M366429_S1_5,metacontig,1164,1510,346
st_R29_M196842_S1_2,metacontig,506,862,356
st_R29_M319617_S39_3,metacontig,138,474,336
st_R29_M124231_S1_3,metacontig,1185,1515,330
NC_024686_1,metacontig,1371,1698,327
st_R29_M34862_S1_1,metacontig,125,455,330
st_R29_M426330_S1_21,metacontig,1390,1744,354
st_R29_M51672_S1_2,metacontig,13,285,272
st_R29_M263801_S2_8,metacontig,642,972,330
st_R29_M95455_S1_2,metacontig,65,331,266
ar_R29_M28572_S1_13,metacontig,1394,1757,363
st_R29_M331652_S1_6,metacontig,630,951,321
st_R29_M226146_S1_5,metacontig,95,490,395
st_R29_M36586_S1_1,metacontig,4,132,128
st_R29_M110950_S1_2,metacontig,24,355,331
fu_R29_M5511_S1_7,metacontig,721,1085,364
st_R29_M122190_S1_6,metacontig,578,908,330
st_R29_M122670_S1_1,metacontig,852,1203,351
st_R29_M7826_S1_7,metacontig,9,397,388
st_R29_M16266_S1_3,metacontig,378,708,330
st_R29_M200519_S1_2,metacontig,893,1258,365
st_R29_M27210_S1_1,metacontig,45,315,270
st_R29_M72341_S1_2,metacontig,8,182,174
NC_010295_1,metacontig,891,1245,354
fi_R29_M1615_S1_5,metacontig,200,565,365
st_R29_M88047_S1_12,metacontig,195,597,402
MT607622_2,metacontig,1185,1516,331
NC_010832_4,metacontig,1270,1644,374
EF570133_5,metacontig,1308,1637,329
st_R29_M60424_S1_2,metacontig,1183,1515,332
st_R29_M394773_S1_5,metacontig,532,876,344
st_R29_M121424_S1_3,metacontig,642,974,332
NC_013920_7,metacontig,1569,1910,341
st_R29_M431714_S1_3,metacontig,21,399,378
st_R29_M409170_S11_2,metacontig,556,888,332
st_R29_M431975_S1_3,metacontig,163,457,294
st_R29_M145903_S1_2,metacontig,15,340,325
st_R29_M122666_S1_7,metacontig,2365,2707,342
st_R29_M17552_S1_2,metacontig,11,323,312
st_R29_M39695_S1_7,metacontig,1161,1508,347
st_R29_M63012_S3_17,metacontig,753,1093,340
st_R29_M34614_S1_2,metacontig,158,511,353
st_R29_M121776_S1_5,metacontig,1362,1701,339
st_R29_M226907_S1_6,metacontig,106,407,301
MK816927_2,metacontig,994,1342,348
st_R29_M373788_S1_1,metacontig,14,183,169
st_R29_M293573_S1_6,metacontig,1535,1883,348
st_R29_M27792_S1_1,metacontig,903,1232,329
ar_R29_M2498_S154_3,metacontig,83,429,346
st_R29_M336331_S1_22,metacontig,1389,1683,294
st_R29_M171247_S1_1,metacontig,203,543,340
KP090203_2,metacontig,1161,1539,378
st_R29_M31333_S1_2,metacontig,2,217,215
st_R29_M394790_S1_3,metacontig,281,620,339
st_R29_M37934_S1_7,metacontig,1541,1891,350
st_R29_M314991_S1_1,metacontig,15,320,305
ar_R29_M10319_S1_5,metacontig,320,673,353
st_R29_M312177_S1_1,metacontig,209,543,334
st_R29_M327060_S1_2,metacontig,1185,1515,330
st_R29_M118338_S1_1,metacontig,1,191,190
st_R29_M9942_S37_5,metacontig,60,343,283
st_R29_M332582_S1_1,metacontig,77,442,365
KF700262_1,metacontig,1363,1701,338
st_R29_M109390_S31_4,metacontig,74,431,357
st_R29_M410334_S1_2,metacontig,92,424,332
st_R29_M33095_S2_4,metacontig,30,274,244
st_R29_M362412_S1_5,metacontig,1185,1516,331
KU198289_3,metacontig,1184,1515,331
st_R29_M169665_S1_4,metacontig,1785,2194,409
ar_R29_M43402_S1_1,metacontig,2228,2628,400
st_R29_M426393_S1_2,metacontig,499,828,329
st_R29_M176644_S22_3,metacontig,214,544,330
st_R29_M352778_S1_13,metacontig,1574,1911,337
MN982523_3,metacontig,1170,1533,363
st_R29_M87811_S12_6,metacontig,498,846,348
st_R29_M74834_S1_17,metacontig,621,980,359
st_R29_M109390_S19_11,metacontig,804,1159,355
st_R29_M176644_S17_2,metacontig,815,1145,330
st_R29_M394752_S1_9,metacontig,1366,1701,335
st_R29_M350587_S1_12,metacontig,3449,3792,343
st_R29_M16991_S8_3,metacontig,813,1135,322
MT176428_1,metacontig,1258,1634,376
MF991949_1,metacontig,1299,1620,321
st_R29_M171248_S1_4,metacontig,22,379,357
st_R29_M209870_S1_2,metacontig,9,229,220
st_R29_M238170_S1_2,metacontig,32,367,335
mm_R29_M7317_S1_3,metacontig,83,469,386
st_R29_M266695_S5_2,metacontig,765,1095,330
st_R29_M352784_S1_14,metacontig,1565,1908,343
st_R29_M239849_S1_2,metacontig,1185,1515,330
st_R29_M71429_S1_2,metacontig,1179,1509,330
st_R29_M121355_S1_1,metacontig,309,641,332
st_R29_M52650_S1_6,metacontig,26,310,284
st_R29_M310540_S1_1,metacontig,36,368,332
st_R29_M121150_S1_5,metacontig,1208,1548,340
st_R29_M265181_S1_2,metacontig,149,491,342
st_R29_M300661_S47_1,metacontig,2,214,212
st_R29_M312172_S1_2,metacontig,211,564,353
st_R29_M33653_S1_4,metacontig,82,437,355
st_R29_M141019_S1_4,metacontig,53,427,374
st_R29_M409604_S1_7,metacontig,253,519,266
NC_015706_4,metacontig,1039,1423,384
ar_R29_M20901_S1_4,metacontig,52,412,360
st_R29_M19770_S1_28,metacontig,1042,1397,355
st_R29_M436902_S1_1,metacontig,907,1275,368
st_R29_M10862_S1_5,metacontig,3,238,235
st_R29_M173831_S1_1,metacontig,1097,1499,402
st_R29_M70080_S1_3,metacontig,321,634,313
st_R29_M63463_S1_1,metacontig,95,465,370
st_R29_M394777_S1_2,metacontig,456,800,344
KJ524452_1,metacontig,1299,1620,321
st_R29_M141112_S1_6,metacontig,525,889,364
st_R29_M176723_S1_3,metacontig,153,444,291
st_R29_M253033_S1_9,metacontig,546,891,345
st_R29_M245310_S1_3,metacontig,3,332,329
st_R29_M173387_S2_5,metacontig,690,1020,330
st_R29_M331995_S1_1,metacontig,278,608,330
JF727261_8,metacontig,1384,1739,355
st_R29_M109390_S4_21,metacontig,1381,1736,355
st_R29_M232389_S1_2,metacontig,115,454,339
st_R29_M401941_S1_2,metacontig,8,316,308
NC_035204_1,metacontig,987,1371,384
st_R29_M208508_S1_1,metacontig,21,286,265
st_R29_M367907_S1_3,metacontig,42,383,341
st_R29_M284065_S1_5,metacontig,27,357,330
fu_R29_M2887_S1_1,metacontig,21,351,330
st_R29_M195616_S1_2,metacontig,26,303,277
st_R29_M322697_S1_2,metacontig,107,437,330
NC_016003_1,metacontig,1097,1468,371
fu_R29_M5631_S2_1,metacontig,117,479,362
st_R29_M130971_S1_2,metacontig,4,277,273
st_R29_M333548_S1_1,metacontig,207,527,320
ar_R29_M42480_S1_1,metacontig,363,758,395
mm_R29_M4653_S1_1,metacontig,1288,1648,360
st_R29_M204752_S1_2,metacontig,45,468,423
LC184611_3,metacontig,1185,1515,330
st_R29_M181586_S1_5,metacontig,30,382,352
st_R29_M237507_S1_16,metacontig,1555,1909,354
st_R29_M381311_S1_1,metacontig,152,507,355
st_R29_M10245_S1_7,metacontig,151,477,326
mm_R29_M3734_S1_5,metacontig,287,640,353
st_R29_M395768_S1_4,metacontig,119,473,354
st_R29_M143445_S1_1,metacontig,80,367,287
KF700375_1,metacontig,1306,1626,320
st_R29_M265182_S1_1,metacontig,683,1027,344
fu_R29_M5017_S1_21,metacontig,1833,2197,364
NC_040631_2,metacontig,3564,3938,374
st_R29_M239849_S3_7,metacontig,1185,1515,330
st_R29_M331316_S1_9,metacontig,1721,2009,288
st_R29_M176684_S1_2,metacontig,157,528,371
st_R29_M165679_S1_2,metacontig,24,301,277
st_R29_M232408_S1_2,metacontig,118,456,338
st_R29_M39821_S1_8,metacontig,872,1198,326
MK050107_1,metacontig,1144,1430,286
fu_R29_M4533_S1_2,metacontig,643,1028,385
st_R29_M313831_S1_2,metacontig,11,243,232
fu_R29_M3465_S1_1,metacontig,720,1085,365
st_R29_M105017_S1_1,metacontig,6,314,308
st_R29_M176644_S7_6,metacontig,1185,1515,330
st_R29_M277207_S1_4,metacontig,2065,2445,380
ar_R29_M1000_S1_7,metacontig,1503,1854,351
st_R29_M394758_S1_7,metacontig,777,1116,339
st_R29_M394761_S1_9,metacontig,531,874,343
st_R29_M297357_S1_11,metacontig,43,279,236
NC_003400_4,metacontig,1189,1557,368
fu_R29_M826_S1_14,metacontig,1439,1793,354
st_R29_M214473_S1_6,metacontig,830,1161,331
st_R29_M124243_S1_3,metacontig,585,915,330
st_R29_M208696_S1_5,metacontig,368,725,357
st_R29_M440645_S2_2,metacontig,1,344,343
st_R29_M298397_S1_2,metacontig,143,528,385
HQ681906_2,metacontig,994,1341,347
st_R29_M67057_S1_10,metacontig,1500,1846,346
ar_R29_M18399_S1_12,metacontig,1171,1513,342
st_R29_M21193_S1_3,metacontig,347,700,353
st_R29_M394764_S1_2,metacontig,183,534,351
ar_R29_M27240_S1_6,metacontig,738,1102,364
st_R29_M63012_S1_22,metacontig,1600,1940,340
st_R29_M175894_S1_2,metacontig,1185,1515,330
st_R29_M374188_S1_1,metacontig,3,315,312
st_R29_M41195_S2_2,metacontig,1229,1559,330
st_R29_M409170_S1_6,metacontig,1193,1525,332
st_R29_M229541_S1_5,metacontig,51,254,203
st_R29_M76761_S1_4,metacontig,35,326,291
st_R29_M182333_S1_2,metacontig,79,450,371
st_R29_M89720_S1_3,metacontig,424,776,352
GU733707_1,metacontig,1299,1620,321
NC_011544_5,metacontig,1082,1432,350
st_R29_M229321_S7_6,metacontig,371,724,353
fi_R29_M379_S1_1,metacontig,52,307,255
st_R29_M232385_S1_8,metacontig,1498,1839,341
st_R29_M394774_S1_3,metacontig,488,830,342
st_R29_M91408_S1_17,metacontig,1845,2200,355
st_R29_M394745_S1_11,metacontig,697,1043,346
st_R29_M265527_S1_2,metacontig,890,1246,356
st_R29_M109390_S16_15,metacontig,975,1324,349
st_R29_M119854_S1_24,metacontig,1727,2009,282
st_R29_M19770_S4_12,metacontig,474,830,356
MN495981_4,metacontig,1000,1331,331
st_R29_M355057_S1_7,metacontig,41,397,356
st_R29_M220519_S1_1,metacontig,75,457,382
ar_R29_M25182_S1_16,metacontig,1655,2049,394
EF125178_2,metacontig,994,1339,345
st_R29_M20533_S1_8,metacontig,615,943,328
st_R29_M353363_S1_4,metacontig,297,654,357
st_R29_M142385_S1_3,metacontig,621,953,332
st_R29_M244077_S1_1,metacontig,110,492,382
st_R29_M370552_S1_1,metacontig,40,336,296
st_R29_M216686_S1_4,metacontig,148,519,371
st_R29_M387892_S1_3,metacontig,733,1092,359
st_R29_M367471_S1_2,metacontig,1240,1570,330
st_R29_M204751_S1_2,metacontig,45,469,424
st_R29_M45069_S1_5,metacontig,24,299,275
st_R29_M44225_S1_1,metacontig,4,191,187
ar_R29_M16767_S1_5,metacontig,474,827,353
st_R29_M387622_S1_4,metacontig,209,485,276
st_R29_M185399_S1_8,metacontig,1139,1484,345
st_R29_M298619_S1_4,metacontig,866,1205,339
st_R29_M161650_S1_11,metacontig,823,1172,349
st_R29_M364372_S1_8,metacontig,1422,1771,349
fu_R29_M984_S3_2,metacontig,22,276,254
ar_R29_M32201_S5_2,metacontig,99,446,347
st_R29_M204742_S1_3,metacontig,178,517,339
st_R29_M265184_S1_2,metacontig,55,390,335
KY923700_8,metacontig,979,1331,352
st_R29_M182332_S1_11,metacontig,640,1011,371
mm_R29_M3734_S2_3,metacontig,462,814,352
NC_001977_6,metacontig,1334,1661,327
st_R29_M298205_S1_6,metacontig,61,329,268
LC177790_3,metacontig,1188,1517,329
ar_R29_M24340_S1_4,metacontig,21,390,369
st_R29_M368318_S1_17,metacontig,1441,1794,353
st_R29_M265975_S19_2,metacontig,353,631,278
ar_R29_M43119_S1_5,metacontig,627,972,345
MG822666_2,metacontig,2221,2593,372
ar_R29_M25761_S1_7,metacontig,1066,1315,249
st_R29_M79150_S1_2,metacontig,3,179,176
mm_R29_M8221_S1_13,metacontig,177,599,422
st_R29_M298607_S1_8,metacontig,575,907,332
st_R29_M125486_S1_1,metacontig,5,315,310
ar_R29_M22949_S1_1,metacontig,70,410,340
MH844500_3,metacontig,2256,2634,378
st_R29_M171930_S1_2,metacontig,101,454,353
st_R29_M14852_S1_8,metacontig,952,1303,351
st_R29_M445974_S1_2,metacontig,1185,1515,330
st_R29_M60288_S1_4,metacontig,1186,1506,320
st_R29_M37557_S2_2,metacontig,19,380,361
st_R29_M109769_S1_9,metacontig,1593,1953,360
ma_R29_M757_S7_3,metacontig,10,278,268
st_R29_M65544_S1_16,metacontig,1404,1786,382
fu_R29_M5645_S1_1,metacontig,714,1076,362
ar_R29_M3422_S2_1,metacontig,5,222,217
st_R29_M118167_S1_2,metacontig,57,401,344
st_R29_M200520_S1_1,metacontig,430,793,363
st_R29_M409422_S1_5,metacontig,675,1052,377
mm_R29_M6614_S1_2,metacontig,31,234,203
st_R29_M119629_S2_4,metacontig,23,284,261
st_R29_M400981_S1_14,metacontig,1622,1957,335
st_R29_M54694_S2_2,metacontig,13,302,289
st_R29_M401960_S1_1,metacontig,4,334,330
st_R29_M264726_S1_4,metacontig,597,945,348
st_R29_M153826_S1_10,metacontig,41,332,291
MN555567_4,metacontig,2304,2652,348
MN562265_1,metacontig,1142,1429,287
st_R29_M394751_S1_8,metacontig,1350,1684,334
mm_R29_M6618_S1_6,metacontig,681,1046,365
MF521889_2,metacontig,1307,1640,333
mm_R29_M4142_S16_1,metacontig,8,259,251
st_R29_M181739_S1_2,metacontig,83,277,194
KY084481_16,metacontig,1433,1787,354
ma_R29_M4420_S1_1,metacontig,12,302,290
st_R29_M165241_S1_11,metacontig,1504,1858,354
st_R29_M6296_S1_5,metacontig,304,557,253
ar_R29_M29526_S1_3,metacontig,1178,1460,282
fu_R29_M5004_S1_2,metacontig,736,1127,391
mm_R29_M4142_S10_2,metacontig,29,359,330
st_R29_M42478_S1_15,metacontig,1483,1828,345
st_R29_M238047_S1_1,metacontig,180,525,345
st_R29_M210290_S1_1,metacontig,123,400,277
st_R29_M441033_S1_3,metacontig,60,405,345
st_R29_M109439_S15_6,metacontig,40,401,361
st_R29_M399796_S1_8,metacontig,1576,1931,355
st_R29_M34704_S120_4,metacontig,91,433,342
st_R29_M39837_S1_3,metacontig,1163,1493,330
MN059300_3,metacontig,1138,1509,371
JX040635_2,metacontig,1263,1598,335
st_R29_M298611_S1_8,metacontig,868,1207,339
st_R29_M387866_S1_2,metacontig,1,229,228
ar_R29_M30110_S1_7,metacontig,656,1026,370
st_R29_M141055_S1_1,metacontig,37,377,340
fu_R29_M2378_S1_1,metacontig,729,1126,397
NC_006059_5,metacontig,1138,1483,345
st_R29_M166754_S1_4,metacontig,1059,1391,332
st_R29_M175874_S1_3,metacontig,82,401,319
st_R29_M200389_S1_1,metacontig,240,622,382
st_R29_M132999_S1_1,metacontig,5,319,314
st_R29_M437552_S1_5,metacontig,1012,1352,340
ar_R29_M4307_S3_2,metacontig,44,341,297
st_R29_M368344_S1_4,metacontig,128,471,343
st_R29_M211661_S1_2,metacontig,232,535,303
st_R29_M37893_S1_1,metacontig,728,1084,356
st_R29_M205403_S1_4,metacontig,306,682,376
st_R29_M43398_S1_2,metacontig,65,441,376
ar_R29_M39075_S1_3,metacontig,238,580,342
st_R29_M35397_S1_1,metacontig,19,327,308
st_R29_M24939_S1_6,metacontig,1856,2236,380
st_R29_M178605_S1_1,metacontig,30,297,267
st_R29_M82153_S1_5,metacontig,752,1090,338
st_R29_M353933_S1_3,metacontig,30,317,287
st_R29_M259013_S1_3,metacontig,719,1008,289
st_R29_M75406_S1_3,metacontig,37,367,330
NC_040649_7,metacontig,1752,2097,345
st_R29_M64259_S1_4,metacontig,47,315,268
al_R29_M433_S1_1,metacontig,68,373,305
st_R29_M394798_S1_16,metacontig,1461,1802,341
st_R29_M209707_S1_1,metacontig,4,180,176
st_R29_M110949_S1_4,metacontig,14,318,304
NC_009532_10,metacontig,1396,1752,356
ar_R29_M39945_S1_1,metacontig,7,206,199
st_R29_M26725_S1_4,metacontig,240,599,359
st_R29_M24943_S1_4,metacontig,322,679,357
st_R29_M390500_S1_2,metacontig,289,671,382
st_R29_M90453_S1_2,metacontig,87,458,371
st_R29_M195907_S1_1,metacontig,130,479,349
st_R29_M364397_S1_9,metacontig,1422,1771,349
st_R29_M35399_S1_1,metacontig,60,374,314
st_R29_M101704_S1_5,metacontig,843,1193,350
st_R29_M10869_S1_3,metacontig,380,702,322
st_R29_M412582_S1_5,metacontig,188,534,346
st_R29_M326698_S1_1,metacontig,275,569,294
st_R29_M289340_S1_1,metacontig,421,774,353
st_R29_M426318_S1_1,metacontig,20,306,286
st_R29_M12879_S1_2,metacontig,138,499,361
st_R29_M55471_S1_2,metacontig,4,194,190
st_R29_M221323_S1_7,metacontig,232,555,323
ar_R29_M23782_S1_2,metacontig,339,692,353
st_R29_M171238_S1_2,metacontig,1243,1583,340
st_R29_M200394_S1_1,metacontig,390,772,382
mm_R29_M3041_S1_1,metacontig,400,782,382
MN059312_2,metacontig,957,1327,370
NC_040565_9,metacontig,1420,1762,342
LC107515_4,metacontig,1123,1491,368
KF632716_3,metacontig,1138,1509,371
st_R29_M109772_S1_2,metacontig,25,352,327
AB624361_3,metacontig,1309,1649,340
st_R29_M219526_S1_1,metacontig,11,392,381
st_R29_M235757_S1_2,metacontig,24,393,369
st_R29_M424992_S1_4,metacontig,776,1110,334
ar_R29_M28851_S1_6,metacontig,953,1300,347
st_R29_M74522_S3_3,metacontig,24,314,290
MN031278_2,metacontig,1018,1429,411
st_R29_M128122_S1_2,metacontig,175,536,361
st_R29_M440705_S1_2,metacontig,3,343,340
st_R29_M108382_S1_3,metacontig,33,347,314
fu_R29_M1776_S1_16,metacontig,1445,1835,390
ar_R29_M38443_S1_2,metacontig,143,492,349
st_R29_M5779_S1_2,metacontig,183,544,361
ma_R29_M811_S1_2,metacontig,282,537,255
st_R29_M314837_S1_1,metacontig,12,372,360
st_R29_M164766_S1_4,metacontig,2193,2572,379
ar_R29_M6021_S1_6,metacontig,978,1325,347
st_R29_M293798_S1_5,metacontig,1362,1701,339
st_R29_M289717_S1_1,metacontig,11,355,344
st_R29_M54475_S11_3,metacontig,63,414,351
st_R29_M386970_S1_3,metacontig,95,415,320
st_R29_M34704_S110_8,metacontig,155,422,267
st_R29_M445966_S1_6,metacontig,352,712,360
st_R29_M74875_S1_7,metacontig,660,999,339
mm_R29_M4293_S1_3,metacontig,68,254,186
st_R29_M34671_S1_12,metacontig,1517,1849,332
st_R29_M350549_S2_2,metacontig,129,425,296
ar_R29_M7579_S24_1,metacontig,168,475,307
fi_R29_M1653_S1_3,metacontig,21,286,265
MT018445_1,metacontig,1034,1408,374
fi_R29_M950_S24_3,metacontig,75,426,351
am_R29_M476_S1_2,metacontig,26,262,236
st_R29_M64128_S1_5,metacontig,19,375,356
KU697313_12,metacontig,979,1331,352
st_R29_M237413_S1_2,metacontig,16,307,291
MN733821_4,metacontig,179,554,375
fu_R29_M5491_S1_1,metacontig,649,1030,381
AY800279_4,metacontig,959,1309,350
st_R29_M409989_S1_21,metacontig,684,1035,351
st_R29_M229522_S1_5,metacontig,9,262,253
st_R29_M61908_S1_3,metacontig,1014,1283,269
st_R29_M237348_S1_4,metacontig,578,957,379
ar_R29_M32570_S2_1,metacontig,9,307,298
st_R29_M142266_S1_12,metacontig,1938,2229,291
st_R29_M26719_S1_20,metacontig,725,1083,358
st_R29_M234903_S1_5,metacontig,645,1012,367
st_R29_M37704_S1_5,metacontig,198,608,410
st_R29_M436984_S1_3,metacontig,210,575,365
ar_R29_M36208_S1_15,metacontig,1311,1629,318
st_R29_M75402_S1_4,metacontig,66,367,301
st_R29_M312170_S1_6,metacontig,448,782,334
st_R29_M26723_S1_24,metacontig,1500,1865,365
st_R29_M71866_S1_9,metacontig,229,593,364
st_R29_M310579_S1_5,metacontig,2,259,257
st_R29_M35276_S1_20,metacontig,808,1163,355
MK492703_1,metacontig,1317,1644,327
st_R29_M174904_S1_3,metacontig,16,274,258
st_R29_M41891_S1_3,metacontig,1027,1367,340
st_R29_M71865_S1_6,metacontig,790,1156,366
st_R29_M264833_S1_4,metacontig,4,261,257
st_R29_M394806_S1_10,metacontig,598,938,340
st_R29_M244018_S1_6,metacontig,482,835,353
ar_R29_M39555_S1_4,metacontig,1214,1565,351
MW196361_5,metacontig,2158,2522,364
ar_R29_M42416_S1_9,metacontig,1171,1514,343
st_R29_M368374_S1_1,metacontig,11,276,265
ar_R29_M25318_S1_4,metacontig,629,1024,395
st_R29_M140029_S1_12,metacontig,1373,1719,346
ar_R29_M2201_S2_7,metacontig,766,1111,345
st_R29_M220512_S23_1,metacontig,394,776,382
NC_016960_2,metacontig,182,544,362
st_R29_M80142_S1_1,metacontig,26,292,266
st_R29_M96679_S2_1,metacontig,435,817,382
mm_R29_M2585_S1_2,metacontig,152,500,348
st_R29_M380982_S1_5,metacontig,1359,1704,345
LC485538_1,metacontig,1594,1944,350
st_R29_M380878_S1_22,metacontig,1632,1994,362
st_R29_M182322_S1_14,metacontig,1165,1506,341
fu_R29_M907_S19_7,metacontig,1185,1517,332
st_R29_M311561_S1_6,metacontig,166,525,359
st_R29_M73070_S1_4,metacontig,734,1105,371
fu_R29_M741_S1_2,metacontig,102,358,256
st_R29_M379432_S1_3,metacontig,140,424,284
st_R29_M19770_S3_15,metacontig,658,1014,356
st_R29_M1552_S1_1,metacontig,198,572,374
st_R29_M82386_S1_5,metacontig,1337,1658,321
st_R29_M259766_S1_3,metacontig,5,276,271
st_R29_M216665_S1_5,metacontig,363,733,370
st_R29_M111892_S1_5,metacontig,251,591,340
st_R29_M237377_S1_6,metacontig,635,1023,388
st_R29_M237817_S1_4,metacontig,111,439,328
KT162926_10,metacontig,1261,1617,356
NC_001753_5,metacontig,1262,1635,373
MN879754_6,metacontig,1574,1918,344
st_R29_M114003_S1_2,metacontig,4,352,348
st_R29_M416594_S1_2,metacontig,517,828,311
st_R29_M54640_S1_1,metacontig,876,1255,379
st_R29_M351596_S1_1,metacontig,29,378,349
st_R29_M41458_S1_1,metacontig,206,404,198
st_R29_M152516_S1_13,metacontig,1460,1799,339
ar_R29_M26412_S1_4,metacontig,706,1056,350
st_R29_M35748_S1_1,metacontig,4,358,354
st_R29_M408352_S1_3,metacontig,758,1133,375
st_R29_M208736_S1_1,metacontig,4,234,230
st_R29_M34576_S1_2,metacontig,7,310,303
st_R29_M412541_S1_1,metacontig,11,302,291
st_R29_M367915_S1_2,metacontig,148,423,275
st_R29_M401762_S1_20,metacontig,817,1196,379
st_R29_M359873_S1_2,metacontig,480,857,377
st_R29_M178590_S1_10,metacontig,234,571,337
st_R29_M3703_S1_3,metacontig,10,377,367
st_R29_M317140_S1_3,metacontig,45,388,343
st_R29_M109487_S1_1,metacontig,1,298,297
st_R29_M171237_S1_17,metacontig,1220,1577,357
st_R29_M166724_S1_8,metacontig,3,337,334
st_R29_M394797_S1_8,metacontig,1043,1384,341
ar_R29_M10444_S1_1,metacontig,63,421,358
ma_R29_M356_S1_2,metacontig,250,589,339
st_R29_M300661_S46_1,metacontig,50,247,197
st_R29_M35455_S1_6,metacontig,1298,1619,321
mm_R29_M2913_S1_1,metacontig,24,366,342
ar_R29_M7069_S1474_5,metacontig,33,244,211
st_R29_M178445_S1_3,metacontig,59,400,341
sp_R29_M235_S1_2,metacontig,416,789,373
st_R29_M80642_S1_3,metacontig,242,498,256
NC_001746_6,metacontig,1417,1785,368
fu_R29_M304_S1_1,metacontig,37,319,282
st_R29_M83967_S1_1,metacontig,15,378,363
st_R29_M335858_S1_3,metacontig,51,341,290
st_R29_M46611_S1_4,metacontig,1,181,180
st_R29_M173425_S1_2,metacontig,15,262,247
ar_R29_M23381_S1_11,metacontig,1249,1632,383
st_R29_M314224_S1_1,metacontig,9,278,269
M72416_1,metacontig,1025,1386,361
st_R29_M265987_S1_1,metacontig,92,454,362
MK514427_1,metacontig,1393,1753,360
st_R29_M67065_S1_2,metacontig,17,256,239
NC_001512_1,metacontig,2100,2503,403
st_R29_M286224_S1_9,metacontig,549,891,342
st_R29_M204745_S1_3,metacontig,958,1342,384
GQ179646_3,metacontig,1124,1491,367
st_R29_M111525_S1_6,metacontig,1347,1691,344
st_R29_M75164_S1_6,metacontig,7,316,309
st_R29_M113672_S1_2,metacontig,16,310,294
st_R29_M120230_S1_2,metacontig,35,419,384
st_R29_M311150_S1_4,metacontig,42,320,278
ar_R29_M41536_S1_5,metacontig,459,810,351
st_R29_M27751_S1_1,metacontig,35,298,263
st_R29_M365919_S1_12,metacontig,861,1193,332
NC_038674_2,metacontig,180,581,401
st_R29_M111897_S1_1,metacontig,3,233,230
st_R29_M2750_S5_5,metacontig,23,350,327
st_R29_M311738_S1_8,metacontig,166,507,341
GU396990_16,metacontig,1374,1727,353
st_R29_M88413_S1_4,metacontig,28,336,308
ma_R29_M3336_S1_12,metacontig,1282,1555,273
st_R29_M212301_S1_2,metacontig,60,338,278
fu_R29_M1984_S1_2,metacontig,7,255,248
st_R29_M195916_S1_5,metacontig,387,737,350
st_R29_M450896_S1_2,metacontig,8,182,174
mm_R29_M4142_S18_1,metacontig,75,350,275
st_R29_M266614_S1_4,metacontig,1795,2173,378
st_R29_M248029_S1_5,metacontig,46,375,329
st_R29_M254668_S1_1,metacontig,8,242,234
st_R29_M226035_S1_10,metacontig,185,526,341
st_R29_M368391_S1_5,metacontig,7,352,345
NC_003634_11,metacontig,1476,1827,351
st_R29_M394775_S1_15,metacontig,1226,1565,339
st_R29_M245726_S1_7,metacontig,77,444,367
st_R29_M90121_S1_3,metacontig,27,316,289
st_R29_M177389_S1_2,metacontig,76,446,370
ma_R29_M3695_S1_1,metacontig,1570,1965,395
st_R29_M364338_S1_5,metacontig,121,475,354
st_R29_M295945_S1_1,metacontig,468,759,291
st_R29_M97427_S1_5,metacontig,199,470,271
st_R29_M381371_S1_2,metacontig,2551,2931,380
st_R29_M339905_S1_2,metacontig,151,451,300
st_R29_M220512_S14_3,metacontig,1372,1754,382
st_R29_M204743_S1_4,metacontig,1467,1843,376
ar_R29_M24335_S1_4,metacontig,201,529,328
ar_R29_M43280_S1_1,metacontig,8,196,188
ar_R29_M39237_S1_1,metacontig,8,298,290
fu_R29_M2000_S2_6,metacontig,512,801,289
fi_R29_M1176_S1_3,metacontig,34,407,373
MN059320_1,metacontig,1142,1513,371
st_R29_M220512_S13_3,metacontig,1432,1814,382
st_R29_M8953_S1_4,metacontig,5,187,182
LC155795_3,metacontig,981,1330,349
st_R29_M297159_S1_3,metacontig,48,344,296
st_R29_M212800_S1_4,metacontig,25,291,266
st_R29_M126339_S1_3,metacontig,62,316,254
st_R29_M3817_S4_6,metacontig,331,664,333
st_R29_M106713_S1_1,metacontig,194,585,391
st_R29_M290525_S1_3,metacontig,26,338,312
ar_R29_M31904_S1_1,metacontig,56,329,273
ar_R29_M36187_S1_1,metacontig,346,732,386
st_R29_M293797_S1_4,metacontig,1347,1691,344
st_R29_M17002_S1_5,metacontig,778,1084,306
st_R29_M248378_S1_3,metacontig,255,581,326
st_R29_M343246_S1_2,metacontig,45,432,387
MN059299_1,metacontig,1163,1534,371
st_R29_M26316_S1_1,metacontig,14,266,252
st_R29_M100575_S1_1,metacontig,306,643,337
st_R29_M286875_S1_1,metacontig,34,404,370
st_R29_M75678_S1_6,metacontig,71,302,231
MN059272_1,metacontig,1114,1484,370
st_R29_M232392_S1_4,metacontig,17,285,268
st_R29_M162037_S1_5,metacontig,979,1375,396
st_R29_M82152_S1_17,metacontig,1057,1395,338
st_R29_M111900_S1_3,metacontig,52,314,262
st_R29_M93140_S1_2,metacontig,33,323,290
st_R29_M222246_S1_6,metacontig,236,589,353
st_R29_M352998_S1_1,metacontig,154,514,360
st_R29_M176255_S1_18,metacontig,1687,2032,345
st_R29_M373802_S1_15,metacontig,1624,1946,322
st_R29_M312173_S1_1,metacontig,73,408,335
st_R29_M204744_S1_6,metacontig,1120,1505,385
st_R29_M381353_S1_10,metacontig,1312,1661,349
st_R29_M252981_S1_4,metacontig,866,1210,344
st_R29_M44987_S2_2,metacontig,1136,1506,370
st_R29_M212657_S1_16,metacontig,1489,1830,341
st_R29_M287490_S1_1,metacontig,36,309,273
ar_R29_M33601_S1_1,metacontig,22,252,230
st_R29_M208978_S1_2,metacontig,3,355,352
st_R29_M263801_S10_1,metacontig,286,564,278
st_R29_M412540_S1_1,metacontig,15,306,291
st_R29_M276657_S1_1,metacontig,6,358,352
st_R29_M389646_S1_3,metacontig,694,954,260
st_R29_M377406_S1_1,metacontig,112,493,381
KU854929_1,metacontig,1161,1535,374
st_R29_M238145_S1_1,metacontig,8,191,183
st_R29_M220713_S1_10,metacontig,633,960,327
ar_R29_M34911_S1_1,metacontig,1254,1613,359
st_R29_M365124_S1_16,metacontig,1409,1787,378
AF075255_2,metacontig,179,580,401
MH898957_11,metacontig,1434,1780,346
AF075252_3,metacontig,181,580,399
mm_R29_M7000_S1_1,metacontig,56,343,287
st_R29_M35395_S1_1,metacontig,806,1137,331
ma_R29_M368_S1_7,metacontig,643,1037,394
st_R29_M354860_S1_1,metacontig,729,1103,374
st_R29_M431782_S1_1,metacontig,9,186,177
st_R29_M33102_S1_4,metacontig,1998,2366,368
MH719095_1,metacontig,1812,2223,411
st_R29_M145715_S1_2,metacontig,338,699,361
st_R29_M54645_S1_4,metacontig,914,1260,346
st_R29_M41929_S1_3,metacontig,98,446,348
st_R29_M53327_S1_10,metacontig,1764,2170,406
ar_R29_M10582_S1_5,metacontig,1215,1565,350
ar_R29_M16428_S1_10,metacontig,1773,2117,344
st_R29_M220512_S7_4,metacontig,2076,2458,382
st_R29_M173379_S1_2,metacontig,19,276,257
st_R29_M185235_S1_2,metacontig,82,401,319
ar_R29_M6331_S1_9,metacontig,1123,1459,336
MH086246_2,metacontig,178,580,402
st_R29_M319_S1_1,metacontig,1393,1753,360
st_R29_M28506_S1_2,metacontig,53,441,388
st_R29_M306824_S1_2,metacontig,3,326,323
ar_R29_M30262_S1_7,metacontig,2403,2786,383
st_R29_M130654_S1_7,metacontig,321,552,231
st_R29_M209284_S1_6,metacontig,168,543,375
st_R29_M441023_S1_11,metacontig,1245,1589,344
st_R29_M181694_S1_1,metacontig,24,260,236
st_R29_M394750_S1_6,metacontig,1343,1680,337
st_R29_M153145_S1_16,metacontig,1687,2032,345
MG737712_4,metacontig,1157,1442,285
fu_R29_M2838_S1_3,metacontig,2,220,218
st_R29_M368346_S1_5,metacontig,258,604,346
fi_R29_M1504_S1_1,metacontig,4,373,369
ma_R29_M5763_S1_1,metacontig,3,336,333
MN820528_2,metacontig,142,545,403
st_R29_M184731_S1_3,metacontig,15,249,234
st_R29_M221320_S1_15,metacontig,1630,2055,425
st_R29_M354473_S1_1,metacontig,97,278,181
st_R29_M34810_S1_6,metacontig,92,432,340
st_R29_M136039_S1_1,metacontig,1483,1862,379
st_R29_M89471_S1_3,metacontig,4,351,347
st_R29_M129744_S1_3,metacontig,4,351,347
st_R29_M89474_S1_21,metacontig,1056,1420,364
KR260736_2,metacontig,182,580,398
st_R29_M220561_S1_7,metacontig,182,580,398
st_R29_M23125_S1_1,metacontig,279,647,368
ma_R29_M237_S2_3,metacontig,883,1231,348
sa_R29_M3231_S1_8,metacontig,315,644,329
st_R29_M101736_S2_5,metacontig,2521,2903,382
KY618135_2,metacontig,184,545,361
fu_R29_M1409_S1_2,metacontig,16,334,318
st_R29_M220512_S2_2,metacontig,2521,2903,382
st_R29_M143382_S1_6,metacontig,51,285,234
st_R29_M106710_S4_2,metacontig,692,1072,380
st_R29_M290991_S1_2,metacontig,92,501,409
st_R29_M128044_S2_3,metacontig,35,336,301
st_R29_M298484_S2_1,metacontig,740,1115,375
st_R29_M212385_S1_1,metacontig,8,294,286
st_R29_M105248_S1_26,metacontig,34,302,268
st_R29_M308397_S1_20,metacontig,427,789,362
st_R29_M186613_S1_1,metacontig,623,1014,391
ar_R29_M40342_S1_3,metacontig,2,170,168
mm_R29_M5397_S1_5,metacontig,394,668,274
mm_R29_M5397_S12_2,metacontig,211,485,274
ro_R29_M276_S1_2,metacontig,6,387,381
st_R29_M173971_S1_1,metacontig,638,979,341
st_R29_M65541_S1_3,metacontig,145,495,350
st_R29_M51673_S1_1,metacontig,452,701,249
KX589065_1,metacontig,1125,1441,316
MH025891_6,metacontig,971,1323,352
fu_R29_M454_S2_11,metacontig,1935,2312,377
st_R29_M402153_S1_1,metacontig,4,353,349
st_R29_M24863_S1_1,metacontig,44,304,260
st_R29_M402164_S1_1,metacontig,606,948,342
st_R29_M364347_S1_3,metacontig,135,484,349
st_R29_M33114_S1_1,metacontig,79,426,347
st_R29_M351927_S1_1,metacontig,82,346,264
st_R29_M319620_S1_3,metacontig,173,465,292
st_R29_M155623_S1_2,metacontig,566,951,385
ar_R29_M18506_S1_4,metacontig,71,412,341
sa_R29_M2399_S1_2,metacontig,1146,1427,281
ar_R29_M34635_S1_3,metacontig,875,1247,372
st_R29_M81418_S1_2,metacontig,10,224,214
ar_R29_M7069_S815_12,metacontig,156,548,392
st_R29_M120432_S1_8,metacontig,712,1090,378
MG596242_1,metacontig,1773,2149,376
st_R29_M117756_S1_1,metacontig,299,677,378
st_R29_M167164_S19_8,metacontig,129,469,340
st_R29_M60402_S1_1,metacontig,32,299,267
st_R29_M277505_S1_2,metacontig,6,238,232
MH389250_1,metacontig,1252,1623,371
st_R29_M23832_S1_2,metacontig,48,312,264
ar_R29_M24335_S2_2,metacontig,249,523,274
mm_R29_M6264_S1_4,metacontig,81,325,244
st_R29_M387073_S1_3,metacontig,1383,1736,353
fi_R29_M972_S1_3,metacontig,17,307,290
st_R29_M420368_S1_1,metacontig,147,523,376
st_R29_M183260_S1_1,metacontig,245,587,342
st_R29_M359851_S1_1,metacontig,9,182,173
st_R29_M409403_S1_1,metacontig,183,530,347
st_R29_M335814_S1_3,metacontig,441,764,323
NC_016962_3,metacontig,183,581,398
st_R29_M227429_S1_2,metacontig,731,1111,380
LC155796_4,metacontig,980,1330,350
st_R29_M129749_S1_4,metacontig,128,490,362
st_R29_M298546_S1_1,metacontig,298,658,360
st_R29_M34237_S1_2,metacontig,1140,1496,356
st_R29_M306808_S1_3,metacontig,1193,1536,343
st_R29_M446400_S1_2,metacontig,27,263,236
ar_R29_M20331_S1_2,metacontig,4,212,208
mm_R29_M5550_S1_7,metacontig,1270,1606,336
st_R29_M167164_S3_13,metacontig,408,750,342
st_R29_M412543_S1_1,metacontig,11,286,275
st_R29_M289278_S1_7,metacontig,792,1140,348
st_R29_M167164_S14_7,metacontig,548,899,351
fu_R29_M454_S3_11,metacontig,1917,2272,355
st_R29_M386391_S1_5,metacontig,1197,1596,399
st_R29_M394778_S1_2,metacontig,10,274,264
mm_R29_M5397_S10_1,metacontig,100,392,292
NC_040647_9,metacontig,995,1325,330
st_R29_M166861_S1_4,metacontig,99,353,254
ar_R29_M242_S2_7,metacontig,3,191,188
st_R29_M139957_S1_4,metacontig,13,262,249
st_R29_M53239_S1_15,metacontig,709,1051,342
st_R29_M375242_S1_6,metacontig,41,362,321
st_R29_M172034_S1_1,metacontig,645,1026,381
NC_014904_1,metacontig,2756,3121,365
st_R29_M406015_S1_8,metacontig,57,427,370
st_R29_M288776_S1_1,metacontig,8,375,367
st_R29_M253241_S1_2,metacontig,42,356,314
NC_003849_9,metacontig,976,1328,352
fu_R29_M917_S2_7,metacontig,116,511,395
sp_R29_M664_S1_1,metacontig,49,465,416
st_R29_M426374_S1_3,metacontig,223,605,382
st_R29_M52862_S1_1,metacontig,283,657,374
st_R29_M381700_S1_7,metacontig,1147,1520,373
NC_038675_2,metacontig,179,581,402
MF998084_4,metacontig,1256,1599,343
st_R29_M323767_S1_7,metacontig,1186,1504,318
st_R29_M402087_S1_3,metacontig,27,337,310
MN053827_9,metacontig,1787,2131,344
al_R29_M763_S1_1,metacontig,1,107,106
st_R29_M191064_S1_1,metacontig,33,337,304
st_R29_M216292_S1_2,metacontig,8,267,259
st_R29_M419686_S1_8,metacontig,109,463,354
st_R29_M73266_S1_19,metacontig,2547,2915,368
st_R29_M264978_S1_5,metacontig,193,530,337
ar_R29_M20791_S1_1,metacontig,868,1240,372
st_R29_M354804_S1_1,metacontig,367,636,269
st_R29_M44556_S1_1,metacontig,3,254,251
st_R29_M110932_S11_2,metacontig,32,280,248
MK683451_9,metacontig,1275,1605,330
st_R29_M167164_S2_9,metacontig,463,803,340
st_R29_M353346_S1_1,metacontig,7,323,316
st_R29_M270201_S1_8,metacontig,1533,1902,369
AB360796_5,metacontig,971,1323,352
st_R29_M72630_S3_3,metacontig,55,232,177
KR260737_2,metacontig,182,580,398
st_R29_M212296_S51_2,metacontig,171,525,354
MK116552_1,metacontig,1023,1385,362
st_R29_M298484_S1_2,metacontig,1592,1968,376
ar_R29_M31023_S1_1,metacontig,1188,1575,387
st_R29_M195740_S1_2,metacontig,29,327,298
st_R29_M354822_S1_1,metacontig,107,373,266
fu_R29_M2000_S1_15,metacontig,1683,1972,289
fu_R29_M5713_S1_4,metacontig,27,258,231
mm_R29_M8060_S1_1,metacontig,613,998,385
AF308158_2,metacontig,1164,1512,348
st_R29_M125472_S1_1,metacontig,128,530,402
st_R29_M445220_S1_9,metacontig,6,209,203
mm_R29_M6701_S1_6,metacontig,283,624,341
st_R29_M1191_S1_3,metacontig,1246,1621,375
st_R29_M313645_S1_6,metacontig,1119,1489,370
st_R29_M369793_S1_2,metacontig,79,443,364
st_R29_M142267_S1_6,metacontig,728,1109,381
st_R29_M69951_S1_3,metacontig,2,181,179
st_R29_M176644_S16_7,metacontig,41,280,239
st_R29_M91203_S1_3,metacontig,1055,1417,362
st_R29_M212710_S1_4,metacontig,9,251,242
st_R29_M238994_S1_1,metacontig,54,340,286
LC425115_17,metacontig,3603,3875,272
st_R29_M220518_S1_2,metacontig,41,339,298
st_R29_M16991_S32_2,metacontig,25,310,285
MG976720_2,metacontig,1154,1430,276
mm_R29_M4142_S20_1,metacontig,9,244,235
st_R29_M37952_S1_5,metacontig,342,687,345
st_R29_M142175_S1_2,metacontig,60,383,323
st_R29_M243870_S1_18,metacontig,1430,1786,356
ar_R29_M28803_S1_8,metacontig,1420,1771,351
st_R29_M366351_S1_4,metacontig,756,1104,348
st_R29_M368347_S1_10,metacontig,435,780,345
st_R29_M34122_S1_2,metacontig,3,260,257
st_R29_M181241_S1_3,metacontig,53,246,193
st_R29_M420056_S1_2,metacontig,12,308,296
st_R29_M66359_S1_2,metacontig,12,308,296
MH229928_2,metacontig,182,599,417
st_R29_M140042_S1_2,metacontig,155,474,319
st_R29_M19963_S1_1,metacontig,1482,1846,364
fu_R29_M1322_S1_1,metacontig,42,345,303
st_R29_M216293_S1_4,metacontig,188,556,368
st_R29_M266858_S1_2,metacontig,10,261,251
st_R29_M30872_S1_1,metacontig,3,394,391
st_R29_M197691_S1_2,metacontig,762,1167,405
st_R29_M156673_S1_1,metacontig,11,288,277
st_R29_M60449_S1_5,metacontig,585,939,354
st_R29_M389316_S1_2,metacontig,11,273,262
st_R29_M60302_S1_1,metacontig,79,340,261
KR819505_1,metacontig,1069,1457,388
st_R29_M323960_S1_1,metacontig,151,511,360
mm_R29_M5397_S6_1,metacontig,103,395,292
st_R29_M262735_S1_3,metacontig,15,299,284
st_R29_M221307_S1_4,metacontig,1069,1450,381
st_R29_M299421_S1_7,metacontig,722,1107,385
st_R29_M256069_S1_1,metacontig,66,314,248
st_R29_M394805_S1_3,metacontig,12,287,275
st_R29_M46089_S1_5,metacontig,138,533,395
MN059324_2,metacontig,1118,1489,371
st_R29_M64218_S1_3,metacontig,23,217,194
st_R29_M96675_S1_1,metacontig,43,362,319
st_R29_M245374_S1_1,metacontig,102,345,243
st_R29_M367473_S1_3,metacontig,21,307,286
st_R29_M97101_S1_1,metacontig,11,262,251
st_R29_M389731_S1_5,metacontig,585,972,387
st_R29_M212296_S48_6,metacontig,714,1068,354
st_R29_M200511_S1_2,metacontig,46,322,276
MT015691_2,metacontig,187,544,357
fi_R29_M749_S1_3,metacontig,111,439,328
st_R29_M239832_S1_2,metacontig,325,602,277
st_R29_M226876_S1_2,metacontig,1,229,228
st_R29_M121284_S1_10,metacontig,1389,1731,342
st_R29_M171121_S1_2,metacontig,19,349,330
st_R29_M178449_S1_2,metacontig,28,355,327
MT036048_10,metacontig,1479,1851,372
st_R29_M71867_S1_7,metacontig,223,593,370
st_R29_M102469_S1_5,metacontig,1143,1507,364
st_R29_M119380_S1_1,metacontig,1069,1447,378
st_R29_M323466_S1_2,metacontig,49,379,330
st_R29_M380949_S1_2,metacontig,92,471,379
MN059261_3,metacontig,1121,1491,370
U86599_1,metacontig,4441,4869,428
st_R29_M67929_S1_5,metacontig,44,306,262
ar_R29_M17876_S1_1,metacontig,3,181,178
NC_030655_15,metacontig,3104,3428,324
st_R29_M125539_S1_1,metacontig,5,234,229
mm_R29_M3613_S1_1,metacontig,467,817,350
st_R29_M14990_S1_1,metacontig,3,174,171
st_R29_M287486_S1_1,metacontig,6,235,229
st_R29_M331969_S1_3,metacontig,726,1012,286
st_R29_M236198_S1_4,metacontig,86,376,290
MN059369_2,metacontig,1070,1451,381
ar_R29_M7069_S739_4,metacontig,1295,1663,368
st_R29_M252658_S1_3,metacontig,18,378,360
fu_R29_M2602_S3_3,metacontig,932,1287,355
st_R29_M80605_S1_19,metacontig,1580,1914,334
st_R29_M239628_S1_3,metacontig,347,688,341
NC_022961_1,metacontig,1070,1451,381
KF550407_1,metacontig,1069,1449,380
st_R29_M128753_S1_13,metacontig,189,546,357
st_R29_M374385_S1_1,metacontig,22,297,275
NC_010416_4,metacontig,1180,1556,376
st_R29_M257208_S1_6,metacontig,575,949,374
st_R29_M442428_S1_3,metacontig,1144,1518,374
st_R29_M14980_S1_2,metacontig,256,625,369
st_R29_M164767_S3_6,metacontig,62,419,357
st_R29_M102285_S1_4,metacontig,571,939,368
st_R29_M380176_S1_6,metacontig,1060,1413,353
st_R29_M51306_S1_3,metacontig,4,250,246
AF172259_1,metacontig,1024,1385,361
ar_R29_M5685_S1_3,metacontig,1035,1368,333
st_R29_M63800_S1_2,metacontig,15,243,228
st_R29_M166932_S1_3,metacontig,680,1016,336
st_R29_M299165_S1_5,metacontig,1066,1433,367
st_R29_M178423_S1_1,metacontig,2,192,190
st_R29_M106710_S1_2,metacontig,1000,1371,371
st_R29_M54621_S1_1,metacontig,13,351,338
st_R29_M322941_S1_9,metacontig,215,525,310
st_R29_M379487_S1_1,metacontig,48,319,271
AB066288_5,metacontig,963,1297,334
st_R29_M291361_S1_4,metacontig,83,406,323
ar_R29_M31131_S1_2,metacontig,62,393,331
st_R29_M311999_S1_2,metacontig,425,779,354
st_R29_M1182_S1_4,metacontig,1247,1620,373
st_R29_M369799_S1_1,metacontig,120,484,364
st_R29_M257183_S1_1,metacontig,698,1099,401
fu_R29_M1847_S1_3,metacontig,487,828,341
st_R29_M252961_S1_1,metacontig,98,473,375
st_R29_M34550_S1_2,metacontig,19,281,262
MF589985_5,metacontig,178,581,403
MN059368_2,metacontig,1069,1454,385
st_R29_M136564_S1_2,metacontig,149,514,365
ro_R29_M7_S2_1,metacontig,28,377,349
st_R29_M101782_S1_2,metacontig,254,508,254
st_R29_M309486_S1_1,metacontig,33,224,191
st_R29_M249675_S1_1,metacontig,20,348,328
ar_R29_M39250_S5_1,metacontig,10,352,342
st_R29_M396458_S1_3,metacontig,6,183,177
st_R29_M55692_S1_19,metacontig,1091,1464,373
st_R29_M101835_S1_5,metacontig,255,629,374
MT706020_2,metacontig,3709,4083,374
st_R29_M74909_S1_1,metacontig,5,329,324
ar_R29_M30646_S1_1,metacontig,4,365,361
st_R29_M82590_S1_3,metacontig,51,325,274
st_R29_M102244_S1_5,metacontig,46,315,269
st_R29_M22444_S1_4,metacontig,92,380,288
ar_R29_M11467_S1_15,metacontig,3909,4281,372
st_R29_M309522_S1_3,metacontig,30,264,234
st_R29_M152280_S1_1,metacontig,131,405,274
st_R29_M93081_S1_2,metacontig,16,254,238
ar_R29_M34025_S1_1,metacontig,1035,1368,333
MH880789_2,metacontig,183,553,370
st_R29_M420215_S1_2,metacontig,39,293,254
st_R29_M248430_S1_2,metacontig,41,284,243
st_R29_M240548_S1_1,metacontig,205,547,342
ma_R29_M1960_S1_3,metacontig,14,397,383
st_R29_M270181_S1_3,metacontig,102,402,300
st_R29_M407743_S1_6,metacontig,12,176,164
MN059344_2,metacontig,1068,1449,381
st_R29_M445286_S1_1,metacontig,58,358,300
st_R29_M445256_S6_6,metacontig,69,471,402
st_R29_M119802_S1_2,metacontig,6,254,248
st_R29_M178446_S1_3,metacontig,67,304,237
MT344121_2,metacontig,1849,2240,391
st_R29_M361768_S1_3,metacontig,120,407,287
st_R29_M139666_S1_3,metacontig,25,332,307
fu_R29_M2602_S2_12,metacontig,1582,1937,355
st_R29_M387607_S1_1,metacontig,50,412,362
ma_R29_M4698_S9_21,metacontig,14,397,383
st_R29_M129720_S1_3,metacontig,5,358,353
st_R29_M117671_S1_4,metacontig,1092,1465,373
KJ789134_2,metacontig,907,1262,355
st_R29_M4799_S1_2,metacontig,4335,4615,280
ma_R29_M1960_S21_1,metacontig,14,389,375
st_R29_M332695_S1_3,metacontig,25,261,236
st_R29_M204990_S1_1,metacontig,8,380,372
st_R29_M17876_S1_2,metacontig,176,533,357
st_R29_M270200_S1_1,metacontig,3830,4234,404
ar_R29_M41476_S1_7,metacontig,202,561,359
st_R29_M442429_S1_5,metacontig,1144,1518,374
st_R29_M176671_S1_4,metacontig,529,793,264
st_R29_M374892_S1_9,metacontig,1647,1910,263
NC_038670_2,metacontig,181,554,373
st_R29_M83229_S1_4,metacontig,383,636,253
fu_R29_M1597_S1_16,metacontig,131,378,247
st_R29_M14856_S1_14,metacontig,1523,1894,371
st_R29_M424577_S1_7,metacontig,1410,1763,353
st_R29_M102219_S1_3,metacontig,94,415,321
st_R29_M277224_S1_4,metacontig,430,729,299
st_R29_M65546_S1_4,metacontig,122,404,282
st_R29_M106690_S1_2,metacontig,67,459,392
sp_R29_M384_S1_1,metacontig,3837,4198,361
MN059304_1,metacontig,1121,1492,371
MN203139_2,metacontig,1134,1513,379
st_R29_M389731_S3_1,metacontig,4,375,371
KM009120_1,metacontig,907,1262,355
KY618130_2,metacontig,185,544,359
st_R29_M208983_S1_10,metacontig,639,958,319
st_R29_M385327_S1_6,metacontig,1256,1634,378
st_R29_M374223_S1_1,metacontig,144,508,364
st_R29_M401692_S1_1,metacontig,51,401,350
st_R29_M180945_S1_2,metacontig,17,377,360
st_R29_M364321_S1_6,metacontig,641,1117,476
st_R29_M362892_S1_3,metacontig,1058,1419,361
MF993533_2,metacontig,129,530,401
st_R29_M202559_S1_1,metacontig,170,450,280
fu_R29_M3864_S1_8,metacontig,520,881,361
st_R29_M306829_S1_1,metacontig,25,350,325
st_R29_M176256_S1_2,metacontig,20,349,329
MH620810_1,metacontig,5262,5910,648
LC522980_3,metacontig,40,285,245
MN059253_1,metacontig,1121,1491,370
st_R29_M25740_S1_5,metacontig,74,356,282
MK530705_5,metacontig,1603,1962,359
MH898958_10,metacontig,1388,1734,346
KJ469589_3,metacontig,184,541,357
MK279479_1,metacontig,4288,4618,330
st_R29_M178470_S1_6,metacontig,76,412,336
st_R29_M222230_S1_2,metacontig,97,404,307
st_R29_M130930_S1_5,metacontig,13,259,246
st_R29_M204737_S1_6,metacontig,467,801,334
st_R29_M113830_S1_14,metacontig,456,789,333
st_R29_M125477_S1_1,metacontig,1,170,169
MN477208_3,metacontig,183,543,360
NC_038673_2,metacontig,179,580,401
fu_R29_M2086_S1_2,metacontig,1790,2141,351
NC_036587_2,metacontig,1120,1488,368
fi_R29_M1477_S1_13,metacontig,1090,1394,304
NC_032681_8,metacontig,182,584,402
st_R29_M268533_S1_7,metacontig,16,287,271
GQ287646_2,metacontig,183,545,362
fu_R29_M4012_S1_20,metacontig,1408,1772,364
st_R29_M357651_S1_3,metacontig,609,951,342
st_R29_M173682_S1_1,metacontig,52,385,333
st_R29_M204738_S1_7,metacontig,404,763,359
st_R29_M175764_S5_3,metacontig,752,1016,264
st_R29_M39647_S1_4,metacontig,1366,1741,375
st_R29_M359984_S1_12,metacontig,1287,1659,372
st_R29_M165626_S1_1,metacontig,1763,2138,375
st_R29_M359803_S1_1,metacontig,1871,2236,365
st_R29_M111933_S1_3,metacontig,39,306,267
st_R29_M76370_S1_1,metacontig,621,950,329
KJ469626_3,metacontig,184,541,357
NC_026136_2,metacontig,2945,3340,395
st_R29_M212296_S20_2,metacontig,1060,1414,354
st_R29_M212296_S27_4,metacontig,155,535,380
MT706023_5,metacontig,1839,2199,360
st_R29_M177841_S1_12,metacontig,1010,1355,345
st_R29_M191060_S1_1,metacontig,29,341,312
st_R29_M96727_S1_1,metacontig,1684,2035,351
BK013349_5,metacontig,2355,2694,339
st_R29_M288774_S1_2,metacontig,774,1168,394
st_R29_M265211_S1_5,metacontig,84,411,327
ma_R29_M3745_S1_17,metacontig,2356,2695,339
st_R29_M204701_S1_2,metacontig,32,256,224
st_R29_M129717_S1_1,metacontig,4,358,354
st_R29_M212296_S12_7,metacontig,1115,1469,354
st_R29_M167164_S1_29,metacontig,1496,1833,337
ma_R29_M4698_S43_3,metacontig,179,554,375
NC_025252_1,metacontig,956,1346,390
sa_R29_M2932_S1_1,metacontig,52,424,372
NC_018615_6,metacontig,178,545,367
ar_R29_M40455_S1_5,metacontig,509,869,360
st_R29_M328465_S1_3,metacontig,132,433,301
st_R29_M171239_S3_4,metacontig,25,255,230
ar_R29_M20732_S1_2,metacontig,1945,2330,385
ar_R29_M6960_S1_6,metacontig,2068,2469,401
st_R29_M107236_S1_1,metacontig,121,500,379
fu_R29_M5997_S1_4,metacontig,11,239,228
st_R29_M369782_S2_10,metacontig,1259,1661,402
MH389251_1,metacontig,1247,1618,371
sa_R29_M1862_S1_2,metacontig,1316,1664,348
st_R29_M220791_S1_6,metacontig,618,978,360
ma_R29_M1960_S18_2,metacontig,147,522,375
st_R29_M70191_S1_5,metacontig,47,329,282
st_R29_M152277_S1_6,metacontig,394,685,291
st_R29_M255261_S1_2,metacontig,68,400,332
NC_001748_2,metacontig,1127,1508,381
st_R29_M71864_S1_6,metacontig,1601,1971,370
st_R29_M53234_S1_8,metacontig,501,831,330
ma_R29_M4698_S60_3,metacontig,179,554,375
NC_018382_3,metacontig,1189,1501,312
MG679374_3,metacontig,178,612,434
st_R29_M181231_S1_2,metacontig,65,302,237
st_R29_M177387_S1_1,metacontig,43,418,375
st_R29_M95700_S1_3,metacontig,1405,1683,278
st_R29_M437093_S1_2,metacontig,426,781,355
st_R29_M220528_S1_2,metacontig,140,489,349
st_R29_M24942_S1_4,metacontig,1485,1803,318
st_R29_M317264_S1_1,metacontig,7,341,334
st_R29_M379735_S1_3,metacontig,2,169,167
st_R29_M119927_S1_1,metacontig,1754,2153,399
st_R29_M440640_S1_5,metacontig,49,331,282
sa_R29_M338_S1_1,metacontig,129,501,372
st_R29_M36806_S1_1,metacontig,44,331,287
st_R29_M70192_S1_4,metacontig,51,339,288
NC_040784_9,metacontig,1802,2174,372
st_R29_M173427_S1_1,metacontig,100,343,243
ar_R29_M16035_S1_2,metacontig,7,221,214
al_R29_M664_S1_2,metacontig,28,171,143
ma_R29_M1960_S19_5,metacontig,114,480,366
ar_R29_M38796_S1_1,metacontig,240,605,365
st_R29_M364348_S1_4,metacontig,9,345,336
ch_R29_M319_S1_4,metacontig,538,949,411
st_R29_M67906_S1_1,metacontig,205,544,339
st_R29_M125825_S1_4,metacontig,46,326,280
st_R29_M140947_S1_3,metacontig,1441,1777,336
st_R29_M442454_S1_2,metacontig,514,887,373
st_R29_M125780_S1_3,metacontig,1726,2072,346
st_R29_M359988_S1_9,metacontig,1121,1491,370
st_R29_M85097_S1_5,metacontig,53,335,282
KU840375_3,metacontig,184,578,394
st_R29_M126748_S1_5,metacontig,16,302,286
KJ469596_3,metacontig,185,543,358
st_R29_M308581_S1_1,metacontig,3,197,194
st_R29_M14666_S1_2,metacontig,1105,1371,266
MN852439_2,metacontig,930,1270,340
st_R29_M65563_S1_3,metacontig,82,417,335
ar_R29_M19742_S1_6,metacontig,965,1315,350
ma_R29_M1960_S10_16,metacontig,179,554,375
ma_R29_M1960_S12_3,metacontig,179,554,375
ma_R29_M1960_S13_4,metacontig,179,554,375
ma_R29_M1960_S4_17,metacontig,179,554,375
ma_R29_M1960_S6_18,metacontig,179,554,375
ma_R29_M1960_S9_5,metacontig,179,554,375
ma_R29_M4698_S17_18,metacontig,179,554,375
ma_R29_M4698_S23_3,metacontig,179,554,375
ma_R29_M4698_S26_4,metacontig,179,554,375
ma_R29_M4698_S30_16,metacontig,179,554,375
ma_R29_M4698_S32_3,metacontig,179,554,375
ma_R29_M4698_S34_16,metacontig,179,554,375
ma_R29_M4698_S38_3,metacontig,179,554,375
ma_R29_M4698_S42_3,metacontig,179,554,375
ma_R29_M4698_S44_14,metacontig,179,554,375
ma_R29_M4698_S47_3,metacontig,179,554,375
ma_R29_M4698_S62_12,metacontig,179,554,375
ma_R29_M4698_S65_3,metacontig,179,554,375
st_R29_M420030_S1_3,metacontig,175,440,265
fu_R29_M2602_S4_5,metacontig,593,948,355
ma_R29_M1960_S17_1,metacontig,175,546,371
st_R29_M22446_S1_3,metacontig,15,297,282
st_R29_M395035_S1_10,metacontig,703,1023,320
ma_R29_M4698_S16_4,metacontig,179,554,375
st_R29_M131123_S1_2,metacontig,454,781,327
ma_R29_M2159_S1_1,metacontig,42,397,355
st_R29_M212631_S1_9,metacontig,1886,2265,379
st_R29_M111891_S1_5,metacontig,128,410,282
st_R29_M43323_S1_16,metacontig,1481,1870,389
st_R29_M369782_S1_22,metacontig,1321,1685,364
st_R29_M208986_S1_4,metacontig,78,387,309
st_R29_M245415_S1_1,metacontig,726,1079,353
st_R29_M363366_S1_8,metacontig,752,1092,340
st_R29_M120240_S1_7,metacontig,1069,1448,379
KT273413_9,metacontig,1483,1819,336
fu_R29_M4742_S1_1,metacontig,25,252,227
NC_030746_1,metacontig,1122,1483,361
MN059333_1,metacontig,1069,1441,372
MN059332_1,metacontig,1052,1424,372
st_R29_M74686_S1_1,metacontig,2,193,191
st_R29_M60279_S1_20,metacontig,99,434,335
st_R29_M252976_S1_4,metacontig,977,1372,395
st_R29_M291249_S1_3,metacontig,96,472,376
ma_R29_M3206_S1_17,metacontig,1745,2084,339
fu_R29_M2633_S1_3,metacontig,118,433,315
st_R29_M212387_S1_1,metacontig,34,326,292
st_R29_M226133_S1_6,metacontig,620,956,336
mm_R29_M4980_S1_5,metacontig,518,906,388
st_R29_M80604_S1_15,metacontig,1624,1949,325
fu_R29_M4433_S1_6,metacontig,275,628,353
st_R29_M52848_S1_1,metacontig,98,474,376
st_R29_M14849_S1_8,metacontig,809,1180,371
st_R29_M126795_S1_2,metacontig,1277,1633,356
mm_R29_M2125_S1_10,metacontig,2975,3281,306
st_R29_M442459_S1_3,metacontig,1724,2078,354
KT438719_6,metacontig,1409,1749,340
st_R29_M172189_S1_1,metacontig,55,304,249
st_R29_M265838_S1_1,metacontig,63,352,289
st_R29_M42925_S1_9,metacontig,241,598,357
st_R29_M550_S5_6,metacontig,279,599,320
st_R29_M41269_S1_3,metacontig,173,458,285
fu_R29_M1700_S1_2,metacontig,6,320,314
st_R29_M331657_S1_3,metacontig,187,547,360
st_R29_M381366_S1_1,metacontig,2,300,298
MN059343_1,metacontig,1078,1456,378
st_R29_M234700_S1_2,metacontig,23,305,282
st_R29_M25743_S1_2,metacontig,97,467,370
st_R29_M228846_S1_19,metacontig,1411,1761,350
NC_012561_2,metacontig,183,545,362
st_R29_M142271_S1_5,metacontig,1148,1446,298
ar_R29_M30359_S1_3,metacontig,23,305,282
st_R29_M382887_S1_2,metacontig,267,639,372
ar_R29_M1006_S1_4,metacontig,1848,2232,384
st_R29_M178459_S1_10,metacontig,727,992,265
st_R29_M19981_S1_13,metacontig,150,535,385
st_R29_M200070_S1_6,metacontig,4,233,229
st_R29_M446426_S1_3,metacontig,624,1018,394
st_R29_M395101_S1_2,metacontig,761,1149,388
ma_R29_M4698_S72_7,metacontig,278,649,371
ma_R29_M1960_S14_8,metacontig,179,544,365
am_R29_M53_S1_3,metacontig,6,284,278
st_R29_M142129_S2_3,metacontig,22,310,288
st_R29_M448985_S1_5,metacontig,55,335,280
st_R29_M15512_S1_9,metacontig,553,843,290
ar_R29_M7069_S750_3,metacontig,1301,1662,361
ro_R29_M7_S1_2,metacontig,950,1299,349
st_R29_M101833_S1_13,metacontig,1377,1734,357
st_R29_M76732_S2_9,metacontig,38,336,298
st_R29_M107278_S1_1,metacontig,18,316,298
st_R29_M114175_S1_1,metacontig,7,230,223
st_R29_M400186_S1_2,metacontig,266,439,173
fu_R29_M5802_S1_14,metacontig,1648,1932,284
KT273412_10,metacontig,1419,1755,336
ar_R29_M11181_S1_1,metacontig,121,800,679
MN418120_2,metacontig,1222,1593,371
MH188028_1,metacontig,1839,2224,385
st_R29_M314136_S2_4,metacontig,30,203,173
st_R29_M427261_S1_1,metacontig,33,285,252
st_R29_M303654_S1_3,metacontig,8,342,334
st_R29_M77720_S1_2,metacontig,4,361,357
fi_R29_M5_S1_1,metacontig,51,422,371
st_R29_M128752_S1_12,metacontig,1301,1656,355
st_R29_M132123_S1_19,metacontig,1949,2286,337
st_R29_M145893_S1_1,metacontig,26,418,392
st_R29_M550_S2_13,metacontig,1139,1466,327
st_R29_M354464_S1_1,metacontig,2,210,208
st_R29_M35546_S1_2,metacontig,22,315,293
st_R29_M99748_S1_3,metacontig,14,235,221
ar_R29_M27929_S1_4,metacontig,69,383,314
st_R29_M331181_S1_4,metacontig,70,461,391
st_R29_M71617_S1_2,metacontig,1033,1403,370
MK572000_1,metacontig,947,1297,350
mm_R29_M2742_S1_10,metacontig,1066,1432,366
st_R29_M299071_S1_1,metacontig,620,952,332
st_R29_M84349_S1_2,metacontig,2,169,167
st_R29_M51653_S1_2,metacontig,10,165,155
st_R29_M195606_S1_14,metacontig,1070,1397,327
st_R29_M381399_S1_3,metacontig,1660,2021,361
st_R29_M550_S1_20,metacontig,1251,1579,328
st_R29_M212296_S8_4,metacontig,255,630,375
st_R29_M65547_S1_2,metacontig,89,407,318
st_R29_M447385_S1_2,metacontig,4,168,164
st_R29_M86718_S1_5,metacontig,1702,2084,382
st_R29_M43027_S1_13,metacontig,729,1079,350
fu_R29_M4287_S1_1,metacontig,290,633,343
st_R29_M135586_S1_1,metacontig,7,162,155
st_R29_M111886_S1_3,metacontig,128,413,285
st_R29_M449359_S1_4,metacontig,13,236,223
st_R29_M153220_S1_2,metacontig,57,238,181
ar_R29_M365_S1_1,metacontig,255,583,328
st_R29_M81417_S1_1,metacontig,15,203,188
st_R29_M212752_S1_3,metacontig,12,347,335
st_R29_M550_S3_10,metacontig,559,798,239
ma_R29_M854_S1_3,metacontig,625,981,356
st_R29_M102527_S1_3,metacontig,90,461,371
st_R29_M221304_S1_3,metacontig,86,462,376
st_R29_M18776_S1_4,metacontig,1079,1434,355
st_R29_M114293_S1_2,metacontig,22,274,252
st_R29_M112319_S1_5,metacontig,258,634,376
st_R29_M407407_S1_2,metacontig,429,603,174
ar_R29_M41476_S2_1,metacontig,17,323,306
ar_R29_M1036_S1_5,metacontig,7,313,306
st_R29_M440631_S1_2,metacontig,7,282,275
st_R29_M252597_S1_1,metacontig,52,377,325
st_R29_M370342_S1_4,metacontig,640,971,331
st_R29_M119875_S1_3,metacontig,583,924,341
st_R29_M48012_S2_2,metacontig,213,673,460
ar_R29_M40266_S1_1,metacontig,229,523,294
fu_R29_M2160_S1_8,metacontig,1799,2170,371
st_R29_M163658_S1_1,metacontig,33,300,267
st_R29_M62981_S2_1,metacontig,366,744,378
st_R29_M35338_S1_2,metacontig,57,297,240
NC_015229_7,metacontig,1405,1747,342
al_R29_M18_S6_4,metacontig,1,255,254
st_R29_M333466_S1_1,metacontig,8,344,336
st_R29_M40044_S1_1,metacontig,1514,1881,367
st_R29_M87811_S11_9,metacontig,12,243,231
MK473875_3,metacontig,3313,3770,457
st_R29_M415083_S1_1,metacontig,23,374,351
st_R29_M373341_S1_4,metacontig,97,434,337
MH620813_9,metacontig,1471,1807,336
st_R29_M265233_S1_2,metacontig,998,1362,364
st_R29_M212296_S6_7,metacontig,1031,1411,380
ar_R29_M24068_S1_1,metacontig,2247,2667,420
st_R29_M34238_S1_2,metacontig,1133,1496,363
st_R29_M35177_S1_9,metacontig,2027,2337,310
st_R29_M212296_S41_2,metacontig,384,759,375
st_R29_M260193_S1_2,metacontig,8,360,352
ma_R29_M4698_S70_10,metacontig,569,939,370
MG761767_1,metacontig,2148,2512,364
ar_R29_M31166_S13_1,metacontig,7,264,257
st_R29_M500_S1_1,metacontig,774,1193,419
st_R29_M215626_S1_1,metacontig,16,409,393
st_R29_M226475_S1_1,metacontig,9,343,334
st_R29_M194807_S1_2,metacontig,85,415,330
st_R29_M339874_S1_1,metacontig,9,343,334
st_R29_M333470_S1_1,metacontig,9,343,334
st_R29_M145979_S1_2,metacontig,3,171,168
st_R29_M202298_S1_3,metacontig,8,205,197
st_R29_M124390_S1_6,metacontig,60,395,335
st_R29_M358120_S14_2,metacontig,16,245,229
st_R29_M25789_S1_2,metacontig,102,491,389
st_R29_M63460_S1_3,metacontig,49,425,376
st_R29_M123446_S2_4,metacontig,1300,1657,357
LC361437_3,metacontig,180,545,365
mm_R29_M3695_S1_10,metacontig,327,734,407
st_R29_M80560_S1_4,metacontig,270,581,311
sa_R29_M994_S1_1,metacontig,58,302,244
ar_R29_M9279_S1_17,metacontig,2094,2435,341
st_R29_M415653_S1_1,metacontig,4,223,219
ar_R29_M14410_S1_3,metacontig,966,1357,391
st_R29_M168686_S1_1,metacontig,47,327,280
st_R29_M299412_S1_2,metacontig,16,175,159
fu_R29_M1902_S1_1,metacontig,18,176,158
AF429428_4,metacontig,179,544,365
st_R29_M39824_S1_3,metacontig,16,241,225
mm_R29_M4142_S22_1,metacontig,41,274,233
ar_R29_M36475_S1_5,metacontig,351,742,391
st_R29_M295935_S1_3,metacontig,1664,1958,294
NC_001655_4,metacontig,2356,2661,305
st_R29_M142376_S1_5,metacontig,14,254,240
st_R29_M107267_S1_1,metacontig,14,375,361
st_R29_M303656_S1_3,metacontig,749,1185,436
st_R29_M441484_S1_3,metacontig,212,537,325
st_R29_M100687_S1_1,metacontig,3,277,274
st_R29_M130678_S1_6,metacontig,720,1080,360
NC_006948_4,metacontig,929,1288,359
st_R29_M86942_S1_3,metacontig,45,233,188
st_R29_M270257_S1_10,metacontig,1328,1699,371
st_R29_M88168_S1_4,metacontig,758,1100,342
ar_R29_M18249_S1_2,metacontig,97,381,284
st_R29_M370109_S1_1,metacontig,69,413,344
fu_R29_M3675_S1_9,metacontig,364,681,317
st_R29_M70193_S1_4,metacontig,66,347,281
st_R29_M181985_S1_1,metacontig,6,160,154
st_R29_M288779_S1_2,metacontig,718,1113,395
ar_R29_M43828_S1_10,metacontig,1085,1358,273
mm_R29_M3109_S1_3,metacontig,409,741,332
st_R29_M194782_S1_6,metacontig,289,621,332
ar_R29_M6516_S1_1,metacontig,466,751,285
fu_R29_M2143_S1_1,metacontig,103,428,325
ar_R29_M32424_S1_6,metacontig,297,520,223
st_R29_M41374_S1_8,metacontig,79,392,313
st_R29_M101871_S1_4,metacontig,116,379,263
fi_R29_M1551_S1_2,metacontig,467,816,349
st_R29_M1496_S1_3,metacontig,2,214,212
st_R29_M102525_S1_4,metacontig,236,609,373
st_R29_M298396_S1_3,metacontig,623,965,342
st_R29_M243704_S1_8,metacontig,49,269,220
st_R29_M212296_S49_5,metacontig,560,940,380
st_R29_M74548_S1_8,metacontig,11,377,366
MN428639_1,metacontig,1045,1417,372
st_R29_M380192_S1_7,metacontig,27,364,337
ar_R29_M27137_S1_13,metacontig,1012,1314,302
ar_R29_M38252_S1_6,metacontig,367,728,361
st_R29_M133297_S1_15,metacontig,1046,1418,372
st_R29_M441253_S1_1,metacontig,55,369,314
st_R29_M311735_S1_9,metacontig,577,908,331
MN207265_2,metacontig,2056,2424,368
st_R29_M366437_S3_1,metacontig,82,312,230
st_R29_M111403_S1_3,metacontig,53,261,208
st_R29_M288638_S1_2,metacontig,382,725,343
MN059404_3,metacontig,1053,1423,370
st_R29_M27768_S1_1,metacontig,589,769,180
st_R29_M221302_S1_1,metacontig,1052,1429,377
st_R29_M205044_S1_5,metacontig,1,231,230
MN059397_2,metacontig,1035,1426,391
sa_R29_M2221_S1_3,metacontig,220,519,299
ar_R29_M1339_S1_2,metacontig,12,195,183
st_R29_M106712_S1_3,metacontig,5,367,362
st_R29_M407790_S1_8,metacontig,221,526,305
st_R29_M257219_S1_1,metacontig,122,525,403
ar_R29_M13300_S1_3,metacontig,1070,1332,262
st_R29_M171563_S2_3,metacontig,6,213,207
ar_R29_M15698_S4_1,metacontig,37,184,147
st_R29_M132380_S1_1,metacontig,620,950,330
st_R29_M255911_S1_3,metacontig,85,308,223
st_R29_M14861_S1_2,metacontig,30,313,283
st_R29_M125815_S1_2,metacontig,20,302,282
mm_R29_M5630_S1_1,metacontig,42,291,249
st_R29_M228828_S2_1,metacontig,16,383,367
fu_R29_M3482_S1_6,metacontig,222,582,360
st_R29_M317139_S1_3,metacontig,48,296,248
st_R29_M167164_S18_8,metacontig,147,419,272
MN059326_2,metacontig,1066,1452,386
ar_R29_M24847_S1_2,metacontig,268,610,342
fu_R29_M2641_S1_10,metacontig,514,853,339
st_R29_M446054_S1_3,metacontig,36,240,204
st_R29_M215617_S1_2,metacontig,100,495,395
st_R29_M140833_S1_1,metacontig,620,950,330
st_R29_M252647_S1_15,metacontig,1462,1794,332
MN059143_2,metacontig,1023,1411,388
MT038420_1,metacontig,1050,1417,367
ar_R29_M33007_S1_1,metacontig,300,735,435
ar_R29_M42480_S2_1,metacontig,26,348,322
ar_R29_M16755_S1_1,metacontig,146,495,349
st_R29_M197661_S1_1,metacontig,7,357,350
st_R29_M44436_S1_2,metacontig,35,339,304
MN059416_1,metacontig,1052,1423,371
st_R29_M311138_S1_4,metacontig,166,436,270
ar_R29_M23149_S1_2,metacontig,39,352,313
st_R29_M718_S1_1,metacontig,1039,1411,372
st_R29_M10248_S1_2,metacontig,55,340,285
ar_R29_M33632_S1_1,metacontig,446,697,251
ar_R29_M28004_S1_1,metacontig,66,364,298
st_R29_M48012_S1_4,metacontig,821,1281,460
st_R29_M193060_S1_1,metacontig,609,958,349
st_R29_M4675_S1_7,metacontig,1430,1842,412
MH791331_1,metacontig,1351,1710,359
st_R29_M82133_S1_3,metacontig,72,339,267
st_R29_M155609_S1_1,metacontig,2,321,319
st_R29_M323465_S1_2,metacontig,63,310,247
st_R29_M260186_S2_7,metacontig,1045,1424,379
st_R29_M299281_S1_1,metacontig,2086,2437,351
mm_R29_M4928_S1_7,metacontig,5,332,327
st_R29_M318544_S1_6,metacontig,621,988,367
st_R29_M73605_S1_2,metacontig,527,864,337
st_R29_M54652_S1_2,metacontig,918,1266,348
st_R29_M311131_S1_4,metacontig,449,720,271
st_R29_M115637_S1_1,metacontig,24,333,309
MN059146_2,metacontig,1060,1432,372
st_R29_M119696_S1_1,metacontig,14,272,258
st_R29_M49417_S1_8,metacontig,877,1165,288
st_R29_M43362_S1_1,metacontig,86,303,217
st_R29_M103347_S1_5,metacontig,1060,1432,372
mm_R29_M5329_S1_14,metacontig,1423,1828,405
st_R29_M323973_S1_7,metacontig,60,312,252
st_R29_M366447_S1_3,metacontig,33,336,303
st_R29_M230449_S1_2,metacontig,2,238,236
HM147986_3,metacontig,190,545,355
st_R29_M165049_S1_1,metacontig,169,532,363
st_R29_M221305_S1_2,metacontig,66,436,370
ar_R29_M42960_S1_5,metacontig,1056,1390,334
st_R29_M552_S1_4,metacontig,5,248,243
st_R29_M439131_S1_13,metacontig,476,839,363
st_R29_M309525_S1_4,metacontig,146,357,211
st_R29_M126746_S4_12,metacontig,1450,1738,288
ar_R29_M7069_S1584_1,metacontig,18,179,161
st_R29_M105746_S1_4,metacontig,1297,1652,355
st_R29_M105746_S2_2,metacontig,1297,1652,355
st_R29_M141099_S1_1,metacontig,24,294,270
st_R29_M170047_S1_2,metacontig,133,428,295
st_R29_M110733_S1_1,metacontig,167,519,352
st_R29_M125156_S1_2,metacontig,5,160,155
ar_R29_M19895_S1_1,metacontig,7,256,249
ma_R29_M1960_S8_3,metacontig,112,452,340
st_R29_M126746_S20_8,metacontig,432,714,282
st_R29_M288868_S2_5,metacontig,326,582,256
st_R29_M296969_S1_2,metacontig,779,1146,367
NC_016961_3,metacontig,180,542,362
ar_R29_M39382_S1_5,metacontig,180,461,281
st_R29_M35396_S1_1,metacontig,14,233,219
st_R29_M111907_S1_4,metacontig,171,453,282
st_R29_M235491_S1_1,metacontig,7,161,154
st_R29_M359990_S1_2,metacontig,8,359,351
st_R29_M129718_S1_2,metacontig,6,355,349
st_R29_M42921_S1_18,metacontig,1559,1917,358
st_R29_M22719_S1_5,metacontig,342,624,282
st_R29_M441300_S1_9,metacontig,1711,2101,390
st_R29_M229534_S1_1,metacontig,5,194,189
st_R29_M199021_S1_4,metacontig,90,249,159
st_R29_M387074_S1_9,metacontig,448,819,371
MN059405_2,metacontig,1029,1405,376
ma_R29_M1960_S5_20,metacontig,1998,2365,367
st_R29_M119611_S1_1,metacontig,5,190,185
ar_R29_M20878_S1_4,metacontig,371,669,298
st_R29_M238966_S3_2,metacontig,51,367,316
ar_R29_M17205_S1_2,metacontig,2339,2695,356
MN059141_2,metacontig,1063,1433,370
st_R29_M258979_S1_6,metacontig,11,284,273
fu_R29_M12_S2_3,metacontig,1365,1712,347
st_R29_M2687_S1_1,metacontig,5,171,166
st_R29_M153821_S1_3,metacontig,14,248,234
st_R29_M153555_S1_1,metacontig,35,292,257
MN059179_2,metacontig,1041,1411,370
st_R29_M35377_S1_21,metacontig,1805,2181,376
st_R29_M4950_S2_1,metacontig,1277,1632,355
st_R29_M293779_S1_1,metacontig,571,942,371
MN059162_3,metacontig,1053,1423,370
MN059175_2,metacontig,1045,1411,366
ar_R29_M5495_S1_1,metacontig,284,639,355
st_R29_M386398_S1_6,metacontig,708,1035,327
st_R29_M300661_S39_4,metacontig,10,190,180
st_R29_M35749_S1_2,metacontig,4,358,354
NC_004012_2,metacontig,1076,1454,378
st_R29_M237714_S1_11,metacontig,1204,1599,395
st_R29_M258973_S1_1,metacontig,20,271,251
st_R29_M140816_S1_9,metacontig,1659,1967,308
st_R29_M347059_S5_3,metacontig,370,675,305
st_R29_M126746_S23_8,metacontig,547,832,285
ar_R29_M37423_S1_1,metacontig,967,1318,351
st_R29_M210544_S1_3,metacontig,216,505,289
st_R29_M265518_S3_2,metacontig,7,181,174
st_R29_M30873_S1_9,metacontig,166,470,304
st_R29_M195607_S1_3,metacontig,51,413,362
st_R29_M212296_S9_3,metacontig,1058,1522,464
st_R29_M401659_S1_9,metacontig,1353,1703,350
st_R29_M215615_S1_2,metacontig,643,876,233
st_R29_M212296_S61_1,metacontig,50,393,343
NC_025789_1,metacontig,1045,1411,366
st_R29_M35806_S1_3,metacontig,46,235,189
st_R29_M239796_S1_1,metacontig,610,959,349
fu_R29_M238_S1_1,metacontig,3,203,200
st_R29_M74640_S1_3,metacontig,64,333,269
st_R29_M387903_S1_1,metacontig,413,747,334
st_R29_M15525_S1_4,metacontig,6,281,275
st_R29_M82131_S1_2,metacontig,14,208,194
st_R29_M374895_S1_3,metacontig,234,544,310
NC_010434_1,metacontig,1298,1652,354
st_R29_M188944_S1_1,metacontig,484,861,377
st_R29_M36594_S1_9,metacontig,713,1064,351
st_R29_M153146_S1_1,metacontig,607,951,344
st_R29_M413605_S1_1,metacontig,8,289,281
st_R29_M97427_S3_7,metacontig,315,604,289
st_R29_M212296_S18_2,metacontig,458,831,373
MT731499_2,metacontig,1051,1424,373
st_R29_M228854_S1_1,metacontig,134,481,347
st_R29_M363931_S1_3,metacontig,232,512,280
st_R29_M145909_S1_14,metacontig,1351,1742,391
fu_R29_M2116_S1_7,metacontig,744,1038,294
st_R29_M168598_S1_2,metacontig,165,498,333
ar_R29_M3594_S1_2,metacontig,38,219,181
fu_R29_M4630_S1_1,metacontig,3,317,314
st_R29_M286179_S1_3,metacontig,1747,2107,360
MF998082_2,metacontig,1808,2210,402
st_R29_M429677_S1_2,metacontig,104,465,361
MN059420_2,metacontig,1052,1424,372
st_R29_M93471_S1_1,metacontig,8,330,322
st_R29_M41271_S1_1,metacontig,8,224,216
st_R29_M130705_S1_1,metacontig,136,496,360
MN059415_2,metacontig,1053,1425,372
st_R29_M288880_S1_13,metacontig,834,1090,256
st_R29_M37961_S1_1,metacontig,4,233,229
mm_R29_M893_S1_3,metacontig,1145,1455,310
MN059417_1,metacontig,1052,1424,372
st_R29_M108365_S1_4,metacontig,106,417,311
st_R29_M279288_S1_3,metacontig,5,382,377
st_R29_M22723_S1_6,metacontig,578,861,283
st_R29_M45881_S1_1,metacontig,169,438,269
st_R29_M228828_S1_1,metacontig,1386,1754,368
st_R29_M25741_S1_4,metacontig,252,552,300
ar_R29_M12591_S4_3,metacontig,95,236,141
st_R29_M142127_S1_5,metacontig,450,734,284
st_R29_M188973_S1_6,metacontig,768,1183,415
mm_R29_M5308_S1_1,metacontig,2899,3254,355
st_R29_M375257_S1_6,metacontig,100,476,376
st_R29_M361917_S1_3,metacontig,156,554,398
st_R29_M300661_S38_4,metacontig,15,191,176
fu_R29_M5348_S1_11,metacontig,1657,1934,277
st_R29_M339756_S1_2,metacontig,75,336,261
st_R29_M259521_S1_2,metacontig,59,368,309
ar_R29_M7069_S879_14,metacontig,969,1306,337
ar_R29_M11937_S2_2,metacontig,983,1404,421
ar_R29_M21190_S1_4,metacontig,47,407,360
st_R29_M16991_S11_3,metacontig,2,213,211
ar_R29_M42432_S1_2,metacontig,78,369,291
st_R29_M363987_S1_3,metacontig,105,413,308
st_R29_M393499_S1_1,metacontig,1069,1440,371
st_R29_M91448_S1_18,metacontig,1406,1690,284
st_R29_M168597_S1_2,metacontig,138,472,334
st_R29_M400059_S1_5,metacontig,812,1165,353
st_R29_M71734_S1_1,metacontig,12,243,231
st_R29_M101847_S1_5,metacontig,67,374,307
ar_R29_M21216_S8_1,metacontig,2,147,145
st_R29_M226874_S1_13,metacontig,500,858,358
st_R29_M437348_S1_1,metacontig,328,648,320
fu_R29_M3276_S2_23,metacontig,889,1202,313
st_R29_M386326_S1_2,metacontig,73,285,212
st_R29_M206806_S1_1,metacontig,130,339,209
st_R29_M126225_S1_1,metacontig,260,621,361
st_R29_M28047_S1_1,metacontig,1669,2045,376
st_R29_M226820_S1_1,metacontig,72,343,271
NC_001642_2,metacontig,970,1340,370
st_R29_M299602_S1_3,metacontig,18,217,199
st_R29_M423007_S1_1,metacontig,384,562,178
st_R29_M54933_S1_3,metacontig,614,957,343
st_R29_M88346_S1_1,metacontig,7,227,220
st_R29_M91316_S1_2,metacontig,173,477,304
st_R29_M319947_S1_6,metacontig,45,288,243
st_R29_M41262_S4_3,metacontig,349,633,284
st_R29_M114275_S1_1,metacontig,57,414,357
st_R29_M113843_S1_2,metacontig,184,488,304
st_R29_M41934_S1_2,metacontig,84,330,246
st_R29_M58418_S1_1,metacontig,330,588,258
ar_R29_M6463_S1_15,metacontig,1074,1344,270
ar_R29_M20855_S1_2,metacontig,3,152,149
ar_R29_M4486_S1_19,metacontig,2243,2583,340
st_R29_M46072_S1_1,metacontig,1,151,150
st_R29_M112563_S1_4,metacontig,253,646,393
MT792641_2,metacontig,860,1194,334
st_R29_M221483_S1_5,metacontig,948,1373,425
st_R29_M212296_S22_2,metacontig,767,1172,405
ar_R29_M24385_S1_13,metacontig,1396,1740,344
st_R29_M361767_S1_1,metacontig,57,349,292
st_R29_M336332_S1_5,metacontig,546,857,311
st_R29_M373304_S1_3,metacontig,22,254,232
st_R29_M205039_S1_1,metacontig,1,228,227
st_R29_M412392_S1_2,metacontig,584,959,375
st_R29_M288780_S1_2,metacontig,5,357,352
st_R29_M226458_S1_2,metacontig,19,344,325
st_R29_M205030_S1_3,metacontig,35,326,291
st_R29_M16321_S1_6,metacontig,282,567,285
st_R29_M322914_S1_1,metacontig,107,470,363
st_R29_M16989_S1_4,metacontig,31,183,152
KT002439_2,metacontig,1045,1423,378
st_R29_M212296_S7_3,metacontig,1036,1409,373
st_R29_M114258_S1_1,metacontig,109,380,271
st_R29_M429682_S1_1,metacontig,40,406,366
ar_R29_M5639_S1_4,metacontig,13,156,143
st_R29_M228858_S1_2,metacontig,606,962,356
fu_R29_M2007_S1_6,metacontig,65,393,328
st_R29_M299556_S1_2,metacontig,14,254,240
st_R29_M171953_S1_1,metacontig,10,284,274
st_R29_M350156_S1_1,metacontig,94,401,307
st_R29_M110944_S1_1,metacontig,37,356,319
st_R29_M299162_S1_3,metacontig,83,406,323
fu_R29_M1954_S1_14,metacontig,1676,1966,290
st_R29_M445213_S1_1,metacontig,6,192,186
st_R29_M212296_S4_14,metacontig,1110,1483,373
st_R29_M301353_S1_3,metacontig,54,376,322
st_R29_M35322_S1_4,metacontig,90,360,270
st_R29_M382564_S1_1,metacontig,4,166,162
st_R29_M63849_S1_1,metacontig,2,174,172
ar_R29_M30436_S1_7,metacontig,365,599,234
st_R29_M73256_S1_2,metacontig,15,269,254
st_R29_M183285_S1_1,metacontig,31,291,260
st_R29_M238623_S1_1,metacontig,5,287,282
st_R29_M159441_S1_4,metacontig,301,688,387
st_R29_M380852_S1_11,metacontig,396,724,328
st_R29_M140738_S1_1,metacontig,307,627,320
st_R29_M112320_S1_1,metacontig,627,959,332
st_R29_M425354_S1_3,metacontig,884,1218,334
st_R29_M145926_S1_3,metacontig,3,247,244
st_R29_M86718_S4_1,metacontig,373,727,354
st_R29_M215917_S1_2,metacontig,9,275,266
st_R29_M252104_S1_2,metacontig,2003,2290,287
sa_R29_M1848_S1_2,metacontig,965,1320,355
st_R29_M229157_S1_1,metacontig,68,317,249
st_R29_M253563_S2_3,metacontig,3,133,130
st_R29_M141144_S1_5,metacontig,554,916,362
st_R29_M414868_S1_2,metacontig,48,228,180
st_R29_M81538_S1_1,metacontig,109,382,273
ar_R29_M7069_S905_1,metacontig,956,1346,390
ar_R29_M34431_S1_2,metacontig,542,944,402
st_R29_M18171_S1_2,metacontig,27,388,361
KP221257_7,metacontig,1406,1693,287
fi_R29_M1413_S1_4,metacontig,1383,1730,347
ar_R29_M30163_S1_1,metacontig,1391,1702,311
st_R29_M331387_S1_5,metacontig,1293,1640,347
st_R29_M292508_S1_9,metacontig,1651,1957,306
st_R29_M6719_S1_2,metacontig,14,242,228
st_R29_M299026_S1_1,metacontig,747,1096,349
st_R29_M255934_S1_2,metacontig,68,340,272
MK468614_9,metacontig,2031,2442,411
st_R29_M363270_S1_3,metacontig,1,174,173
fu_R29_M3276_S1_12,metacontig,1718,2031,313
LC179614_2,metacontig,969,1340,371
ar_R29_M14824_S1_4,metacontig,1163,1552,389
st_R29_M172736_S1_1,metacontig,330,542,212
ar_R29_M24032_S1_4,metacontig,77,448,371
st_R29_M255367_S1_2,metacontig,83,406,323
st_R29_M26019_S1_1,metacontig,337,549,212
al_R29_M750_S1_2,metacontig,399,629,230
st_R29_M69014_S1_1,metacontig,3,332,329
st_R29_M119929_S1_2,metacontig,19,262,243
st_R29_M126746_S3_24,metacontig,1354,1636,282
st_R29_M406025_S1_1,metacontig,1000,1370,370
st_R29_M440663_S1_4,metacontig,295,624,329
st_R29_M57182_S3_8,metacontig,955,1239,284
ar_R29_M26186_S1_2,metacontig,138,390,252
st_R29_M144807_S1_2,metacontig,95,330,235
st_R29_M161719_S1_2,metacontig,211,463,252
st_R29_M125617_S1_1,metacontig,90,373,283
st_R29_M319965_S1_2,metacontig,3,215,212
sa_R29_M1405_S1_2,metacontig,51,307,256
st_R29_M145705_S1_1,metacontig,4,252,248
st_R29_M391971_S1_2,metacontig,119,481,362
fu_R29_M1615_S1_1,metacontig,118,489,371
EF151503_2,metacontig,185,539,354
st_R29_M272668_S2_4,metacontig,7,158,151
st_R29_M347059_S2_14,metacontig,1653,1957,304
ar_R29_M22891_S1_7,metacontig,1434,1772,338
st_R29_M126746_S13_17,metacontig,1354,1639,285
st_R29_M164710_S4_4,metacontig,451,755,304
st_R29_M414903_S1_2,metacontig,17,314,297
st_R29_M119874_S1_4,metacontig,611,976,365
st_R29_M339890_S1_2,metacontig,1,152,151
st_R29_M350507_S1_2,metacontig,11,290,279
st_R29_M77732_S1_4,metacontig,972,1360,388
st_R29_M94275_S1_1,metacontig,46,253,207
st_R29_M236037_S1_3,metacontig,96,427,331
st_R29_M215613_S1_7,metacontig,1290,1606,316
st_R29_M414869_S9_1,metacontig,329,589,260
st_R29_M429683_S1_1,metacontig,1461,1829,368
ar_R29_M6463_S2_4,metacontig,118,345,227
fu_R29_M3731_S1_1,metacontig,113,487,374
st_R29_M41496_S1_1,metacontig,163,394,231
st_R29_M386947_S2_2,metacontig,59,359,300
st_R29_M119899_S1_2,metacontig,627,969,342
st_R29_M153833_S1_1,metacontig,48,307,259
ar_R29_M35650_S1_1,metacontig,90,503,413
st_R29_M26089_S1_3,metacontig,98,410,312
st_R29_M400518_S1_1,metacontig,50,306,256
st_R29_M215621_S1_8,metacontig,172,513,341
st_R29_M312034_S1_8,metacontig,34,316,282
sa_R29_M2570_S1_4,metacontig,215,607,392
st_R29_M363364_S1_8,metacontig,779,1084,305
ar_R29_M11937_S1_4,metacontig,1933,2352,419
st_R29_M27850_S1_1,metacontig,37,192,155
st_R29_M8093_S1_3,metacontig,89,448,359
fu_R29_M3042_S1_3,metacontig,74,403,329
st_R29_M163663_S1_3,metacontig,212,527,315
st_R29_M50809_S1_2,metacontig,1020,1386,366
st_R29_M244317_S1_4,metacontig,66,249,183
st_R29_M49665_S1_1,metacontig,49,332,283
st_R29_M34641_S1_18,metacontig,1245,1531,286
st_R29_M118265_S1_2,metacontig,26,211,185
st_R29_M322943_S1_2,metacontig,1625,1993,368
st_R29_M430599_S1_1,metacontig,595,880,285
st_R29_M23161_S1_1,metacontig,81,374,293
st_R29_M234901_S1_1,metacontig,319,717,398
st_R29_M75156_S1_25,metacontig,1728,2068,340
st_R29_M310900_S1_21,metacontig,1351,1658,307
st_R29_M73985_S1_2,metacontig,7,172,165
st_R29_M37645_S2_9,metacontig,323,607,284
mm_R29_M6301_S1_2,metacontig,80,469,389
st_R29_M51417_S1_1,metacontig,606,956,350
st_R29_M220630_S1_4,metacontig,75,322,247
ar_R29_M13321_S1_1,metacontig,10,212,202
fu_R29_M1284_S1_1,metacontig,792,1178,386
st_R29_M178456_S1_6,metacontig,7,233,226
fu_R29_M4411_S1_15,metacontig,1774,2103,329
st_R29_M293462_S1_2,metacontig,1556,1926,370
st_R29_M425010_S1_12,metacontig,970,1346,376
st_R29_M200063_S1_2,metacontig,8,340,332
st_R29_M228830_S1_1,metacontig,90,456,366
st_R29_M23209_S1_2,metacontig,496,864,368
fu_R29_M2564_S4_5,metacontig,201,396,195
st_R29_M166893_S1_2,metacontig,245,514,269
st_R29_M49687_S1_1,metacontig,46,326,280
st_R29_M57182_S1_8,metacontig,1425,1709,284
st_R29_M110952_S1_5,metacontig,1719,2084,365
st_R29_M175895_S1_4,metacontig,2,151,149
st_R29_M388936_S1_9,metacontig,1842,2258,416
st_R29_M120433_S1_3,metacontig,60,348,288
st_R29_M16991_S15_5,metacontig,31,179,148
st_R29_M363922_S1_6,metacontig,1685,1965,280
fu_R29_M3472_S1_4,metacontig,150,414,264
mm_R29_M4142_S19_1,metacontig,40,277,237
st_R29_M71871_S1_5,metacontig,335,676,341
st_R29_M363580_S1_1,metacontig,84,379,295
st_R29_M71921_S1_1,metacontig,50,318,268
fu_R29_M3388_S1_4,metacontig,984,1330,346
st_R29_M351991_S1_1,metacontig,47,452,405
st_R29_M314481_S1_2,metacontig,12,219,207
st_R29_M380850_S1_11,metacontig,579,847,268
ar_R29_M30204_S1_1,metacontig,10,266,256
st_R29_M429678_S1_1,metacontig,549,914,365
st_R29_M380078_S1_1,metacontig,2,194,192
st_R29_M426084_S1_21,metacontig,1466,1816,350
st_R29_M22724_S1_10,metacontig,345,638,293
st_R29_M143340_S1_2,metacontig,342,553,211
st_R29_M91311_S2_10,metacontig,778,1083,305
st_R29_M49369_S1_11,metacontig,1649,1956,307
st_R29_M290706_S1_2,metacontig,717,1105,388
mm_R29_M6412_S1_9,metacontig,1186,1574,388
st_R29_M449324_S2_2,metacontig,75,270,195
st_R29_M170328_S1_27,metacontig,1674,2025,351
st_R29_M375168_S1_2,metacontig,2,151,149
fu_R29_M2064_S1_2,metacontig,1067,1486,419
st_R29_M403133_S1_10,metacontig,1458,1779,321
fu_R29_M2217_S1_5,metacontig,95,275,180
fu_R29_M5991_S1_1,metacontig,3,379,376
ar_R29_M40605_S1_1,metacontig,17,249,232
st_R29_M6826_S1_1,metacontig,2,166,164
st_R29_M308558_S1_17,metacontig,1286,1678,392
fu_R29_M5058_S1_2,metacontig,35,290,255
st_R29_M290556_S1_13,metacontig,528,858,330
st_R29_M118492_S1_3,metacontig,1373,1734,361
st_R29_M29582_S1_1,metacontig,1701,1937,236
st_R29_M170408_S1_3,metacontig,18,299,281
ar_R29_M33463_S1_6,metacontig,2331,2578,247
st_R29_M101774_S1_7,metacontig,1154,1480,326
st_R29_M449253_S1_1,metacontig,556,890,334
ar_R29_M7069_S824_4,metacontig,968,1360,392
st_R29_M386968_S1_2,metacontig,170,544,374
st_R29_M395074_S1_2,metacontig,58,212,154
st_R29_M360128_S1_3,metacontig,29,170,141
st_R29_M311566_S1_3,metacontig,37,223,186
st_R29_M407755_S1_3,metacontig,107,467,360
st_R29_M237922_S1_16,metacontig,1201,1473,272
st_R29_M201397_S1_2,metacontig,66,517,451
fu_R29_M1009_S1_12,metacontig,710,1045,335
ar_R29_M9977_S1_2,metacontig,757,1105,348
st_R29_M419746_S1_2,metacontig,37,308,271
st_R29_M72268_S1_2,metacontig,1098,1546,448
st_R29_M64071_S1_5,metacontig,1986,2365,379
mm_R29_M5794_S1_2,metacontig,457,706,249
st_R29_M208695_S1_2,metacontig,160,544,384
st_R29_M141822_S1_3,metacontig,277,523,246
st_R29_M182197_S1_1,metacontig,1337,1726,389
st_R29_M256547_S1_1,metacontig,381,689,308
fu_R29_M5577_S1_10,metacontig,575,934,359
st_R29_M311263_S1_1,metacontig,20,171,151
st_R29_M145910_S1_3,metacontig,1336,1676,340
st_R29_M30843_S1_6,metacontig,696,1101,405
ar_R29_M40538_S1_17,metacontig,2231,2588,357
fu_R29_M5131_S1_13,metacontig,1620,1903,283
st_R29_M274212_S1_3,metacontig,112,531,419
fu_R29_M2521_S1_14,metacontig,747,1060,313
st_R29_M322910_S1_1,metacontig,1904,2264,360
st_R29_M323816_S1_5,metacontig,929,1295,366
st_R29_M414977_S1_4,metacontig,698,1090,392
mm_R29_M914_S1_1,metacontig,11,252,241
st_R29_M259016_S1_4,metacontig,169,529,360
ar_R29_M20085_S1_1,metacontig,28,141,113
st_R29_M248374_S1_6,metacontig,5,163,158
st_R29_M127637_S1_9,metacontig,1711,1961,250
st_R29_M43310_S1_4,metacontig,23,391,368
st_R29_M16989_S4_1,metacontig,18,170,152
st_R29_M425007_S1_4,metacontig,531,907,376
ar_R29_M34384_S1_1,metacontig,646,1012,366
st_R29_M299032_S1_2,metacontig,617,961,344
ro_R29_M202_S1_3,metacontig,784,1140,356
ar_R29_M13349_S1_4,metacontig,3,251,248
st_R29_M353692_S1_5,metacontig,349,691,342
st_R29_M67490_S1_10,metacontig,8,209,201
st_R29_M16991_S12_2,metacontig,31,179,148
fu_R29_M2284_S1_10,metacontig,1653,1957,304
ar_R29_M10587_S1_2,metacontig,7,276,269
st_R29_M88853_S1_1,metacontig,1,205,204
HE980332_2,metacontig,1465,1810,345
fu_R29_M4691_S1_6,metacontig,1658,1962,304
st_R29_M176644_S23_4,metacontig,24,176,152
fu_R29_M2140_S1_3,metacontig,309,640,331
st_R29_M108368_S1_4,metacontig,641,981,340
st_R29_M95752_S1_2,metacontig,12,327,315
st_R29_M213286_S1_4,metacontig,13,265,252
st_R29_M161967_S1_1,metacontig,551,850,299
st_R29_M33930_S1_6,metacontig,94,434,340
st_R29_M445256_S10_2,metacontig,22,211,189
EF630359_5,metacontig,931,1297,366
st_R29_M41674_S3_3,metacontig,7,177,170
ar_R29_M27061_S1_5,metacontig,2273,2660,387
ar_R29_M14791_S1_1,metacontig,968,1319,351
st_R29_M95497_S1_8,metacontig,980,1331,351
st_R29_M438302_S1_4,metacontig,676,1030,354
st_R29_M25793_S1_1,metacontig,39,354,315
st_R29_M178471_S1_4,metacontig,206,427,221
fu_R29_M539_S2_4,metacontig,39,330,291
fu_R29_M5180_S1_1,metacontig,3,327,324
MG099484_3,metacontig,1549,1899,350
st_R29_M234855_S1_4,metacontig,112,395,283
st_R29_M329293_S1_3,metacontig,621,965,344
mm_R29_M3320_S1_1,metacontig,65,313,248
ar_R29_M23623_S1_6,metacontig,1582,1941,359
st_R29_M259015_S1_7,metacontig,91,369,278
st_R29_M209616_S1_5,metacontig,1361,1718,357
st_R29_M54392_S1_3,metacontig,125,443,318
st_R29_M425599_S1_1,metacontig,55,419,364
st_R29_M130816_S1_3,metacontig,41,324,283
st_R29_M399947_S1_3,metacontig,75,308,233
ar_R29_M29950_S1_2,metacontig,17,272,255
st_R29_M347717_S1_1,metacontig,2,238,236
st_R29_M1954_S1_1,metacontig,386,703,317
st_R29_M297375_S1_7,metacontig,1156,1402,246
st_R29_M166707_S1_1,metacontig,302,575,273
st_R29_M298264_S1_9,metacontig,1669,1930,261
st_R29_M101954_S1_2,metacontig,35,222,187
ch_R29_M100_S1_2,metacontig,524,894,370
st_R29_M380987_S1_1,metacontig,675,1042,367
ar_R29_M13718_S1_21,metacontig,21,222,201
st_R29_M22443_S1_7,metacontig,152,438,286
st_R29_M440605_S4_4,metacontig,9,160,151
st_R29_M39005_S1_12,metacontig,1822,2131,309
st_R29_M266672_S1_2,metacontig,186,495,309
st_R29_M363272_S1_1,metacontig,244,524,280
ar_R29_M7069_S607_10,metacontig,2260,2648,388
st_R29_M67485_S2_3,metacontig,19,183,164
st_R29_M323839_S1_1,metacontig,90,474,384
st_R29_M191062_S1_3,metacontig,103,376,273
st_R29_M289221_S1_2,metacontig,3207,3571,364
st_R29_M256344_S1_5,metacontig,557,804,247
NC_003795_2,metacontig,1249,1619,370
fu_R29_M838_S1_22,metacontig,1452,1805,353
st_R29_M60111_S1_10,metacontig,1594,1877,283
ar_R29_M34803_S1_1,metacontig,109,413,304
NC_021706_1,metacontig,3018,3390,372
st_R29_M75445_S1_1,metacontig,84,445,361
NC_023893_2,metacontig,2988,3359,371
st_R29_M141098_S1_8,metacontig,336,607,271
st_R29_M65568_S1_18,metacontig,2031,2348,317
st_R29_M41347_S1_14,metacontig,1593,1939,346
st_R29_M425018_S1_7,metacontig,961,1337,376
ma_R29_M5757_S4_2,metacontig,36,190,154
st_R29_M88576_S1_1,metacontig,636,1018,382
st_R29_M449328_S1_7,metacontig,432,686,254
st_R29_M397355_S2_1,metacontig,630,974,344
st_R29_M350103_S1_2,metacontig,16,191,175
st_R29_M397355_S1_3,metacontig,1471,1836,365
st_R29_M132639_S1_1,metacontig,4,144,140
st_R29_M166896_S1_13,metacontig,1064,1332,268
st_R29_M127433_S54_1,metacontig,39,285,246
st_R29_M442393_S1_1,metacontig,644,995,351
st_R29_M142380_S1_3,metacontig,10,161,151
st_R29_M56567_S1_17,metacontig,1086,1379,293
st_R29_M128038_S1_5,metacontig,736,905,169
st_R29_M58595_S1_3,metacontig,26,265,239
st_R29_M450778_S1_4,metacontig,1761,2075,314
st_R29_M208735_S1_2,metacontig,22,291,269
st_R29_M114170_S1_2,metacontig,2,169,167
st_R29_M120821_S1_3,metacontig,963,1332,369
st_R29_M238067_S1_1,metacontig,31,235,204
st_R29_M286339_S1_2,metacontig,83,346,263
st_R29_M380866_S1_4,metacontig,933,1132,199
st_R29_M309524_S1_2,metacontig,144,409,265
ar_R29_M37636_S1_8,metacontig,1284,1604,320
al_R29_M423_S1_2,metacontig,354,511,157
st_R29_M357638_S1_1,metacontig,3,143,140
st_R29_M319963_S1_2,metacontig,31,182,151
ar_R29_M12083_S1_1,metacontig,1526,1865,339
st_R29_M171980_S1_2,metacontig,17,295,278
st_R29_M229169_S1_3,metacontig,1527,1835,308
fu_R29_M5688_S1_2,metacontig,536,914,378
st_R29_M165674_S1_3,metacontig,639,991,352
st_R29_M339903_S1_4,metacontig,10,207,197
st_R29_M339921_S1_1,metacontig,132,392,260
st_R29_M107265_S1_7,metacontig,926,1291,365
st_R29_M140955_S1_2,metacontig,475,839,364
st_R29_M209727_S1_1,metacontig,8,169,161
fu_R29_M3766_S1_3,metacontig,172,500,328
st_R29_M397140_S1_5,metacontig,123,465,342
st_R29_M373289_S1_4,metacontig,298,607,309
st_R29_M23062_S1_7,metacontig,640,967,327
st_R29_M74309_S1_3,metacontig,133,392,259
st_R29_M407880_S1_1,metacontig,7,158,151
st_R29_M58571_S1_3,metacontig,7,222,215
st_R29_M296818_S1_5,metacontig,785,1087,302
mm_R29_M3560_S1_3,metacontig,10,186,176
st_R29_M420226_S1_1,metacontig,99,452,353
st_R29_M112789_S1_4,metacontig,6,150,144
st_R29_M127433_S4_1,metacontig,12,186,174
st_R29_M258978_S1_7,metacontig,39,352,313
st_R29_M265234_S1_3,metacontig,107,404,297
st_R29_M75888_S1_5,metacontig,31,182,151
mm_R29_M6542_S1_1,metacontig,20,129,109
ar_R29_M14824_S2_8,metacontig,1637,2025,388
st_R29_M25798_S1_2,metacontig,671,1045,374
fu_R29_M4159_S1_8,metacontig,5,181,176
ar_R29_M28851_S3_2,metacontig,4,235,231
st_R29_M24798_S1_1,metacontig,1,164,163
ar_R29_M40251_S1_1,metacontig,23,195,172
st_R29_M370567_S1_6,metacontig,466,814,348
NC_024298_1,metacontig,1185,1521,336
fu_R29_M3416_S1_1,metacontig,73,387,314
st_R29_M436922_S1_1,metacontig,338,723,385
st_R29_M88036_S1_14,metacontig,1713,1961,248
st_R29_M323636_S1_3,metacontig,1343,1683,340
ar_R29_M11178_S1_3,metacontig,391,866,475
KX648532_1,metacontig,975,1340,365
st_R29_M318340_S1_1,metacontig,403,804,401
st_R29_M256557_S1_4,metacontig,159,550,391
st_R29_M410322_S1_2,metacontig,395,657,262
st_R29_M355504_S1_13,metacontig,1402,1692,290
st_R29_M80055_S1_2,metacontig,1296,1652,356
st_R29_M445803_S1_1,metacontig,8,274,266
st_R29_M53407_S1_2,metacontig,180,384,204
U86600_1,metacontig,3357,3670,313
st_R29_M303662_S2_2,metacontig,178,521,343
st_R29_M309527_S1_8,metacontig,615,953,338
KT591185_2,metacontig,970,1340,370
st_R29_M121357_S1_2,metacontig,2,172,170
st_R29_M386947_S1_2,metacontig,1770,2070,300
fu_R29_M4024_S1_7,metacontig,1697,2079,382
mm_R29_M6542_S2_2,metacontig,8,117,109
KX648531_2,metacontig,967,1340,373
ar_R29_M34552_S1_1,metacontig,38,268,230
ar_R29_M4928_S1_2,metacontig,4,231,227
st_R29_M132379_S1_1,metacontig,620,996,376
st_R29_M119966_S1_4,metacontig,98,404,306
st_R29_M209616_S2_1,metacontig,8,266,258
st_R29_M170081_S1_2,metacontig,355,564,209
st_R29_M293777_S1_5,metacontig,1666,1952,286
fu_R29_M2498_S1_3,metacontig,11,299,288
st_R29_M400190_S1_2,metacontig,1510,1858,348
ma_R29_M5594_S1_1,metacontig,222,464,242
st_R29_M33923_S1_2,metacontig,41,192,151
st_R29_M446517_S1_1,metacontig,751,1085,334
st_R29_M49204_S1_4,metacontig,84,343,259
NC_007920_1,metacontig,2968,3342,374
st_R29_M438971_S1_1,metacontig,1883,2254,371
st_R29_M60280_S1_3,metacontig,768,1132,364
st_R29_M395287_S1_6,metacontig,719,1057,338
st_R29_M290540_S1_1,metacontig,203,505,302
fu_R29_M5527_S2_7,metacontig,484,803,319
ar_R29_M21223_S1_15,metacontig,1725,2109,384
st_R29_M194823_S1_3,metacontig,11,173,162
st_R29_M198967_S1_3,metacontig,162,502,340
st_R29_M73644_S1_13,metacontig,1665,1962,297
st_R29_M160518_S1_1,metacontig,107,344,237
st_R29_M34815_S1_3,metacontig,155,426,271
st_R29_M75700_S1_3,metacontig,125,502,377
st_R29_M212384_S1_1,metacontig,166,548,382
mm_R29_M6005_S1_1,metacontig,2590,2932,342
st_R29_M238143_S1_5,metacontig,1981,2318,337
st_R29_M25792_S1_7,metacontig,44,355,311
st_R29_M245441_S1_2,metacontig,1453,1805,352
st_R29_M1469_S1_2,metacontig,11,154,143
MN864567_1,metacontig,1219,1548,329
st_R29_M307239_S1_1,metacontig,1,207,206
st_R29_M134688_S1_5,metacontig,135,329,194
ar_R29_M29915_S1_1,metacontig,16,161,145
ar_R29_M37055_S1_1,metacontig,1,142,141
st_R29_M101353_S1_4,metacontig,31,182,151
st_R29_M375568_S1_4,metacontig,439,781,342
MG872830_12,metacontig,1436,1795,359
st_R29_M303635_S1_6,metacontig,382,725,343
st_R29_M141728_S1_2,metacontig,61,320,259
am_R29_M243_S1_1,metacontig,505,922,417
st_R29_M429670_S1_2,metacontig,713,1079,366
st_R29_M424778_S1_1,metacontig,1100,1327,227
st_R29_M73867_S1_2,metacontig,44,349,305
st_R29_M57651_S2_1,metacontig,1,218,217
st_R29_M298380_S1_5,metacontig,1175,1467,292
st_R29_M386953_S1_2,metacontig,162,513,351
st_R29_M255368_S1_7,metacontig,30,291,261
st_R29_M193087_S1_12,metacontig,877,1267,390
st_R29_M88106_S1_1,metacontig,267,477,210
st_R29_M140946_S1_7,metacontig,18,305,287
fu_R29_M1973_S1_3,metacontig,680,994,314
st_R29_M213447_S1_4,metacontig,1945,2306,361
st_R29_M335779_S1_4,metacontig,653,1046,393
MN635746_2,metacontig,970,1339,369
MK580123_1,metacontig,1543,1904,361
st_R29_M111916_S1_8,metacontig,342,677,335
fi_R29_M505_S1_2,metacontig,737,1117,380
st_R29_M380083_S1_12,metacontig,269,544,275
st_R29_M69089_S1_1,metacontig,11,203,192
st_R29_M208723_S1_5,metacontig,321,636,315
st_R29_M266696_S1_2,metacontig,31,180,149
ma_R29_M757_S2_3,metacontig,58,256,198
st_R29_M363952_S1_2,metacontig,5,331,326
st_R29_M20049_S1_6,metacontig,659,920,261
NC_005132_7,metacontig,986,1319,333
fu_R29_M113_S14_2,metacontig,167,501,334
fu_R29_M5527_S1_3,metacontig,768,1087,319
st_R29_M151583_S1_4,metacontig,75,380,305
fu_R29_M5856_S1_5,metacontig,122,507,385
ar_R29_M9697_S1_21,metacontig,1482,1846,364
st_R29_M226366_S1_1,metacontig,3,386,383
st_R29_M259726_S1_1,metacontig,5,282,277
fu_R29_M1804_S1_7,metacontig,1701,2027,326
st_R29_M111869_S1_1,metacontig,24,317,293
st_R29_M98883_S1_1,metacontig,5,161,156
st_R29_M50985_S1_4,metacontig,20,216,196
st_R29_M324380_S1_10,metacontig,545,883,338
st_R29_M110146_S1_1,metacontig,1,159,158
st_R29_M411443_S1_6,metacontig,838,1177,339
st_R29_M449324_S1_9,metacontig,1885,2081,196
ma_R29_M4784_S1_2,metacontig,6,102,96
st_R29_M115720_S1_5,metacontig,151,483,332
st_R29_M66297_S1_1,metacontig,11,266,255
st_R29_M450791_S1_3,metacontig,41,426,385
st_R29_M374570_S1_4,metacontig,3,181,178
st_R29_M173959_S1_2,metacontig,132,401,269
st_R29_M299183_S1_1,metacontig,640,983,343
st_R29_M88555_S1_2,metacontig,305,630,325
st_R29_M363968_S1_2,metacontig,97,402,305
st_R29_M182874_S1_1,metacontig,43,337,294
NC_007415_1,metacontig,1165,1520,355
st_R29_M17540_S1_1,metacontig,298,555,257
fu_R29_M4494_S1_1,metacontig,2,159,157
KU936346_2,metacontig,972,1340,368
st_R29_M380077_S1_7,metacontig,65,356,291
st_R29_M181745_S1_3,metacontig,615,1003,388
st_R29_M298381_S1_2,metacontig,450,787,337
st_R29_M412578_S1_15,metacontig,798,1134,336
ar_R29_M10047_S1_4,metacontig,6,300,294
st_R29_M76182_S1_2,metacontig,5,160,155
sa_R29_M1553_S1_5,metacontig,866,1169,303
st_R29_M290707_S1_7,metacontig,730,1140,410
ma_R29_M3167_S1_2,metacontig,4,334,330
wh_R29_M40_S1_1,metacontig,56,234,178
st_R29_M109928_S1_5,metacontig,772,1177,405
st_R29_M201080_S1_2,metacontig,247,727,480
st_R29_M86791_S1_2,metacontig,5,160,155
ar_R29_M40311_S1_2,metacontig,20,234,214
st_R29_M286933_S1_7,metacontig,739,1081,342
st_R29_M499_S1_3,metacontig,475,745,270
fu_R29_M113_S13_2,metacontig,271,605,334
st_R29_M108363_S1_1,metacontig,39,251,212
st_R29_M87735_S1_3,metacontig,48,255,207
st_R29_M374567_S1_3,metacontig,7,193,186
st_R29_M3950_S1_4,metacontig,2,148,146
MK561971_1,metacontig,1450,1701,251
st_R29_M115719_S1_6,metacontig,350,685,335
st_R29_M2725_S1_2,metacontig,307,517,210
st_R29_M225498_S1_3,metacontig,14,350,336
st_R29_M288639_S1_1,metacontig,26,268,242
st_R29_M396457_S1_4,metacontig,548,763,215
st_R29_M324377_S1_11,metacontig,534,872,338
st_R29_M424972_S1_6,metacontig,1670,1990,320
st_R29_M391970_S1_1,metacontig,185,460,275
st_R29_M172023_S1_3,metacontig,314,661,347
st_R29_M65555_S1_12,metacontig,745,1059,314
st_R29_M216269_S1_2,metacontig,637,966,329
st_R29_M129815_S1_8,metacontig,992,1337,345
st_R29_M219390_S2_3,metacontig,144,426,282
NC_030693_6,metacontig,1469,1809,340
st_R29_M128610_S1_2,metacontig,27,178,151
NC_030938_1,metacontig,2742,3121,379
st_R29_M430007_S1_1,metacontig,754,1102,348
fu_R29_M907_S15_16,metacontig,1690,1994,304
ar_R29_M2389_S1_18,metacontig,955,1236,281
st_R29_M116428_S1_5,metacontig,323,594,271
st_R29_M42831_S1_3,metacontig,1767,2079,312
st_R29_M146650_S1_2,metacontig,1,202,201
st_R29_M226096_S1_4,metacontig,1358,1688,330
fu_R29_M2904_S1_10,metacontig,412,713,301
fu_R29_M3997_S1_3,metacontig,642,966,324
fu_R29_M2812_S1_16,metacontig,620,949,329
st_R29_M63963_S1_3,metacontig,63,434,371
st_R29_M295952_S1_3,metacontig,320,504,184
KY616986_3,metacontig,26,363,337
fu_R29_M113_S12_1,metacontig,55,331,276
st_R29_M395067_S1_3,metacontig,9,160,151
st_R29_M310617_S1_3,metacontig,47,221,174
st_R29_M395707_S1_5,metacontig,906,1296,390
st_R29_M314877_S1_5,metacontig,477,875,398
st_R29_M225612_S1_2,metacontig,22,179,157
st_R29_M370095_S1_4,metacontig,606,953,347
st_R29_M303662_S1_4,metacontig,551,893,342
st_R29_M379376_S1_1,metacontig,791,1155,364
st_R29_M401684_S1_4,metacontig,714,1067,353
st_R29_M173958_S1_2,metacontig,168,402,234
st_R29_M429679_S1_4,metacontig,22,199,177
st_R29_M1160_S1_3,metacontig,28,234,206
LC504569_1,metacontig,1815,2187,372
st_R29_M329333_S1_1,metacontig,243,485,242
st_R29_M181914_S1_5,metacontig,2035,2308,273
st_R29_M212296_S11_10,metacontig,32,255,223
mm_R29_M3350_S1_1,metacontig,173,364,191
st_R29_M374349_S1_2,metacontig,52,260,208
st_R29_M140100_S1_6,metacontig,1713,2056,343
st_R29_M51705_S1_4,metacontig,1577,1919,342
st_R29_M286936_S1_16,metacontig,794,1132,338
st_R29_M420384_S1_14,metacontig,1593,1898,305
NC_030654_8,metacontig,1648,1956,308
st_R29_M272674_S1_1,metacontig,61,271,210
st_R29_M408406_S1_12,metacontig,511,851,340
st_R29_M323122_S1_5,metacontig,1184,1521,337
NC_023440_3,metacontig,1813,2207,394
st_R29_M350168_S1_3,metacontig,762,1125,363
st_R29_M410342_S1_5,metacontig,337,649,312
st_R29_M51705_S2_7,metacontig,394,736,342
st_R29_M426384_S1_3,metacontig,288,633,345
st_R29_M329292_S1_5,metacontig,616,945,329
st_R29_M176246_S1_7,metacontig,1135,1482,347
st_R29_M319732_S1_3,metacontig,50,205,155
st_R29_M389713_S1_1,metacontig,1,158,157
st_R29_M118478_S1_2,metacontig,847,1165,318
st_R29_M179159_S1_2,metacontig,10,224,214
st_R29_M312065_S1_2,metacontig,61,313,252
st_R29_M67491_S1_2,metacontig,59,247,188
st_R29_M319349_S1_5,metacontig,1728,2089,361
st_R29_M259896_S1_9,metacontig,1470,1809,339
st_R29_M446295_S1_2,metacontig,176,426,250
st_R29_M235390_S1_2,metacontig,260,643,383
st_R29_M121261_S1_2,metacontig,34,338,304
al_R29_M561_S1_1,metacontig,3356,3796,440
st_R29_M65735_S1_2,metacontig,147,451,304
st_R29_M112317_S1_3,metacontig,38,304,266
st_R29_M301533_S1_1,metacontig,415,762,347
st_R29_M309535_S1_11,metacontig,949,1296,347
st_R29_M183259_S1_13,metacontig,8,192,184
st_R29_M124123_S1_3,metacontig,46,321,275
st_R29_M253059_S1_1,metacontig,76,262,186
sa_R29_M1123_S1_2,metacontig,450,844,394
st_R29_M35387_S1_7,metacontig,21,262,241
ma_R29_M1960_S15_7,metacontig,41,357,316
st_R29_M290716_S1_1,metacontig,509,744,235
st_R29_M291405_S1_1,metacontig,686,1041,355
st_R29_M34096_S1_1,metacontig,713,1074,361
st_R29_M43399_S1_7,metacontig,137,440,303
st_R29_M318514_S1_2,metacontig,833,1174,341
st_R29_M106594_S1_3,metacontig,795,1160,365
ar_R29_M12953_S1_1,metacontig,106,367,261
st_R29_M173928_S1_6,metacontig,1657,1934,277
st_R29_M36114_S1_1,metacontig,1,184,183
st_R29_M28042_S1_1,metacontig,41,301,260
st_R29_M414891_S1_1,metacontig,67,224,157
st_R29_M34209_S1_1,metacontig,163,546,383
st_R29_M110932_S1_5,metacontig,19,249,230
st_R29_M326144_S1_3,metacontig,1953,2301,348
mm_R29_M4316_S1_8,metacontig,162,378,216
ar_R29_M22826_S3_3,metacontig,1,256,255
ar_R29_M31166_S14_3,metacontig,127,407,280
st_R29_M419816_S1_1,metacontig,108,347,239
st_R29_M207294_S1_3,metacontig,218,547,329
st_R29_M426354_S1_1,metacontig,2,178,176
st_R29_M69015_S1_2,metacontig,24,299,275
st_R29_M198969_S1_13,metacontig,1667,2007,340
st_R29_M37962_S1_2,metacontig,16,201,185
st_R29_M57862_S1_2,metacontig,4,177,173
MN823677_1,metacontig,1397,1824,427
st_R29_M326695_S1_2,metacontig,51,189,138
st_R29_M347059_S1_5,metacontig,51,237,186
st_R29_M33696_S1_4,metacontig,640,946,306
st_R29_M365791_S1_3,metacontig,216,519,303
st_R29_M238959_S1_3,metacontig,2,137,135
st_R29_M204955_S1_3,metacontig,34,201,167
ma_R29_M5870_S1_1,metacontig,28,292,264
st_R29_M429538_S1_2,metacontig,19,304,285
st_R29_M291404_S1_2,metacontig,444,799,355
st_R29_M33683_S1_8,metacontig,1118,1434,316
st_R29_M380182_S1_3,metacontig,72,258,186
st_R29_M299031_S1_1,metacontig,156,472,316
st_R29_M380851_S1_3,metacontig,24,341,317
st_R29_M83587_S1_2,metacontig,127,344,217
fu_R29_M5966_S1_3,metacontig,4,357,353
st_R29_M16413_S1_1,metacontig,247,543,296
st_R29_M401945_S1_1,metacontig,92,360,268
st_R29_M363973_S4_3,metacontig,736,1038,302
fu_R29_M1663_S1_14,metacontig,936,1252,316
st_R29_M109770_S1_7,metacontig,608,980,372
st_R29_M402252_S1_1,metacontig,102,418,316
st_R29_M445788_S1_1,metacontig,25,320,295
st_R29_M234905_S1_1,metacontig,671,1018,347
ar_R29_M16654_S1_7,metacontig,2213,2598,385
st_R29_M407749_S1_2,metacontig,605,886,281
MT111580_2,metacontig,975,1340,365
al_R29_M905_S1_5,metacontig,279,736,457
fu_R29_M113_S2_21,metacontig,1658,1991,333
st_R29_M26607_S1_1,metacontig,167,368,201
st_R29_M265509_S1_1,metacontig,98,313,215
st_R29_M227363_S1_2,metacontig,179,431,252
fu_R29_M4240_S1_9,metacontig,229,542,313
st_R29_M97430_S1_3,metacontig,1,183,182
st_R29_M265894_S1_2,metacontig,27,277,250
fu_R29_M2192_S1_11,metacontig,654,1019,365
st_R29_M115718_S1_22,metacontig,1462,1793,331
fu_R29_M907_S27_1,metacontig,125,457,332
st_R29_M184827_S1_1,metacontig,3,172,169
st_R29_M238273_S1_4,metacontig,3,229,226
st_R29_M412564_S1_3,metacontig,466,733,267
fu_R29_M5833_S1_14,metacontig,1647,1980,333
ar_R29_M30498_S1_16,metacontig,974,1252,278
st_R29_M394742_S1_1,metacontig,46,321,275
st_R29_M415603_S1_1,metacontig,14,151,137
st_R29_M171947_S1_6,metacontig,1707,2011,304
ar_R29_M40204_S1_3,metacontig,6,285,279
st_R29_M144779_S1_1,metacontig,7,243,236
KX171167_11,metacontig,1467,1803,336
st_R29_M4454_S1_25,metacontig,1323,1654,331
st_R29_M101933_S1_9,metacontig,1677,1978,301
st_R29_M82830_S1_1,metacontig,414,636,222
st_R29_M216277_S1_2,metacontig,989,1333,344
st_R29_M362715_S1_1,metacontig,14,286,272
st_R29_M73626_S1_1,metacontig,2,206,204
st_R29_M306833_S1_2,metacontig,7,139,132
st_R29_M201275_S1_2,metacontig,299,656,357
st_R29_M407750_S1_3,metacontig,551,791,240
st_R29_M281149_S1_24,metacontig,1324,1663,339
st_R29_M249640_S1_1,metacontig,168,378,210
st_R29_M332710_S1_2,metacontig,206,413,207
AP014912_1,metacontig,2386,2853,467
sa_R29_M1593_S1_1,metacontig,205,367,162
st_R29_M422903_S1_1,metacontig,26,285,259
st_R29_M34568_S1_2,metacontig,568,916,348
st_R29_M264226_S1_5,metacontig,725,1005,280
ma_R29_M4698_S81_2,metacontig,9,305,296
st_R29_M265992_S1_3,metacontig,25,279,254
st_R29_M63192_S1_1,metacontig,3,160,157
ar_R29_M10052_S1_2,metacontig,698,1050,352
st_R29_M51416_S1_20,metacontig,1693,1995,302
st_R29_M171760_S1_4,metacontig,81,370,289
st_R29_M75718_S1_2,metacontig,1905,2139,234
st_R29_M173882_S1_1,metacontig,2,245,243
st_R29_M264779_S1_2,metacontig,784,1123,339
st_R29_M444320_S1_6,metacontig,425,746,321
st_R29_M409602_S1_16,metacontig,846,1199,353
st_R29_M366248_S1_1,metacontig,1008,1297,289
MH188018_10,metacontig,56,264,208
st_R29_M363973_S1_4,metacontig,1561,1860,299
ar_R29_M31166_S7_1,metacontig,126,385,259
st_R29_M202572_S1_1,metacontig,283,632,349
st_R29_M322687_S1_1,metacontig,3,199,196
fu_R29_M5895_S1_5,metacontig,458,788,330
st_R29_M414907_S1_6,metacontig,295,617,322
fu_R29_M113_S8_10,metacontig,629,924,295
st_R29_M109726_S1_1,metacontig,174,388,214
fu_R29_M907_S53_1,metacontig,293,625,332
st_R29_M185223_S1_1,metacontig,23,191,168
st_R29_M88296_S1_2,metacontig,149,538,389
st_R29_M161606_S1_1,metacontig,17,214,197
st_R29_M394732_S1_2,metacontig,1,146,145
st_R29_M354859_S1_3,metacontig,281,639,358
MT706025_5,metacontig,1097,1440,343
st_R29_M171755_S1_1,metacontig,5,231,226
st_R29_M171758_S5_4,metacontig,245,550,305
st_R29_M97214_S1_1,metacontig,6,249,243
st_R29_M310269_S1_1,metacontig,2,139,137
ar_R29_M43856_S1_8,metacontig,541,823,282
st_R29_M146664_S1_2,metacontig,248,599,351
fu_R29_M2127_S1_32,metacontig,1971,2279,308
st_R29_M133510_S1_1,metacontig,150,453,303
fu_R29_M2716_S1_11,metacontig,1220,1565,345
st_R29_M155605_S1_1,metacontig,1324,1662,338
st_R29_M439113_S1_4,metacontig,1160,1482,322
st_R29_M441724_S1_3,metacontig,161,361,200
st_R29_M167217_S1_11,metacontig,317,622,305
st_R29_M7956_S1_4,metacontig,21,353,332
st_R29_M153825_S1_2,metacontig,41,442,401
st_R29_M181228_S1_1,metacontig,597,909,312
st_R29_M311268_S2_2,metacontig,23,223,200
fu_R29_M3697_S1_15,metacontig,829,1148,319
st_R29_M95738_S1_4,metacontig,40,193,153
st_R29_M259019_S1_2,metacontig,2,350,348
st_R29_M326289_S1_1,metacontig,54,196,142
st_R29_M170330_S1_8,metacontig,547,845,298
mm_R29_M6988_S1_2,metacontig,1613,1902,289
st_R29_M197128_S1_2,metacontig,30,181,151
st_R29_M309521_S1_6,metacontig,229,415,186
st_R29_M424584_S1_2,metacontig,185,429,244
st_R29_M4648_S1_5,metacontig,35,355,320
st_R29_M289319_S1_2,metacontig,817,1188,371
st_R29_M197809_S1_3,metacontig,336,695,359
st_R29_M119955_S1_10,metacontig,1681,1983,302
sa_R29_M265_S1_1,metacontig,121,355,234
st_R29_M141116_S1_6,metacontig,171,442,271
st_R29_M66353_S1_4,metacontig,1,149,148
sa_R29_M1346_S1_3,metacontig,1842,2228,386
ar_R29_M35298_S1_1,metacontig,2037,2425,388
st_R29_M120976_S1_3,metacontig,8,198,190
st_R29_M258969_S1_4,metacontig,109,372,263
fu_R29_M3876_S1_3,metacontig,378,720,342
st_R29_M54623_S1_2,metacontig,18,373,355
mm_R29_M4224_S1_1,metacontig,53,293,240
st_R29_M298265_S1_2,metacontig,66,361,295
st_R29_M110138_S1_13,metacontig,636,885,249
st_R29_M216671_S1_4,metacontig,105,347,242
st_R29_M115701_S1_22,metacontig,1047,1368,321
ar_R29_M15683_S1_4,metacontig,215,456,241
st_R29_M115619_S1_19,metacontig,622,961,339
st_R29_M245050_S1_1,metacontig,777,1146,369
al_R29_M690_S1_4,metacontig,793,1185,392
ar_R29_M41265_S1_1,metacontig,157,505,348
st_R29_M442412_S1_1,metacontig,26,246,220
st_R29_M161616_S1_1,metacontig,52,359,307
st_R29_M119413_S1_1,metacontig,564,893,329
st_R29_M442453_S1_9,metacontig,883,1153,270
st_R29_M65569_S1_2,metacontig,55,351,296
st_R29_M229298_S1_1,metacontig,102,470,368
st_R29_M301537_S1_1,metacontig,46,306,260
st_R29_M6679_S1_4,metacontig,3,252,249
fu_R29_M4717_S1_5,metacontig,750,1105,355
st_R29_M126217_S1_2,metacontig,5,181,176
st_R29_M268522_S1_4,metacontig,733,1108,375
ar_R29_M7069_S122_17,metacontig,863,1214,351
st_R29_M355083_S1_4,metacontig,111,425,314
st_R29_M359667_S1_2,metacontig,87,344,257
st_R29_M30731_S1_7,metacontig,1590,1943,353
st_R29_M152552_S1_7,metacontig,246,600,354
st_R29_M198965_S1_4,metacontig,1604,1928,324
AB162006_3,metacontig,102,445,343
st_R29_M201277_S1_1,metacontig,43,352,309
st_R29_M115704_S1_17,metacontig,1111,1474,363
ma_R29_M4698_S45_3,metacontig,179,554,375
st_R29_M115705_S1_16,metacontig,813,1134,321
st_R29_M439112_S1_23,metacontig,1433,1767,334
st_R29_M326640_S1_1,metacontig,645,1014,369
ma_R29_M4698_S68_8,metacontig,29,289,260
fi_R29_M505_S2_5,metacontig,380,661,281
st_R29_M394701_S1_18,metacontig,754,1006,252
st_R29_M54618_S1_4,metacontig,36,415,379
st_R29_M446036_S1_1,metacontig,730,1123,393
st_R29_M394646_S1_2,metacontig,110,419,309
st_R29_M33700_S1_9,metacontig,1069,1383,314
mm_R29_M5783_S1_2,metacontig,119,516,397
st_R29_M445817_S1_4,metacontig,1431,1726,295
st_R29_M351732_S1_8,metacontig,652,984,332
st_R29_M294597_S1_3,metacontig,36,265,229
st_R29_M122927_S1_2,metacontig,639,967,328
st_R29_M260000_S1_2,metacontig,509,808,299
st_R29_M95721_S1_2,metacontig,6,260,254
st_R29_M226896_S1_1,metacontig,910,1249,339
st_R29_M231340_S1_1,metacontig,1,101,100
fu_R29_M1990_S1_3,metacontig,723,1073,350
fu_R29_M6088_S1_1,metacontig,667,1007,340
st_R29_M296993_S1_1,metacontig,1128,1498,370
st_R29_M373292_S1_6,metacontig,26,259,233
st_R29_M4631_S1_18,metacontig,1277,1620,343
st_R29_M213288_S1_3,metacontig,8,232,224
ch_R29_M194_S1_1,metacontig,49,310,261
st_R29_M442579_S1_1,metacontig,3303,3543,240
mm_R29_M1644_S1_1,metacontig,864,1187,323
fu_R29_M3273_S1_5,metacontig,80,393,313
st_R29_M237678_S1_12,metacontig,1772,1982,210
st_R29_M115706_S1_2,metacontig,454,773,319
ar_R29_M21205_S1_1,metacontig,301,527,226
st_R29_M118527_S1_4,metacontig,276,640,364
st_R29_M222458_S1_5,metacontig,34,301,267
st_R29_M115717_S1_7,metacontig,1101,1432,331
st_R29_M234950_S1_6,metacontig,456,767,311
ro_R29_M42_S1_1,metacontig,235,506,271
st_R29_M106702_S1_7,metacontig,6,239,233
ma_R29_M2355_S1_1,metacontig,1,180,179
st_R29_M324379_S1_1,metacontig,17,171,154
st_R29_M96721_S1_1,metacontig,245,543,298
st_R29_M73661_S1_3,metacontig,1757,2040,283
st_R29_M211673_S1_8,metacontig,2005,2342,337
st_R29_M161605_S1_2,metacontig,144,421,277
st_R29_M171758_S1_12,metacontig,1745,2050,305
st_R29_M409599_S1_1,metacontig,31,258,227
st_R29_M51616_S1_10,metacontig,553,888,335
st_R29_M389631_S1_1,metacontig,115,332,217
st_R29_M66319_S1_5,metacontig,509,798,289
st_R29_M52510_S1_2,metacontig,1,182,181
ar_R29_M39201_S1_3,metacontig,10,250,240
st_R29_M39024_S1_12,metacontig,796,1097,301
fu_R29_M4836_S1_10,metacontig,1951,2258,307
st_R29_M264663_S1_1,metacontig,582,980,398
st_R29_M43270_S1_7,metacontig,529,779,250
ar_R29_M25458_S1_1,metacontig,7,113,106
st_R29_M288649_S1_10,metacontig,697,1055,358
st_R29_M101880_S1_2,metacontig,40,346,306
st_R29_M115630_S1_13,metacontig,130,469,339
st_R29_M220717_S1_3,metacontig,793,1153,360
st_R29_M210301_S1_3,metacontig,40,256,216
st_R29_M170324_S1_8,metacontig,890,1200,310
mm_R29_M8089_S1_2,metacontig,1200,1597,397
st_R29_M34239_S1_2,metacontig,470,766,296
st_R29_M410010_S1_3,metacontig,1651,1959,308
st_R29_M58569_S1_11,metacontig,80,267,187
fu_R29_M2845_S1_2,metacontig,1399,1738,339
ar_R29_M37444_S2_1,metacontig,37,271,234
st_R29_M216268_S1_1,metacontig,220,605,385
st_R29_M136154_S1_2,metacontig,576,735,159
st_R29_M130281_S1_6,metacontig,172,593,421
st_R29_M4632_S1_26,metacontig,1532,1896,364
st_R29_M115702_S1_5,metacontig,531,862,331
fu_R29_M1091_S1_3,metacontig,1194,1517,323
st_R29_M400482_S1_1,metacontig,278,497,219
st_R29_M60285_S1_11,metacontig,694,1076,382
fu_R29_M1378_S1_2,metacontig,1988,2270,282
st_R29_M81532_S1_2,metacontig,6,170,164
st_R29_M201276_S1_16,metacontig,2040,2428,388
st_R29_M38861_S1_3,metacontig,693,1080,387
ar_R29_M13771_S1_7,metacontig,25,171,146
mm_R29_M4375_S1_2,metacontig,1361,1748,387
st_R29_M80989_S1_2,metacontig,1891,2192,301
mm_R29_M8045_S1_4,metacontig,9,208,199
ar_R29_M6433_S1_5,metacontig,1059,1329,270
st_R29_M430257_S1_2,metacontig,47,203,156
st_R29_M195712_S1_2,metacontig,693,1079,386
ar_R29_M10778_S1_9,metacontig,697,1055,358
st_R29_M312099_S1_2,metacontig,51,327,276
st_R29_M109764_S1_1,metacontig,430,707,277
mm_R29_M1512_S1_1,metacontig,513,899,386
st_R29_M387919_S1_1,metacontig,8,324,316
st_R29_M361871_S1_7,metacontig,713,1107,394
st_R29_M1447_S1_4,metacontig,118,491,373
ar_R29_M7069_S1610_1,metacontig,10,260,250
st_R29_M373634_S1_2,metacontig,49,284,235
fu_R29_M6036_S1_3,metacontig,773,1107,334
st_R29_M44283_S1_5,metacontig,448,832,384
st_R29_M260_S1_3,metacontig,2,125,123
ar_R29_M26324_S1_1,metacontig,42,449,407
mm_R29_M2420_S1_7,metacontig,22,220,198
fu_R29_M4075_S1_4,metacontig,101,437,336
st_R29_M235675_S1_2,metacontig,21,264,243
st_R29_M69504_S1_2,metacontig,134,342,208
st_R29_M35498_S1_2,metacontig,106,337,231
st_R29_M26694_S21_1,metacontig,27,231,204
ar_R29_M28851_S2_2,metacontig,23,206,183
st_R29_M34609_S1_5,metacontig,1311,1713,402
st_R29_M102326_S1_4,metacontig,723,1114,391
st_R29_M237428_S1_1,metacontig,9,215,206
st_R29_M222302_S1_2,metacontig,17,296,279
st_R29_M352872_S1_2,metacontig,145,339,194
ma_R29_M6311_S1_1,metacontig,1,100,99
mm_R29_M4913_S1_1,metacontig,6,156,150
st_R29_M200076_S1_2,metacontig,388,667,279
st_R29_M115711_S1_8,metacontig,835,1164,329
st_R29_M259006_S1_3,metacontig,134,402,268
st_R29_M60238_S1_1,metacontig,229,491,262
st_R29_M402259_S1_7,metacontig,648,844,196
st_R29_M10959_S1_6,metacontig,618,864,246
st_R29_M16177_S1_5,metacontig,33,190,157
st_R29_M306865_S1_1,metacontig,3,157,154
st_R29_M281153_S1_1,metacontig,13,168,155
st_R29_M91317_S1_1,metacontig,738,1097,359
st_R29_M38849_S1_1,metacontig,28,324,296
st_R29_M253054_S1_1,metacontig,9,172,163
st_R29_M262867_S1_1,metacontig,93,301,208
st_R29_M115716_S1_18,metacontig,1157,1474,317
st_R29_M401742_S1_1,metacontig,16,144,128
ar_R29_M7056_S1_2,metacontig,256,507,251
st_R29_M297171_S1_1,metacontig,19,379,360
st_R29_M181227_S1_28,metacontig,1576,1891,315
fu_R29_M5701_S1_3,metacontig,1024,1349,325
st_R29_M365100_S1_8,metacontig,879,1227,348
mm_R29_M543_S1_9,metacontig,8,198,190
fu_R29_M5240_S1_1,metacontig,170,563,393
st_R29_M228860_S1_1,metacontig,24,238,214
st_R29_M137852_S1_2,metacontig,12,239,227
ar_R29_M31166_S11_1,metacontig,37,300,263
st_R29_M216644_S1_20,metacontig,1544,1850,306
st_R29_M207381_S1_7,metacontig,729,1111,382
fi_R29_M1615_S3_3,metacontig,33,312,279
fu_R29_M6032_S3_4,metacontig,197,550,353
st_R29_M326240_S1_4,metacontig,24,280,256
st_R29_M26857_S1_4,metacontig,37,202,165
sa_R29_M632_S1_1,metacontig,1379,1694,315
ar_R29_M7069_S180_1,metacontig,1608,1885,277
st_R29_M81476_S1_1,metacontig,3,197,194
st_R29_M10958_S1_22,metacontig,1377,1765,388
st_R29_M40701_S1_1,metacontig,121,342,221
st_R29_M119676_S1_2,metacontig,221,474,253
st_R29_M111330_S1_5,metacontig,222,529,307
st_R29_M171758_S3_12,metacontig,725,1075,350
st_R29_M382871_S1_2,metacontig,102,486,384
EU095327_8,metacontig,1797,2055,258
st_R29_M430252_S1_3,metacontig,775,1116,341
ar_R29_M23840_S1_1,metacontig,1895,2161,266
MN646771_1,metacontig,960,1319,359
st_R29_M278225_S1_2,metacontig,321,574,253
fu_R29_M1406_S1_33,metacontig,1945,2250,305
st_R29_M95751_S1_1,metacontig,4,193,189
st_R29_M406306_S1_1,metacontig,4,158,154
st_R29_M245440_S1_4,metacontig,1627,1796,169
st_R29_M191087_S1_14,metacontig,1079,1428,349
st_R29_M142384_S1_1,metacontig,1,164,163
fu_R29_M2632_S2_2,metacontig,145,360,215
st_R29_M297170_S1_1,metacontig,36,397,361
ar_R29_M16922_S1_5,metacontig,1529,1888,359
mm_R29_M39_S1_2,metacontig,22,292,270
st_R29_M184699_S1_1,metacontig,162,463,301
st_R29_M316744_S1_7,metacontig,702,1049,347
st_R29_M101777_S1_3,metacontig,126,500,374
st_R29_M153448_S1_2,metacontig,133,359,226
fu_R29_M907_S14_13,metacontig,1238,1572,334
ar_R29_M21961_S1_34,metacontig,1082,1354,272
ar_R29_M26630_S1_1,metacontig,210,485,275
st_R29_M219390_S1_1,metacontig,437,752,315
st_R29_M55704_S1_3,metacontig,36,331,295
st_R29_M236174_S1_2,metacontig,60,337,277
st_R29_M298490_S1_5,metacontig,412,782,370
ma_R29_M4698_S69_2,metacontig,53,261,208
st_R29_M221489_S1_2,metacontig,9,302,293
st_R29_M83240_S1_8,metacontig,1875,2154,279
st_R29_M201282_S1_5,metacontig,673,1013,340
st_R29_M53145_S1_4,metacontig,91,362,271
st_R29_M145923_S1_3,metacontig,124,395,271
fu_R29_M3448_S1_4,metacontig,5,255,250
st_R29_M423075_S1_4,metacontig,138,520,382
st_R29_M80634_S1_1,metacontig,25,208,183
fu_R29_M6032_S1_5,metacontig,1228,1579,351
fu_R29_M6030_S1_1,metacontig,170,547,377
st_R29_M140875_S1_3,metacontig,182,331,149
st_R29_M439128_S1_1,metacontig,1,233,232
st_R29_M55455_S1_5,metacontig,26,234,208
st_R29_M265529_S1_2,metacontig,5,182,177
st_R29_M185427_S1_2,metacontig,258,466,208
st_R29_M313816_S1_1,metacontig,180,403,223
mm_R29_M1576_S2_2,metacontig,268,597,329
ar_R29_M25371_S1_2,metacontig,428,764,336
st_R29_M60287_S1_1,metacontig,141,446,305
st_R29_M194958_S1_3,metacontig,24,151,127
st_R29_M412396_S1_9,metacontig,767,1162,395
st_R29_M263808_S3_1,metacontig,1,146,145
st_R29_M30729_S1_3,metacontig,1592,1944,352
st_R29_M124635_S1_4,metacontig,1380,1695,315
st_R29_M239025_S1_1,metacontig,75,343,268
st_R29_M173681_S1_1,metacontig,247,486,239
st_R29_M387848_S1_1,metacontig,27,202,175
st_R29_M215620_S1_2,metacontig,245,596,351
st_R29_M200066_S1_2,metacontig,1954,2232,278
mm_R29_M5048_S1_1,metacontig,81,360,279
fu_R29_M907_S10_2,metacontig,769,1121,352
fu_R29_M907_S33_10,metacontig,769,1121,352
ch_R29_M238_S1_1,metacontig,189,571,382
fu_R29_M2169_S1_4,metacontig,770,1126,356
fu_R29_M5593_S1_1,metacontig,539,807,268
st_R29_M207324_S1_1,metacontig,693,1079,386
fu_R29_M3607_S1_7,metacontig,765,1120,355
st_R29_M194587_S1_2,metacontig,1,143,142
st_R29_M357183_S1_2,metacontig,124,337,213
fu_R29_M3460_S1_1,metacontig,2421,2735,314
st_R29_M215619_S1_2,metacontig,182,476,294
ma_R29_M1376_S1_1,metacontig,133,363,230
mm_R29_M2927_S1_3,metacontig,1836,2185,349
fu_R29_M2722_S1_8,metacontig,107,412,305
st_R29_M288634_S1_2,metacontig,10,310,300
st_R29_M10868_S1_5,metacontig,1559,1800,241
st_R29_M407244_S1_4,metacontig,1,124,123
st_R29_M389634_S1_4,metacontig,3,125,122
ar_R29_M32174_S1_2,metacontig,10,244,234
st_R29_M170357_S1_3,metacontig,7,181,174
MN552442_7,metacontig,1642,1838,196
st_R29_M143435_S1_3,metacontig,116,352,236
mm_R29_M197_S1_1,metacontig,95,492,397
fu_R29_M2034_S1_12,metacontig,1192,1562,370
st_R29_M140853_S1_2,metacontig,365,666,301
st_R29_M188937_S1_4,metacontig,1708,1982,274
MN547623_5,metacontig,1775,1963,188
st_R29_M387945_S1_1,metacontig,110,386,276
fu_R29_M907_S22_11,metacontig,1212,1586,374
ar_R29_M41232_S2_1,metacontig,28,225,197
fu_R29_M3910_S1_5,metacontig,183,520,337
st_R29_M195614_S1_2,metacontig,1023,1397,374
st_R29_M25788_S1_1,metacontig,685,1025,340
ar_R29_M6858_S1_2,metacontig,53,189,136
ar_R29_M2011_S1_1,metacontig,3,115,112
st_R29_M441278_S1_10,metacontig,731,1082,351
st_R29_M235443_S1_4,metacontig,2,138,136
st_R29_M65564_S1_4,metacontig,185,428,243
st_R29_M333518_S1_1,metacontig,2,177,175
fu_R29_M3669_S1_11,metacontig,817,1159,342
ar_R29_M11472_S1_1,metacontig,252,509,257
mm_R29_M5687_S1_2,metacontig,36,198,162
st_R29_M23223_S1_1,metacontig,39,321,282
st_R29_M61893_S1_1,metacontig,19,282,263
st_R29_M124689_S1_3,metacontig,182,416,234
st_R29_M145963_S1_1,metacontig,183,385,202
st_R29_M226131_S1_1,metacontig,689,1031,342
fu_R29_M5353_S1_24,metacontig,1595,1895,300
st_R29_M440609_S1_5,metacontig,1562,1800,238
ar_R29_M36296_S1_6,metacontig,1754,2060,306
st_R29_M306936_S1_1,metacontig,142,344,202
st_R29_M112308_S1_3,metacontig,1437,1766,329
st_R29_M379429_S1_1,metacontig,16,152,136
st_R29_M450846_S1_4,metacontig,9,229,220
ar_R29_M7069_S981_7,metacontig,29,193,164
ar_R29_M24223_S1_1,metacontig,716,1071,355
st_R29_M323123_S1_3,metacontig,93,363,270
st_R29_M132582_S1_3,metacontig,9,335,326
st_R29_M172185_S1_2,metacontig,20,264,244
st_R29_M14670_S1_1,metacontig,229,439,210
fu_R29_M907_S13_11,metacontig,872,1185,313
st_R29_M204962_S1_6,metacontig,1646,1911,265
st_R29_M420033_S1_7,metacontig,1057,1327,270
st_R29_M115703_S1_20,metacontig,1139,1464,325
st_R29_M331659_S1_1,metacontig,83,385,302
st_R29_M306882_S1_1,metacontig,969,1341,372
st_R29_M91312_S1_1,metacontig,5,127,122
mm_R29_M6960_S1_2,metacontig,34,185,151
st_R29_M440663_S2_3,metacontig,54,269,215
st_R29_M401680_S1_2,metacontig,87,250,163
ar_R29_M22077_S1_2,metacontig,5,215,210
ar_R29_M6851_S2_1,metacontig,12,142,130
mm_R29_M1249_S1_4,metacontig,9,345,336
st_R29_M121788_S1_4,metacontig,126,483,357
ar_R29_M43630_S1_2,metacontig,127,255,128
st_R29_M358666_S1_4,metacontig,63,259,196
ar_R29_M13771_S2_3,metacontig,25,166,141
st_R29_M140012_S1_3,metacontig,734,1093,359
st_R29_M212751_S1_20,metacontig,1542,1908,366
sp_R29_M495_S1_1,metacontig,18,137,119
st_R29_M118666_S1_2,metacontig,85,345,260
mm_R29_M1576_S1_3,metacontig,1743,2072,329
st_R29_M26694_S29_1,metacontig,164,392,228
fu_R29_M3669_S2_2,metacontig,822,1164,342
st_R29_M23060_S1_7,metacontig,911,1193,282
mm_R29_M7960_S1_3,metacontig,8,272,264
st_R29_M2_S1_2,metacontig,36,254,218
st_R29_M324383_S1_3,metacontig,138,415,277
st_R29_M238164_S1_3,metacontig,105,425,320
st_R29_M441021_S1_1,metacontig,86,250,164
st_R29_M10352_S1_2,metacontig,51,220,169
st_R29_M295968_S1_10,metacontig,759,1108,349
st_R29_M209869_S1_1,metacontig,226,436,210
ar_R29_M42965_S1_2,metacontig,33,190,157
MK279480_2,metacontig,2421,2736,315
st_R29_M155611_S1_3,metacontig,176,422,246
st_R29_M110248_S1_1,metacontig,267,372,105
st_R29_M97856_S1_1,metacontig,361,572,211
st_R29_M245343_S1_1,metacontig,7,226,219
st_R29_M440967_S1_9,metacontig,354,610,256
st_R29_M137714_S1_8,metacontig,50,241,191
ar_R29_M38645_S1_2,metacontig,1711,1974,263
st_R29_M139639_S1_4,metacontig,258,502,244
mm_R29_M6788_S1_8,metacontig,1871,2131,260
st_R29_M155612_S1_2,metacontig,140,380,240
st_R29_M129817_S1_21,metacontig,975,1346,371
st_R29_M437511_S1_2,metacontig,22,139,117
st_R29_M165630_S1_1,metacontig,770,1089,319
ma_R29_M1421_S1_1,metacontig,2,138,136
st_R29_M363923_S1_1,metacontig,760,1117,357
st_R29_M26101_S1_2,metacontig,43,308,265
st_R29_M78873_S1_2,metacontig,273,375,102
st_R29_M69048_S1_1,metacontig,162,364,202
st_R29_M10860_S1_3,metacontig,157,343,186
st_R29_M185862_S1_1,metacontig,52,281,229
st_R29_M238294_S1_4,metacontig,199,566,367
st_R29_M437123_S1_2,metacontig,231,499,268
ar_R29_M17736_S1_1,metacontig,447,740,293
st_R29_M363514_S1_1,metacontig,200,514,314
st_R29_M110285_S1_2,metacontig,47,240,193
ch_R29_M342_S1_1,metacontig,3375,3682,307
st_R29_M173921_S1_3,metacontig,85,356,271
fu_R29_M3974_S1_1,metacontig,394,761,367
fu_R29_M4375_S1_5,metacontig,406,627,221
st_R29_M66711_S1_2,metacontig,3,163,160
st_R29_M231767_S1_2,metacontig,780,1046,266
ma_R29_M3455_S1_1,metacontig,11,200,189
st_R29_M121787_S1_6,metacontig,782,1125,343
st_R29_M93158_S1_2,metacontig,1,130,129
ma_R29_M4325_S1_1,metacontig,27,205,178
fu_R29_M3372_S3_10,metacontig,599,953,354
ar_R29_M36991_S1_1,metacontig,1759,2059,300
st_R29_M115621_S1_3,metacontig,193,499,306
st_R29_M115721_S1_3,metacontig,240,456,216
ar_R29_M23381_S3_1,metacontig,6,189,183
fu_R29_M4111_S1_3,metacontig,159,431,272
st_R29_M281150_S1_1,metacontig,90,392,302
st_R29_M441196_S1_1,metacontig,2,248,246
st_R29_M309520_S1_6,metacontig,12,277,265
st_R29_M248357_S1_1,metacontig,39,180,141
st_R29_M264168_S1_7,metacontig,1762,1965,203
MN400076_3,metacontig,1518,1880,362
mm_R29_M5472_S1_7,metacontig,1463,1847,384
st_R29_M39054_S1_1,metacontig,126,319,193
st_R29_M161984_S1_1,metacontig,56,277,221
st_R29_M317770_S1_2,metacontig,1,137,136
st_R29_M373747_S1_7,metacontig,472,799,327
st_R29_M445214_S1_1,metacontig,145,357,212
st_R29_M318530_S1_1,metacontig,705,1048,343
st_R29_M216921_S1_3,metacontig,985,1317,332
fu_R29_M3953_S1_5,metacontig,1624,1970,346
st_R29_M380856_S1_6,metacontig,608,853,245
st_R29_M449325_S1_2,metacontig,9,193,184
st_R29_M114452_S1_1,metacontig,1,147,146
st_R29_M406302_S1_2,metacontig,185,440,255
st_R29_M166935_S1_1,metacontig,54,355,301
st_R29_M381004_S1_6,metacontig,1727,1984,257
st_R29_M125801_S1_1,metacontig,1,217,216
st_R29_M389704_S1_12,metacontig,1646,1915,269
st_R29_M183268_S1_17,metacontig,1893,2199,306
st_R29_M362010_S1_3,metacontig,11,217,206
st_R29_M449349_S1_3,metacontig,78,287,209
st_R29_M316758_S1_4,metacontig,1497,1735,238
st_R29_M53162_S1_1,metacontig,12,352,340
st_R29_M153807_S1_1,metacontig,982,1186,204
st_R29_M289295_S1_2,metacontig,80,366,286
st_R29_M3825_S1_1,metacontig,689,1080,391
fu_R29_M2580_S1_4,metacontig,670,969,299
st_R29_M88135_S1_2,metacontig,3,145,142
st_R29_M181170_S1_9,metacontig,1217,1512,295
st_R29_M425000_S1_3,metacontig,4,303,299
mm_R29_M6577_S1_3,metacontig,1,168,167
st_R29_M66712_S1_3,metacontig,151,419,268
st_R29_M200066_S2_2,metacontig,33,215,182
fu_R29_M2525_S1_12,metacontig,2247,2605,358
ar_R29_M23434_S1_8,metacontig,1760,2060,300
st_R29_M15196_S1_1,metacontig,30,332,302
st_R29_M181916_S1_2,metacontig,2,219,217
st_R29_M350543_S1_14,metacontig,1674,1931,257
st_R29_M166899_S1_13,metacontig,798,1104,306
ar_R29_M41058_S1_3,metacontig,104,363,259
mm_R29_M1750_S1_2,metacontig,334,719,385
st_R29_M185079_S1_7,metacontig,32,318,286
st_R29_M132383_S1_2,metacontig,331,687,356
st_R29_M445818_S1_1,metacontig,12,221,209
st_R29_M9063_S1_13,metacontig,1567,1824,257
ar_R29_M1036_S2_1,metacontig,75,274,199
ar_R29_M25364_S1_1,metacontig,963,1325,362
st_R29_M171759_S1_5,metacontig,45,245,200
sa_R29_M1801_S1_4,metacontig,97,434,337
ar_R29_M24454_S1_3,metacontig,7,310,303
st_R29_M446297_S1_2,metacontig,114,367,253
st_R29_M419731_S1_1,metacontig,35,304,269
st_R29_M395747_S1_7,metacontig,603,920,317
ar_R29_M5618_S1_1,metacontig,24,279,255
st_R29_M177770_S1_10,metacontig,127,270,143
ar_R29_M5639_S2_2,metacontig,3,106,103
st_R29_M23068_S1_2,metacontig,54,283,229
st_R29_M117696_S1_2,metacontig,1631,1864,233
st_R29_M3121_S1_3,metacontig,323,547,224
st_R29_M293778_S1_12,metacontig,1677,1944,267
st_R29_M46082_S1_3,metacontig,1243,1513,270
st_R29_M162228_S1_3,metacontig,41,301,260
st_R29_M212024_S1_2,metacontig,5,188,183
st_R29_M80451_S2_1,metacontig,20,96,76
st_R29_M162264_S1_1,metacontig,140,396,256
st_R29_M347031_S1_1,metacontig,2,124,122
st_R29_M313663_S1_1,metacontig,5,177,172
mm_R29_M8091_S1_5,metacontig,1648,1981,333
st_R29_M8066_S1_2,metacontig,18,142,124
st_R29_M425032_S1_1,metacontig,16,187,171
st_R29_M4636_S1_2,metacontig,250,512,262
st_R29_M222476_S1_3,metacontig,1895,2208,313
st_R29_M409745_S1_4,metacontig,1624,1899,275
sp_R29_M468_S3_3,metacontig,138,357,219
st_R29_M259785_S1_4,metacontig,445,710,265
st_R29_M426389_S1_9,metacontig,41,251,210
AY258323_13,metacontig,1838,2030,192
st_R29_M66710_S1_4,metacontig,526,795,269
st_R29_M408697_S1_1,metacontig,151,362,211
st_R29_M209729_S1_2,metacontig,368,572,204
fu_R29_M903_S1_1,metacontig,242,432,190
ar_R29_M31166_S2_6,metacontig,99,303,204
st_R29_M182872_S1_3,metacontig,71,508,437
ar_R29_M7857_S1_2,metacontig,12,137,125
st_R29_M335895_S1_2,metacontig,31,182,151
AB701721_2,metacontig,2622,2866,244
st_R29_M366464_S1_3,metacontig,708,1129,421
st_R29_M102522_S1_3,metacontig,25,124,99
st_R29_M101815_S1_2,metacontig,36,263,227
fu_R29_M545_S1_1,metacontig,1049,1374,325
mm_R29_M789_S1_6,metacontig,415,618,203
st_R29_M128064_S1_1,metacontig,27,150,123
st_R29_M202573_S1_2,metacontig,9,157,148
st_R29_M39840_S1_4,metacontig,1673,1904,231
st_R29_M221748_S1_1,metacontig,40,188,148
sa_R29_M1643_S1_3,metacontig,1003,1141,138
st_R29_M374234_S1_9,metacontig,1222,1587,365
fu_R29_M5845_S1_2,metacontig,1304,1661,357
st_R29_M127620_S1_6,metacontig,768,1129,361
st_R29_M80481_S1_1,metacontig,57,350,293
st_R29_M75138_S1_1,metacontig,3,108,105
st_R29_M274218_S1_2,metacontig,606,875,269
st_R29_M202239_S1_2,metacontig,647,944,297
st_R29_M161997_S1_25,metacontig,77,355,278
fu_R29_M3372_S1_16,metacontig,836,1189,353
st_R29_M88162_S1_2,metacontig,8,138,130
st_R29_M22466_S1_2,metacontig,1,135,134
st_R29_M167220_S1_2,metacontig,117,395,278
st_R29_M118526_S1_15,metacontig,1477,1729,252
ar_R29_M29715_S1_2,metacontig,36,295,259
fu_R29_M4109_S1_2,metacontig,248,519,271
sa_R29_M2185_S1_1,metacontig,378,534,156
sp_R29_M761_S1_19,metacontig,224,601,377
ar_R29_M6570_S1_6,metacontig,138,517,379
st_R29_M359853_S1_1,metacontig,15,136,121
st_R29_M43277_S1_5,metacontig,1671,1930,259
ar_R29_M32564_S1_10,metacontig,483,853,370
st_R29_M173929_S1_16,metacontig,1322,1585,263
st_R29_M173933_S1_1,metacontig,62,321,259
st_R29_M363522_S1_6,metacontig,316,651,335
st_R29_M1228_S1_1,metacontig,211,400,189
ar_R29_M7753_S1_1,metacontig,166,427,261
st_R29_M226853_S1_3,metacontig,29,278,249
st_R29_M225401_S1_24,metacontig,1886,2205,319
st_R29_M426209_S1_6,metacontig,57,350,293
st_R29_M42917_S1_6,metacontig,768,1072,304
st_R29_M362902_S1_3,metacontig,649,910,261
st_R29_M188938_S1_2,metacontig,263,533,270
ch_R29_M58_S1_5,metacontig,4,98,94
st_R29_M375555_S1_2,metacontig,805,1100,295
st_R29_M34592_S1_1,metacontig,163,419,256
ar_R29_M6421_S1_1,metacontig,2,117,115
st_R29_M186611_S1_1,metacontig,811,1177,366
st_R29_M23128_S1_1,metacontig,628,976,348
st_R29_M34886_S1_4,metacontig,27,286,259
am_R29_M288_S1_1,metacontig,97,360,263
st_R29_M153461_S1_1,metacontig,3,157,154
st_R29_M165631_S1_5,metacontig,135,467,332
st_R29_M43304_S1_2,metacontig,178,442,264
st_R29_M23061_S1_10,metacontig,600,881,281
ar_R29_M41770_S1_3,metacontig,4,106,102
st_R29_M14709_S1_10,metacontig,666,953,287
st_R29_M222471_S1_1,metacontig,34,233,199
st_R29_M401679_S1_7,metacontig,1640,1939,299
st_R29_M108357_S1_10,metacontig,682,952,270
st_R29_M438317_S1_9,metacontig,688,976,288
ar_R29_M16155_S1_5,metacontig,464,719,255
st_R29_M171122_S1_1,metacontig,2,173,171
fu_R29_M2039_S1_1,metacontig,1303,1661,358
st_R29_M299028_S1_5,metacontig,1650,1913,263
st_R29_M226148_S1_1,metacontig,1,138,137
st_R29_M145913_S1_1,metacontig,93,364,271
st_R29_M69655_S1_1,metacontig,154,422,268
st_R29_M314145_S2_1,metacontig,17,220,203
st_R29_M173930_S1_3,metacontig,228,493,265
st_R29_M363238_S1_2,metacontig,187,454,267
st_R29_M166783_S1_2,metacontig,1278,1534,256
st_R29_M140085_S1_7,metacontig,1631,1926,295
st_R29_M31048_S1_2,metacontig,314,529,215
fu_R29_M3684_S1_4,metacontig,421,692,271
st_R29_M165045_S1_9,metacontig,352,623,271
ar_R29_M35089_S1_6,metacontig,1686,1947,261
st_R29_M332689_S1_1,metacontig,284,658,374
st_R29_M17036_S1_2,metacontig,16,224,208
st_R29_M390583_S1_1,metacontig,129,384,255
st_R29_M294216_S3_3,metacontig,11,165,154
st_R29_M54736_S1_1,metacontig,155,364,209
st_R29_M314145_S3_1,metacontig,3,150,147
st_R29_M226828_S1_1,metacontig,550,815,265
st_R29_M31322_S1_1,metacontig,5,100,95
st_R29_M407740_S1_2,metacontig,155,383,228
st_R29_M297364_S1_9,metacontig,2,162,160
ar_R29_M19461_S1_1,metacontig,34,232,198
st_R29_M39032_S1_1,metacontig,234,425,191
st_R29_M201269_S1_5,metacontig,330,587,257
mm_R29_M4182_S1_2,metacontig,147,404,257
st_R29_M8941_S1_23,metacontig,1715,2066,351
st_R29_M39009_S1_1,metacontig,5,138,133
st_R29_M229192_S1_1,metacontig,54,272,218
st_R29_M346627_S1_1,metacontig,1,117,116
st_R29_M210299_S1_2,metacontig,27,255,228
st_R29_M168761_S1_9,metacontig,1602,1869,267
st_R29_M395105_S1_2,metacontig,199,468,269
st_R29_M15191_S1_17,metacontig,844,1143,299
st_R29_M498_S1_6,metacontig,1672,1935,263
st_R29_M150866_S1_2,metacontig,239,510,271
st_R29_M425030_S1_4,metacontig,7,124,117
st_R29_M360008_S1_2,metacontig,7,117,110
st_R29_M362679_S1_3,metacontig,716,1068,352
st_R29_M289310_S1_11,metacontig,1674,1931,257
st_R29_M353643_S1_7,metacontig,106,371,265
st_R29_M226901_S1_2,metacontig,543,822,279
fu_R29_M1375_S1_2,metacontig,7,184,177
st_R29_M35106_S1_2,metacontig,385,648,263
st_R29_M71938_S1_18,metacontig,3,132,129
st_R29_M210115_S1_4,metacontig,244,577,333
st_R29_M166740_S1_29,metacontig,2165,2504,339
st_R29_M289010_S1_6,metacontig,155,563,408
st_R29_M7432_S1_3,metacontig,2,133,131
st_R29_M380069_S1_1,metacontig,353,653,300
st_R29_M248024_S1_1,metacontig,15,314,299
fu_R29_M997_S3_5,metacontig,975,1290,315
st_R29_M35102_S1_3,metacontig,267,526,259
st_R29_M222166_S1_3,metacontig,16,120,104
st_R29_M401691_S1_2,metacontig,281,517,236
st_R29_M4491_S1_2,metacontig,13,184,171
ar_R29_M16614_S1_1,metacontig,4,128,124
st_R29_M293784_S1_1,metacontig,65,331,266
st_R29_M167158_S1_5,metacontig,161,404,243
st_R29_M401916_S1_2,metacontig,32,260,228
st_R29_M439115_S1_6,metacontig,1538,1817,279
st_R29_M425124_S1_8,metacontig,835,1103,268
st_R29_M222475_S1_9,metacontig,1870,2130,260
sa_R29_M746_S1_1,metacontig,5,185,180
st_R29_M39026_S1_9,metacontig,585,783,198
st_R29_M208724_S1_12,metacontig,1204,1470,266
st_R29_M326241_S1_2,metacontig,1196,1525,329
fu_R29_M4116_S1_8,metacontig,1610,1881,271
st_R29_M80588_S1_1,metacontig,99,279,180
st_R29_M221757_S1_2,metacontig,128,349,221
fu_R29_M997_S2_1,metacontig,2232,2547,315
st_R29_M15997_S1_1,metacontig,2,159,157
st_R29_M414715_S1_1,metacontig,49,361,312
st_R29_M161995_S1_1,metacontig,1222,1477,255
st_R29_M438280_S1_1,metacontig,60,321,261
st_R29_M226493_S1_1,metacontig,4,128,124
st_R29_M14718_S1_3,metacontig,99,269,170
st_R29_M215590_S1_1,metacontig,3,131,128
st_R29_M313699_S1_5,metacontig,26,279,253
st_R29_M142398_S1_1,metacontig,300,557,257
sa_R29_M286_S1_2,metacontig,1,123,122
st_R29_M363571_S1_2,metacontig,6,183,177
st_R29_M178463_S1_5,metacontig,478,695,217
st_R29_M185423_S1_1,metacontig,201,392,191
st_R29_M441534_S1_2,metacontig,123,382,259
st_R29_M167211_S1_6,metacontig,1680,1958,278
st_R29_M162274_S1_1,metacontig,116,356,240
mm_R29_M1169_S1_4,metacontig,1317,1520,203
st_R29_M395050_S1_5,metacontig,95,369,274
st_R29_M30822_S1_1,metacontig,50,393,343
st_R29_M80389_S1_13,metacontig,1298,1590,292
st_R29_M126950_S1_3,metacontig,139,359,220
st_R29_M311582_S1_9,metacontig,1670,1930,260
st_R29_M195630_S1_4,metacontig,405,761,356
st_R29_M402288_S1_6,metacontig,1628,1894,266
mm_R29_M6941_S1_4,metacontig,231,388,157
st_R29_M23083_S1_7,metacontig,108,244,136
st_R29_M323011_S1_2,metacontig,4,108,104
st_R29_M272668_S4_2,metacontig,7,110,103
st_R29_M118489_S1_7,metacontig,1597,1869,272
st_R29_M2726_S1_1,metacontig,6,109,103
st_R29_M61441_S1_2,metacontig,19,277,258
st_R29_M367894_S1_1,metacontig,10,193,183
st_R29_M161675_S1_2,metacontig,14,169,155
am_R29_M59_S1_7,metacontig,525,727,202
ma_R29_M6360_S1_2,metacontig,5,123,118
st_R29_M77529_S1_1,metacontig,46,322,276
fu_R29_M702_S1_2,metacontig,7,110,103
st_R29_M373633_S1_2,metacontig,10,117,107
st_R29_M394669_S1_2,metacontig,47,266,219
st_R29_M426210_S1_3,metacontig,316,585,269
st_R29_M402289_S1_8,metacontig,824,1094,270
NC_040830_1,metacontig,3259,3493,234
st_R29_M236405_S1_1,metacontig,1,135,134
st_R29_M248449_S1_1,metacontig,3,137,134
st_R29_M170342_S1_1,metacontig,1,167,166
ar_R29_M17209_S1_1,metacontig,462,685,223
st_R29_M295750_S1_24,metacontig,8,273,265
st_R29_M424832_S1_1,metacontig,2,112,110
st_R29_M74859_S1_7,metacontig,1106,1362,256
st_R29_M259050_S1_2,metacontig,23,237,214
ar_R29_M7579_S25_1,metacontig,81,313,232
st_R29_M317771_S1_2,metacontig,10,134,124
st_R29_M88560_S1_1,metacontig,23,146,123
st_R29_M169880_S1_3,metacontig,203,427,224
st_R29_M295936_S1_14,metacontig,1390,1661,271
st_R29_M58293_S1_3,metacontig,49,193,144
ma_R29_M3862_S1_1,metacontig,456,684,228
st_R29_M35105_S1_2,metacontig,764,1029,265
fu_R29_M838_S2_7,metacontig,58,245,187
st_R29_M448974_S1_4,metacontig,44,188,144
st_R29_M235391_S1_3,metacontig,288,552,264
st_R29_M387935_S1_6,metacontig,732,979,247
st_R29_M360122_S1_3,metacontig,79,312,233
st_R29_M33699_S1_1,metacontig,69,336,267
st_R29_M135587_S1_1,metacontig,5,107,102
st_R29_M45108_S1_1,metacontig,186,379,193
fu_R29_M1525_S1_1,metacontig,37,362,325
fi_R29_M1871_S1_2,metacontig,31,235,204
st_R29_M117642_S1_5,metacontig,76,324,248
st_R29_M314673_S1_1,metacontig,29,111,82
st_R29_M314909_S1_4,metacontig,534,791,257
st_R29_M245433_S1_1,metacontig,11,278,267
st_R29_M112500_S1_1,metacontig,762,990,228
st_R29_M73670_S1_2,metacontig,29,131,102
st_R29_M387890_S1_3,metacontig,119,380,261
st_R29_M145717_S1_1,metacontig,118,368,250
st_R29_M440707_S1_1,metacontig,7,180,173
st_R29_M208720_S1_4,metacontig,231,524,293
st_R29_M140011_S1_1,metacontig,730,1067,337
fu_R29_M1832_S1_3,metacontig,1524,1877,353
MN295968_1,metacontig,1445,1802,357
st_R29_M425001_S1_3,metacontig,55,328,273
st_R29_M294236_S1_3,metacontig,4,106,102
st_R29_M169879_S1_6,metacontig,933,1212,279
st_R29_M225328_S1_2,metacontig,291,600,309
st_R29_M295953_S1_1,metacontig,113,445,332
st_R29_M265225_S1_1,metacontig,41,216,175
st_R29_M16834_S1_4,metacontig,237,433,196
st_R29_M8934_S1_1,metacontig,1,161,160
ar_R29_M24760_S1_4,metacontig,143,487,344
st_R29_M393563_S1_3,metacontig,29,406,377
ar_R29_M31062_S1_4,metacontig,30,363,333
st_R29_M290700_S1_8,metacontig,215,565,350
st_R29_M400467_S1_1,metacontig,612,810,198
st_R29_M182194_S1_3,metacontig,67,418,351
st_R29_M161607_S1_2,metacontig,7,235,228
ar_R29_M36553_S12_1,metacontig,28,99,71
st_R29_M329296_S1_6,metacontig,1609,1847,238
st_R29_M5595_S1_2,metacontig,14,119,105
st_R29_M354486_S1_2,metacontig,64,282,218
st_R29_M216650_S1_3,metacontig,558,825,267
st_R29_M96722_S1_1,metacontig,138,449,311
st_R29_M407789_S1_1,metacontig,711,965,254
st_R29_M182847_S1_1,metacontig,12,206,194
st_R29_M332697_S1_3,metacontig,62,408,346
st_R29_M314906_S1_5,metacontig,1565,1823,258
st_R29_M3973_S1_1,metacontig,98,334,236
st_R29_M289938_S1_2,metacontig,960,1249,289
st_R29_M182339_S2_9,metacontig,1736,2005,269
st_R29_M170073_S1_1,metacontig,21,141,120
fu_R29_M2685_S1_17,metacontig,1597,1917,320
NC_005898_7,metacontig,955,1226,271
st_R29_M303640_S1_6,metacontig,1315,1619,304
st_R29_M311147_S1_2,metacontig,4,151,147
ar_R29_M26727_S1_3,metacontig,22,105,83
st_R29_M373881_S1_3,metacontig,236,502,266
st_R29_M355096_S1_1,metacontig,43,147,104
st_R29_M91307_S1_1,metacontig,10,103,93
st_R29_M24572_S1_1,metacontig,185,369,184
st_R29_M234175_S1_1,metacontig,64,284,220
st_R29_M220283_S1_1,metacontig,14,107,93
st_R29_M424784_S1_3,metacontig,871,1114,243
st_R29_M195632_S1_1,metacontig,23,129,106
st_R29_M39856_S1_1,metacontig,11,115,104
st_R29_M242324_S1_2,metacontig,2,100,98
st_R29_M200548_S2_2,metacontig,54,220,166
st_R29_M182339_S1_3,metacontig,1738,2007,269
st_R29_M425142_S1_6,metacontig,1110,1381,271
st_R29_M298399_S1_1,metacontig,30,246,216
st_R29_M75146_S1_1,metacontig,36,221,185
st_R29_M402230_S1_11,metacontig,1262,1528,266
st_R29_M244154_S1_3,metacontig,554,815,261
st_R29_M342045_S1_3,metacontig,304,614,310
st_R29_M293781_S1_6,metacontig,332,598,266
st_R29_M441479_S1_6,metacontig,1591,1855,264
st_R29_M61439_S1_15,metacontig,1562,1830,268
st_R29_M370160_S1_1,metacontig,2,112,110
st_R29_M333413_S1_8,metacontig,3977,4281,304
st_R29_M166741_S1_2,metacontig,478,827,349
st_R29_M427502_S1_6,metacontig,96,396,300
fu_R29_M1964_S1_3,metacontig,154,416,262
st_R29_M65545_S1_3,metacontig,127,391,264
st_R29_M178436_S1_9,metacontig,171,418,247
ar_R29_M31166_S17_2,metacontig,4,120,116
st_R29_M126170_S1_5,metacontig,988,1304,316
ar_R29_M14495_S1_1,metacontig,1044,1299,255
st_R29_M118379_S1_1,metacontig,12,268,256
st_R29_M17021_S1_2,metacontig,23,182,159
st_R29_M125952_S1_7,metacontig,130,234,104
st_R29_M331340_S1_3,metacontig,4,267,263
fi_R29_M664_S1_4,metacontig,723,963,240
fu_R29_M2257_S1_9,metacontig,1568,1738,170
st_R29_M179161_S1_1,metacontig,64,281,217
st_R29_M330870_S1_12,metacontig,1883,2109,226
st_R29_M402231_S1_1,metacontig,38,266,228
ar_R29_M16308_S1_1,metacontig,1512,1883,371
st_R29_M34897_S1_1,metacontig,300,529,229
st_R29_M200061_S1_17,metacontig,1786,2173,387
st_R29_M365118_S1_3,metacontig,459,769,310
st_R29_M23687_S1_1,metacontig,56,416,360
st_R29_M283847_S1_4,metacontig,850,1139,289
st_R29_M213369_S1_6,metacontig,688,949,261
fu_R29_M2492_S1_4,metacontig,1523,1875,352
st_R29_M318238_S1_3,metacontig,18,319,301
fu_R29_M4367_S1_5,metacontig,220,482,262
st_R29_M51266_S1_1,metacontig,2,132,130
st_R29_M264271_S1_1,metacontig,325,666,341
st_R29_M297350_S1_4,metacontig,145,488,343
st_R29_M31051_S1_1,metacontig,2,125,123
st_R29_M6707_S4_3,metacontig,374,684,310
st_R29_M45629_S1_5,metacontig,3,194,191
st_R29_M74806_S1_6,metacontig,757,1011,254
st_R29_M208945_S1_3,metacontig,780,1005,225
st_R29_M426334_S1_2,metacontig,36,155,119
st_R29_M386973_S1_1,metacontig,7,141,134
st_R29_M6707_S2_4,metacontig,452,762,310
st_R29_M166714_S1_11,metacontig,1483,1836,353
st_R29_M402516_S1_3,metacontig,360,619,259
st_R29_M225327_S1_6,metacontig,1548,1857,309
ar_R29_M4831_S1_5,metacontig,6,141,135
st_R29_M12278_S1_1,metacontig,214,399,185
fu_R29_M701_S1_16,metacontig,1580,1837,257
st_R29_M10861_S1_6,metacontig,1224,1571,347
am_R29_M544_S1_1,metacontig,6,180,174
st_R29_M112769_S2_2,metacontig,33,149,116
fu_R29_M3046_S1_7,metacontig,2153,2449,296
st_R29_M38007_S1_2,metacontig,70,314,244
MT000052_5,metacontig,380,645,265
ar_R29_M18550_S1_3,metacontig,7,167,160
ma_R29_M6411_S1_2,metacontig,184,320,136
st_R29_M297358_S1_7,metacontig,1459,1809,350
st_R29_M387917_S1_7,metacontig,1638,1898,260
ar_R29_M31166_S16_1,metacontig,35,206,171
st_R29_M381425_S1_2,metacontig,975,1205,230
fu_R29_M4570_S1_2,metacontig,165,306,141
st_R29_M359619_S1_8,metacontig,1761,1990,229
st_R29_M153814_S1_1,metacontig,430,817,387
st_R29_M179177_S1_1,metacontig,64,282,218
st_R29_M196385_S1_1,metacontig,13,117,104
st_R29_M266877_S1_14,metacontig,1524,1798,274
st_R29_M248336_S1_4,metacontig,902,1275,373
st_R29_M6707_S3_2,metacontig,658,968,310
al_R29_M758_S1_1,metacontig,49,140,91
st_R29_M3957_S1_2,metacontig,20,122,102
st_R29_M61818_S1_2,metacontig,39,353,314
st_R29_M193055_S1_1,metacontig,137,374,237
st_R29_M127638_S1_1,metacontig,869,1130,261
st_R29_M234886_S1_5,metacontig,1243,1587,344
st_R29_M1448_S1_2,metacontig,18,282,264
st_R29_M310944_S1_2,metacontig,441,763,322
st_R29_M51562_S1_2,metacontig,209,462,253
st_R29_M73200_S1_1,metacontig,10,110,100
st_R29_M130799_S1_2,metacontig,12,119,107
st_R29_M239006_S1_1,metacontig,2,171,169
ar_R29_M22746_S1_1,metacontig,404,693,289
fu_R29_M3762_S1_14,metacontig,1625,1957,332
st_R29_M101767_S1_5,metacontig,33,266,233
mm_R29_M2593_S1_19,metacontig,1474,1759,285
st_R29_M216675_S1_3,metacontig,228,422,194
st_R29_M253032_S1_5,metacontig,748,977,229
MN841288_5,metacontig,1575,1907,332
st_R29_M306838_S1_2,metacontig,33,165,132
st_R29_M169881_S1_2,metacontig,125,385,260
ar_R29_M41952_S1_4,metacontig,1391,1731,340
st_R29_M314907_S1_2,metacontig,217,475,258
st_R29_M299072_S1_10,metacontig,595,849,254
st_R29_M314876_S1_5,metacontig,1699,2027,328
st_R29_M81882_S1_5,metacontig,1544,1713,169
st_R29_M93607_S1_1,metacontig,7,108,101
st_R29_M437248_S2_1,metacontig,274,445,171
st_R29_M365098_S1_2,metacontig,383,692,309
st_R29_M264169_S1_4,metacontig,369,601,232
st_R29_M402258_S1_14,metacontig,1673,1932,259
fu_R29_M1135_S2_1,metacontig,774,1077,303
ar_R29_M9617_S1_1,metacontig,66,249,183
st_R29_M75155_S1_5,metacontig,1963,2315,352
st_R29_M35334_S1_2,metacontig,37,303,266
st_R29_M208718_S1_1,metacontig,490,752,262
st_R29_M317142_S1_4,metacontig,150,380,230
st_R29_M367863_S1_1,metacontig,1,117,116
st_R29_M407879_S1_1,metacontig,4,104,100
st_R29_M82669_S1_2,metacontig,24,127,103
st_R29_M90019_S1_1,metacontig,23,124,101
st_R29_M102254_S1_20,metacontig,999,1261,262
st_R29_M77388_S1_2,metacontig,24,126,102
st_R29_M41917_S1_1,metacontig,42,220,178
st_R29_M359983_S1_2,metacontig,211,399,188
st_R29_M439142_S1_7,metacontig,188,548,360
st_R29_M298384_S1_1,metacontig,41,316,275
st_R29_M106460_S1_2,metacontig,204,387,183
al_R29_M76_S1_1,metacontig,30,97,67
st_R29_M219403_S1_1,metacontig,114,334,220
sa_R29_M624_S1_1,metacontig,756,895,139
st_R29_M436490_S1_4,metacontig,35,290,255
st_R29_M15205_S1_1,metacontig,10,138,128
st_R29_M39935_S1_3,metacontig,432,603,171
st_R29_M299030_S1_5,metacontig,500,814,314
st_R29_M314881_S1_1,metacontig,712,1062,350
st_R29_M322694_S1_4,metacontig,47,235,188
st_R29_M370569_S1_4,metacontig,96,311,215
st_R29_M205226_S1_1,metacontig,3,134,131
ar_R29_M20991_S1_18,metacontig,1502,1843,341
ar_R29_M23124_S1_19,metacontig,1536,1842,306
st_R29_M310897_S1_7,metacontig,1352,1521,169
st_R29_M142022_S1_14,metacontig,1604,1891,287
st_R29_M17170_S1_1,metacontig,9,109,100
st_R29_M65543_S1_12,metacontig,1194,1540,346
st_R29_M314905_S1_8,metacontig,1665,1934,269
st_R29_M54641_S1_1,metacontig,480,689,209
st_R29_M69629_S1_2,metacontig,202,472,270
st_R29_M293476_S1_6,metacontig,353,704,351
st_R29_M289332_S1_1,metacontig,458,727,269
st_R29_M350521_S1_7,metacontig,775,1117,342
st_R29_M201296_S1_1,metacontig,2,131,129
st_R29_M214197_S1_1,metacontig,199,382,183
ma_R29_M4698_S48_10,metacontig,62,197,135
st_R29_M61896_S1_4,metacontig,148,435,287
ma_R29_M4698_S80_1,metacontig,46,179,133
st_R29_M402215_S1_1,metacontig,152,293,141
st_R29_M181737_S1_3,metacontig,1080,1337,257
st_R29_M310958_S1_8,metacontig,725,1116,391
st_R29_M110631_S1_1,metacontig,118,328,210
st_R29_M7404_S1_3,metacontig,9,118,109
st_R29_M366353_S1_15,metacontig,1613,1870,257
st_R29_M380857_S1_1,metacontig,737,1078,341
st_R29_M234846_S1_4,metacontig,1658,1926,268
st_R29_M265515_S1_2,metacontig,4,99,95
st_R29_M336436_S1_1,metacontig,105,370,265
st_R29_M198875_S1_1,metacontig,28,126,98
st_R29_M240501_S1_1,metacontig,4,106,102
st_R29_M124672_S1_3,metacontig,107,343,236
st_R29_M186000_S4_1,metacontig,108,208,100
st_R29_M34644_S1_1,metacontig,192,379,187
st_R29_M354477_S1_1,metacontig,33,107,74
st_R29_M223417_S1_3,metacontig,82,226,144
st_R29_M418231_S1_1,metacontig,203,512,309
st_R29_M381354_S1_4,metacontig,51,282,231
st_R29_M222554_S1_3,metacontig,75,297,222
st_R29_M365110_S1_10,metacontig,1548,1857,309
st_R29_M401683_S1_1,metacontig,2054,2321,267
st_R29_M281619_S1_7,metacontig,179,477,298
st_R29_M358652_S1_7,metacontig,570,790,220
st_R29_M361977_S1_6,metacontig,112,511,399
st_R29_M295994_S1_3,metacontig,3,171,168
st_R29_M389622_S1_1,metacontig,3,141,138
ar_R29_M31305_S1_2,metacontig,14,138,124
st_R29_M350151_S1_6,metacontig,261,497,236
st_R29_M289335_S1_9,metacontig,1673,1942,269
st_R29_M438289_S1_3,metacontig,832,974,142
st_R29_M170377_S1_9,metacontig,1928,2192,264
st_R29_M65559_S1_3,metacontig,51,291,240
st_R29_M256864_S1_3,metacontig,40,149,109
fi_R29_M974_S2_3,metacontig,536,736,200
st_R29_M71614_S1_5,metacontig,11,181,170
st_R29_M374231_S1_11,metacontig,1930,2291,361
st_R29_M293950_S1_4,metacontig,38,179,141
st_R29_M420390_S1_5,metacontig,729,1115,386
st_R29_M163590_S1_1,metacontig,2,106,104
ar_R29_M9020_S1_6,metacontig,17,117,100
fu_R29_M1372_S1_12,metacontig,1730,1985,255
st_R29_M238170_S2_1,metacontig,6,154,148
st_R29_M253670_S1_5,metacontig,283,621,338
st_R29_M81575_S1_1,metacontig,11,331,320
st_R29_M118525_S1_3,metacontig,753,1010,257
st_R29_M331341_S1_3,metacontig,1962,2298,336
st_R29_M102295_S1_1,metacontig,32,277,245
st_R29_M424994_S1_7,metacontig,721,1016,295
st_R29_M441759_S1_5,metacontig,188,459,271
st_R29_M237679_S1_9,metacontig,1567,1791,224
st_R29_M437248_S1_8,metacontig,1542,1713,171
st_R29_M142032_S1_7,metacontig,624,882,258
st_R29_M168766_S1_3,metacontig,2,223,221
st_R29_M355062_S1_1,metacontig,8,140,132
st_R29_M399921_S1_1,metacontig,1,108,107
GU294484_4,metacontig,17,135,118
st_R29_M393582_S1_2,metacontig,7,178,171
st_R29_M259524_S1_5,metacontig,1660,1933,273
st_R29_M53406_S1_4,metacontig,22,123,101
st_R29_M226448_S1_3,metacontig,4,246,242
st_R29_M176003_S1_4,metacontig,1203,1440,237
st_R29_M450725_S1_1,metacontig,242,471,229
st_R29_M225558_S1_3,metacontig,33,309,276
mm_R29_M6771_S1_3,metacontig,1554,1838,284
st_R29_M33829_S1_4,metacontig,1675,1909,234
st_R29_M193072_S1_1,metacontig,1347,1562,215
st_R29_M357644_S1_6,metacontig,1713,1934,221
st_R29_M424735_S1_2,metacontig,5,112,107
st_R29_M53124_S1_13,metacontig,1547,1774,227
st_R29_M402085_S1_2,metacontig,653,921,268
st_R29_M183979_S1_2,metacontig,16,306,290
st_R29_M85128_S1_6,metacontig,290,583,293
st_R29_M208948_S1_3,metacontig,104,325,221
ar_R29_M8357_S1_1,metacontig,268,412,144
fu_R29_M246_S1_3,metacontig,53,269,216
st_R29_M176270_S1_2,metacontig,18,361,343
st_R29_M370583_S1_2,metacontig,34,244,210
st_R29_M389204_S1_8,metacontig,1728,2063,335
st_R29_M329298_S1_3,metacontig,1669,1914,245
st_R29_M427180_S1_1,metacontig,1,109,108
st_R29_M170325_S1_1,metacontig,15,210,195
ar_R29_M29914_S1_1,metacontig,308,503,195
st_R29_M119947_S1_3,metacontig,1542,1799,257
st_R29_M266127_S1_2,metacontig,64,309,245
st_R29_M407741_S1_3,metacontig,637,970,333
st_R29_M209049_S1_2,metacontig,146,535,389
st_R29_M75751_S1_2,metacontig,254,401,147
st_R29_M112280_S1_1,metacontig,31,209,178
st_R29_M291413_S1_2,metacontig,792,1126,334
st_R29_M80178_S1_11,metacontig,1633,1868,235
st_R29_M145932_S1_3,metacontig,55,309,254
st_R29_M182334_S1_2,metacontig,80,435,355
st_R29_M264195_S1_1,metacontig,74,213,139
st_R29_M318523_S1_2,metacontig,245,579,334
st_R29_M339793_S1_2,metacontig,4,198,194
st_R29_M353339_S1_3,metacontig,7,201,194
st_R29_M34931_S1_1,metacontig,408,687,279
st_R29_M170340_S1_3,metacontig,307,438,131
st_R29_M30823_S1_1,metacontig,37,239,202
st_R29_M317170_S1_2,metacontig,3,93,90
st_R29_M550_S6_1,metacontig,132,266,134
st_R29_M326243_S1_1,metacontig,24,131,107
st_R29_M437191_S1_1,metacontig,1,179,178
st_R29_M97427_S4_3,metacontig,324,471,147
st_R29_M69640_S1_2,metacontig,199,478,279
st_R29_M46566_S1_3,metacontig,3,95,92
st_R29_M97013_S1_1,metacontig,8,239,231
st_R29_M259788_S1_1,metacontig,40,336,296
st_R29_M364336_S1_1,metacontig,508,724,216
al_R29_M48_S1_3,metacontig,6,153,147
st_R29_M34578_S1_2,metacontig,51,192,141
st_R29_M293477_S1_8,metacontig,970,1163,193
st_R29_M88153_S2_6,metacontig,343,706,363
st_R29_M365101_S1_3,metacontig,683,1010,327
fu_R29_M3037_S1_1,metacontig,59,212,153
st_R29_M446401_S1_1,metacontig,166,349,183
st_R29_M34883_S1_3,metacontig,217,496,279
st_R29_M365109_S1_5,metacontig,1548,1857,309
st_R29_M395056_S1_1,metacontig,10,96,86
st_R29_M35333_S1_2,metacontig,182,442,260
ar_R29_M40684_S1_1,metacontig,211,373,162
st_R29_M67342_S1_1,metacontig,167,346,179
st_R29_M388925_S1_7,metacontig,1534,1773,239
fu_R29_M6091_S1_8,metacontig,736,951,215
st_R29_M26694_S31_1,metacontig,50,155,105
st_R29_M153533_S1_8,metacontig,1233,1518,285
st_R29_M10589_S1_1,metacontig,19,226,207
st_R29_M225618_S1_14,metacontig,1632,1867,235
st_R29_M173950_S1_1,metacontig,519,784,265
st_R29_M182335_S1_2,metacontig,62,415,353
st_R29_M210302_S1_5,metacontig,1605,1872,267
st_R29_M201316_S1_1,metacontig,86,342,256
st_R29_M161996_S1_1,metacontig,264,444,180
st_R29_M446039_S1_4,metacontig,707,1086,379
st_R29_M420397_S1_4,metacontig,1639,1867,228
ar_R29_M24665_S1_3,metacontig,3,119,116
st_R29_M4964_S1_1,metacontig,26,133,107
st_R29_M173539_S1_12,metacontig,941,1175,234
ar_R29_M27708_S1_1,metacontig,11,175,164
st_R29_M367886_S1_8,metacontig,638,857,219
mm_R29_M7118_S1_7,metacontig,55,321,266
st_R29_M263670_S1_3,metacontig,144,297,153
st_R29_M367888_S1_3,metacontig,28,259,231
ma_R29_M4698_S76_1,metacontig,16,168,152
st_R29_M112279_S1_4,metacontig,344,690,346
st_R29_M424999_S1_4,metacontig,112,377,265
st_R29_M164848_S1_4,metacontig,356,700,344
st_R29_M122615_S1_2,metacontig,322,443,121
st_R29_M273914_S1_7,metacontig,1557,1825,268
st_R29_M178461_S1_4,metacontig,195,304,109
st_R29_M220632_S1_2,metacontig,145,379,234
st_R29_M294214_S1_1,metacontig,2,94,92
ar_R29_M27634_S2_1,metacontig,3,144,141
st_R29_M15189_S1_5,metacontig,79,282,203
st_R29_M382836_S1_1,metacontig,126,333,207
st_R29_M207380_S1_5,metacontig,985,1200,215
ar_R29_M28720_S1_3,metacontig,73,231,158
st_R29_M331679_S1_2,metacontig,7,185,178
st_R29_M286223_S1_4,metacontig,21,131,110
st_R29_M31052_S1_2,metacontig,153,338,185
st_R29_M97257_S1_2,metacontig,2,291,289
ma_R29_M3962_S1_1,metacontig,972,1263,291
ma_R29_M4698_S77_5,metacontig,19,154,135
st_R29_M118381_S1_8,metacontig,1686,1891,205
st_R29_M354941_S1_2,metacontig,165,330,165
st_R29_M314891_S1_2,metacontig,325,514,189
st_R29_M25022_S1_3,metacontig,3,105,102
st_R29_M174590_S1_2,metacontig,30,168,138
st_R29_M8946_S1_2,metacontig,25,256,231
st_R29_M88153_S1_13,metacontig,1911,2274,363
st_R29_M380068_S1_9,metacontig,1503,1775,272
st_R29_M194780_S1_2,metacontig,332,604,272
st_R29_M23215_S1_2,metacontig,283,617,334
ma_R29_M4698_S83_3,metacontig,13,145,132
st_R29_M133578_S1_2,metacontig,29,115,86
ar_R29_M13718_S3_1,metacontig,19,121,102
st_R29_M258302_S1_1,metacontig,202,420,218
st_R29_M363951_S1_2,metacontig,539,794,255
st_R29_M289320_S1_5,metacontig,314,566,252
st_R29_M354906_S1_3,metacontig,447,701,254
st_R29_M310615_S1_3,metacontig,21,162,141
st_R29_M118310_S1_2,metacontig,119,332,213
fu_R29_M984_S9_3,metacontig,6,74,68
MN814311_2,metacontig,701,1044,343
ar_R29_M29956_S1_1,metacontig,7,103,96
st_R29_M351912_S1_2,metacontig,263,470,207
st_R29_M10209_S1_4,metacontig,1678,1906,228
st_R29_M115627_S1_1,metacontig,66,184,118
sa_R29_M2265_S1_1,metacontig,8,120,112
st_R29_M248386_S1_9,metacontig,33,96,63
st_R29_M73635_S1_4,metacontig,2,158,156
st_R29_M244059_S1_1,metacontig,72,302,230
st_R29_M323018_S1_2,metacontig,2,91,89
st_R29_M335859_S1_3,metacontig,88,339,251
st_R29_M264652_S1_1,metacontig,203,551,348
st_R29_M34944_S1_1,metacontig,43,307,264
st_R29_M388929_S1_1,metacontig,167,362,195
st_R29_M209667_S1_1,metacontig,3,88,85
st_R29_M248377_S1_8,metacontig,36,95,59
ar_R29_M7069_S1251_4,metacontig,9,197,188
st_R29_M297373_S1_14,metacontig,1851,2185,334
st_R29_M91318_S1_2,metacontig,28,245,217
st_R29_M165533_S1_2,metacontig,13,130,117
st_R29_M380986_S1_1,metacontig,1449,1762,313
st_R29_M34936_S1_2,metacontig,424,700,276
st_R29_M126294_S1_4,metacontig,1,91,90
ar_R29_M15909_S1_2,metacontig,108,156,48
st_R29_M111137_S1_3,metacontig,11,103,92
st_R29_M312033_S1_3,metacontig,152,358,206
st_R29_M381423_S1_12,metacontig,1125,1390,265
st_R29_M331181_S2_2,metacontig,9,180,171
fi_R29_M1611_S1_4,metacontig,219,558,339
st_R29_M166940_S1_2,metacontig,1732,1927,195
st_R29_M105192_S1_1,metacontig,6,94,88
st_R29_M331222_S1_1,metacontig,426,679,253
st_R29_M153536_S1_1,metacontig,12,219,207
st_R29_M23084_S1_2,metacontig,407,691,284
st_R29_M119963_S1_4,metacontig,114,380,266
st_R29_M244055_S1_2,metacontig,69,284,215
ar_R29_M15479_S1_1,metacontig,302,468,166
st_R29_M165678_S1_1,metacontig,1,132,131
st_R29_M37717_S1_7,metacontig,1075,1298,223
st_R29_M430248_S1_2,metacontig,1329,1531,202
st_R29_M36487_S1_1,metacontig,197,376,179
st_R29_M220789_S1_16,metacontig,1650,1868,218
st_R29_M25430_S1_3,metacontig,237,353,116
st_R29_M309506_S1_1,metacontig,485,656,171
st_R29_M79158_S1_6,metacontig,1604,1861,257
ma_R29_M4698_S79_1,metacontig,62,197,135
st_R29_M183281_S1_4,metacontig,1505,1854,349
fu_R29_M1605_S1_2,metacontig,3,112,109
st_R29_M166711_S1_1,metacontig,45,180,135
st_R29_M73777_S1_9,metacontig,4,116,112
st_R29_M145912_S1_1,metacontig,555,808,253
st_R29_M166753_S1_4,metacontig,345,600,255
st_R29_M69618_S1_11,metacontig,1090,1319,229
st_R29_M202571_S1_2,metacontig,1827,2181,354
st_R29_M88855_S1_1,metacontig,14,105,91
st_R29_M257218_S1_2,metacontig,1636,1865,229
st_R29_M387949_S1_14,metacontig,1574,1913,339
st_R29_M236117_S1_3,metacontig,158,326,168
st_R29_M10618_S1_1,metacontig,231,398,167
st_R29_M303658_S1_1,metacontig,143,459,316
st_R29_M212811_S1_3,metacontig,1641,1852,211
st_R29_M95395_S1_3,metacontig,155,334,179
mm_R29_M712_S1_3,metacontig,2,160,158
st_R29_M71916_S1_3,metacontig,22,99,77
st_R29_M311534_S1_1,metacontig,200,411,211
st_R29_M102242_S1_2,metacontig,505,782,277
st_R29_M221299_S1_2,metacontig,13,158,145
NC_001990_2,metacontig,919,1181,262
st_R29_M119951_S1_3,metacontig,256,434,178
st_R29_M26335_S1_2,metacontig,15,104,89
fu_R29_M2788_S1_1,metacontig,13,147,134
st_R29_M51670_S1_1,metacontig,436,602,166
st_R29_M180840_S1_2,metacontig,335,524,189
ar_R29_M37444_S3_1,metacontig,7,131,124
st_R29_M17238_S1_1,metacontig,56,263,207
st_R29_M37806_S1_12,metacontig,1718,1856,138
ar_R29_M28240_S1_3,metacontig,483,715,232
st_R29_M139932_S1_1,metacontig,121,340,219
st_R29_M294633_S1_1,metacontig,267,649,382
ar_R29_M37645_S1_3,metacontig,7,96,89
st_R29_M33095_S4_1,metacontig,13,132,119
mm_R29_M1918_S1_2,metacontig,5,85,80
ar_R29_M26210_S4_1,metacontig,26,69,43
fu_R29_M5086_S1_2,metacontig,1,93,92
st_R29_M118464_S1_5,metacontig,31,150,119
st_R29_M323479_S1_1,metacontig,589,948,359
st_R29_M253041_S1_3,metacontig,94,338,244
st_R29_M145917_S1_4,metacontig,77,212,135
st_R29_M289311_S1_1,metacontig,19,265,246
st_R29_M371435_S1_7,metacontig,1616,1840,224
st_R29_M293780_S1_5,metacontig,608,866,258
ar_R29_M18342_S1_8,metacontig,5,214,209
st_R29_M56733_S1_1,metacontig,307,474,167
st_R29_M129314_S1_5,metacontig,57,168,111
st_R29_M127433_S53_3,metacontig,44,125,81
st_R29_M116464_S1_1,metacontig,14,133,119
st_R29_M293927_S1_1,metacontig,10,175,165
st_R29_M172199_S1_2,metacontig,2,96,94
st_R29_M50819_S1_17,metacontig,1652,1879,227
ar_R29_M16896_S1_2,metacontig,139,340,201
st_R29_M93444_S1_1,metacontig,859,1058,199
st_R29_M363937_S1_15,metacontig,1662,1910,248
st_R29_M426007_S3_1,metacontig,21,108,87
st_R29_M74969_S1_2,metacontig,52,234,182
st_R29_M363953_S1_10,metacontig,904,1156,252
ma_R29_M4698_S50_9,metacontig,15,135,120
st_R29_M120430_S1_1,metacontig,2,132,130
st_R29_M289594_S1_2,metacontig,1,95,94
st_R29_M245062_S1_1,metacontig,204,435,231
st_R29_M207316_S1_1,metacontig,69,175,106
st_R29_M393133_S1_6,metacontig,141,269,128
st_R29_M240553_S1_7,metacontig,239,542,303
ar_R29_M31166_S3_3,metacontig,65,254,189
st_R29_M312005_S1_1,metacontig,79,241,162
st_R29_M363579_S1_6,metacontig,365,637,272
st_R29_M289294_S1_4,metacontig,899,1159,260
st_R29_M250044_S1_4,metacontig,968,1136,168
st_R29_M69967_S1_2,metacontig,1,92,91
st_R29_M25652_S1_1,metacontig,199,367,168
st_R29_M125630_S1_2,metacontig,204,427,223
st_R29_M436809_S1_4,metacontig,1,90,89
st_R29_M422957_S1_1,metacontig,456,661,205
st_R29_M85094_S1_2,metacontig,39,198,159
st_R29_M111304_S1_1,metacontig,264,435,171
fu_R29_M758_S18_3,metacontig,84,301,217
st_R29_M50853_S1_1,metacontig,34,210,176
st_R29_M400043_S1_1,metacontig,154,496,342
st_R29_M449136_S1_3,metacontig,13,61,48
st_R29_M165250_S1_3,metacontig,58,157,99
st_R29_M160538_S1_5,metacontig,1388,1555,167
st_R29_M118532_S1_1,metacontig,28,278,250
st_R29_M195615_S1_12,metacontig,1,119,118
ar_R29_M7579_S23_2,metacontig,45,163,118
st_R29_M297349_S1_1,metacontig,440,559,119
st_R29_M109216_S1_3,metacontig,4,87,83
st_R29_M49113_S1_2,metacontig,21,136,115
st_R29_M166723_S1_4,metacontig,1803,1939,136
st_R29_M387904_S1_3,metacontig,112,319,207
ar_R29_M39728_S1_1,metacontig,217,373,156
sp_R29_M468_S2_5,metacontig,127,235,108
st_R29_M291403_S1_1,metacontig,379,694,315
st_R29_M57678_S1_1,metacontig,427,587,160
st_R29_M424993_S1_5,metacontig,1871,2007,136
st_R29_M310602_S1_1,metacontig,4,127,123
st_R29_M414146_S1_3,metacontig,7,106,99
st_R29_M109708_S1_1,metacontig,10,97,87
st_R29_M102255_S1_4,metacontig,375,747,372
mm_R29_M398_S1_2,metacontig,34,170,136
st_R29_M308172_S1_1,metacontig,48,162,114
fi_R29_M377_S1_3,metacontig,198,452,254
ar_R29_M8300_S1_1,metacontig,75,224,149
st_R29_M43311_S1_3,metacontig,13,272,259
st_R29_M298479_S1_3,metacontig,279,555,276
st_R29_M98390_S1_1,metacontig,30,133,103
sp_R29_M495_S2_2,metacontig,4,89,85
st_R29_M22425_S1_2,metacontig,88,200,112
MW217574_9,metacontig,118,207,89
st_R29_M407887_S1_4,metacontig,1019,1177,158
st_R29_M181172_S1_1,metacontig,19,177,158
st_R29_M61852_S1_1,metacontig,48,352,304
st_R29_M82429_S1_1,metacontig,2,112,110
st_R29_M314157_S1_2,metacontig,10,122,112
st_R29_M400474_S1_1,metacontig,446,590,144
st_R29_M403123_S1_1,metacontig,19,112,93
st_R29_M65737_S1_3,metacontig,36,133,97
sp_R29_M100_S1_2,metacontig,209,535,326
ar_R29_M13718_S4_2,metacontig,13,116,103
st_R29_M87860_S1_3,metacontig,185,370,185
st_R29_M39451_S1_3,metacontig,4,95,91
st_R29_M147542_S1_5,metacontig,305,593,288
st_R29_M235388_S1_6,metacontig,1858,2001,143
st_R29_M202318_S1_2,metacontig,149,340,191
st_R29_M177334_S1_3,metacontig,14,138,124
ar_R29_M4415_S1_3,metacontig,10,164,154
st_R29_M445222_S1_3,metacontig,1230,1397,167
st_R29_M331212_S1_1,metacontig,18,131,113
st_R29_M193090_S1_2,metacontig,361,551,190
st_R29_M297376_S1_1,metacontig,199,408,209
st_R29_M353024_S1_2,metacontig,1104,1357,253
st_R29_M145941_S1_1,metacontig,11,124,113
st_R29_M53158_S1_1,metacontig,11,124,113
st_R29_M357679_S1_5,metacontig,1,115,114
ar_R29_M31627_S1_1,metacontig,8,90,82
st_R29_M408574_S1_1,metacontig,42,238,196
st_R29_M441173_S1_1,metacontig,157,337,180
st_R29_M366249_S1_2,metacontig,10,110,100
st_R29_M313662_S1_3,metacontig,12,108,96
st_R29_M119339_S1_9,metacontig,778,1049,271
ar_R29_M7069_S1561_1,metacontig,1,45,44
st_R29_M80006_S1_1,metacontig,526,693,167
ar_R29_M20156_S1_4,metacontig,9,99,90
ar_R29_M20156_S2_3,metacontig,9,99,90
al_R29_M643_S1_1,metacontig,19,144,125
ar_R29_M41218_S1_1,metacontig,81,346,265
st_R29_M165530_S1_1,metacontig,3,70,67
ar_R29_M631_S10_3,metacontig,19,90,71
ar_R29_M7285_S1_1,metacontig,328,505,177
st_R29_M270169_S1_1,metacontig,2,98,96
st_R29_M53135_S1_1,metacontig,1,86,85
st_R29_M424578_S1_1,metacontig,375,544,169
st_R29_M314885_S1_6,metacontig,346,551,205
st_R29_M373237_S1_1,metacontig,4,108,104
st_R29_M234837_S1_5,metacontig,1588,1799,211
st_R29_M407388_S1_5,metacontig,15,116,101
st_R29_M73992_S1_2,metacontig,123,267,144
ar_R29_M35423_S1_15,metacontig,1451,1627,176
ar_R29_M11530_S1_1,metacontig,17,156,139
st_R29_M440666_S1_1,metacontig,701,1093,392
fu_R29_M2166_S1_18,metacontig,1927,2100,173
ar_R29_M35423_S2_8,metacontig,1451,1627,176
st_R29_M161592_S1_1,metacontig,1,96,95
st_R29_M85121_S1_1,metacontig,305,495,190
fu_R29_M3575_S1_12,metacontig,1770,1886,116
ar_R29_M40271_S1_6,metacontig,890,1046,156
ma_R29_M4004_S30_4,metacontig,2,139,137
st_R29_M185957_S1_1,metacontig,2,100,98
st_R29_M389697_S1_1,metacontig,250,466,216
st_R29_M259817_S1_2,metacontig,261,411,150
st_R29_M171224_S1_2,metacontig,167,261,94
st_R29_M126496_S1_1,metacontig,148,332,184
st_R29_M240554_S1_6,metacontig,40,209,169
st_R29_M97087_S1_1,metacontig,45,100,55
ar_R29_M33937_S1_3,metacontig,4,190,186
mm_R29_M6785_S1_1,metacontig,32,187,155
st_R29_M306907_S1_2,metacontig,274,445,171
st_R29_M36460_S1_1,metacontig,2,88,86
st_R29_M371435_S2_6,metacontig,258,477,219
st_R29_M26734_S1_1,metacontig,54,272,218
ar_R29_M13503_S1_1,metacontig,254,431,177
st_R29_M354797_S1_2,metacontig,272,420,148
st_R29_M15971_S1_1,metacontig,9,90,81
st_R29_M57860_S2_4,metacontig,183,364,181
st_R29_M330871_S1_4,metacontig,694,1081,387
st_R29_M264175_S1_1,metacontig,101,453,352
st_R29_M64022_S1_2,metacontig,9,98,89
st_R29_M331223_S1_2,metacontig,6,86,80
ar_R29_M39801_S1_1,metacontig,2,111,109
st_R29_M197130_S1_1,metacontig,185,343,158
st_R29_M28795_S1_2,metacontig,6,69,63
st_R29_M111912_S1_1,metacontig,19,147,128
st_R29_M34833_S1_4,metacontig,2,102,100
st_R29_M33095_S3_2,metacontig,29,114,85
st_R29_M109713_S1_1,metacontig,6,109,103
st_R29_M57679_S1_1,metacontig,8,113,105
st_R29_M87481_S1_1,metacontig,331,471,140
fu_R29_M4228_S1_18,metacontig,1933,2114,181
st_R29_M119836_S1_2,metacontig,14,204,190
st_R29_M173535_S2_2,metacontig,7,109,102
st_R29_M35327_S1_3,metacontig,28,112,84
st_R29_M153797_S1_1,metacontig,62,157,95
al_R29_M638_S1_1,metacontig,8,99,91
al_R29_M638_S4_1,metacontig,8,99,91
st_R29_M374900_S1_4,metacontig,13,98,85
ma_R29_M191_S2_1,metacontig,10,110,100
mm_R29_M4184_S1_2,metacontig,44,101,57
st_R29_M57246_S1_1,metacontig,4,89,85
ar_R29_M37444_S1_4,metacontig,7,63,56
st_R29_M173535_S5_1,metacontig,5,79,74
ar_R29_M3084_S1_1,metacontig,11,107,96
st_R29_M374074_S1_2,metacontig,49,91,42
st_R29_M401943_S1_3,metacontig,3,114,111
fi_R29_M73_S2_3,metacontig,21,94,73
st_R29_M256869_S1_1,metacontig,11,137,126
st_R29_M65558_S1_1,metacontig,6,166,160
st_R29_M78755_S1_3,metacontig,3,82,79
st_R29_M82308_S1_2,metacontig,66,106,40
st_R29_M298765_S1_1,metacontig,36,103,67
st_R29_M78801_S1_1,metacontig,11,79,68
st_R29_M441_S1_1,metacontig,3,67,64
st_R29_M181361_S1_6,metacontig,20,103,83
st_R29_M171742_S1_4,metacontig,16,120,104
st_R29_M21704_S1_2,metacontig,13,94,81
ar_R29_M39113_S1_4,metacontig,35,117,82
st_R29_M82337_S1_1,metacontig,45,91,46
ma_R29_M4698_S84_1,metacontig,250,400,150
st_R29_M400114_S1_3,metacontig,7,90,83
st_R29_M401932_S1_3,metacontig,220,376,156
st_R29_M76730_S1_1,metacontig,4,89,85
st_R29_M125550_S1_3,metacontig,244,402,158
st_R29_M253685_S1_3,metacontig,9,115,106
st_R29_M300733_S1_1,metacontig,3,106,103
st_R29_M408641_S1_3,metacontig,36,103,67
st_R29_M414690_S1_2,metacontig,368,525,157
st_R29_M386974_S1_1,metacontig,201,360,159
st_R29_M294965_S1_1,metacontig,5,89,84
st_R29_M82305_S1_2,metacontig,45,98,53
fi_R29_M1023_S1_1,metacontig,27,100,73
mm_R29_M2762_S1_1,metacontig,18,117,99
st_R29_M73374_S1_1,metacontig,4,68,64
st_R29_M289284_S1_4,metacontig,652,860,208
st_R29_M153975_S1_1,metacontig,3,70,67
st_R29_M82357_S1_4,metacontig,111,146,35
st_R29_M126298_S1_1,metacontig,2,69,67
st_R29_M373748_S1_2,metacontig,2,197,195
st_R29_M122774_S1_3,metacontig,325,489,164
st_R29_M27045_S1_1,metacontig,5,73,68
st_R29_M82375_S1_3,metacontig,22,55,33
st_R29_M362681_S1_3,metacontig,424,600,176
st_R29_M415602_S1_3,metacontig,20,89,69
st_R29_M353642_S1_1,metacontig,422,580,158
st_R29_M256865_S1_1,metacontig,2,138,136
ar_R29_M38957_S1_1,metacontig,2,60,58
mm_R29_M3353_S1_1,metacontig,10,121,111
ar_R29_M34777_S25_2,metacontig,23,87,64
st_R29_M110676_S1_2,metacontig,1,75,74
st_R29_M366228_S1_3,metacontig,7,111,104
ar_R29_M34777_S1_1,metacontig,23,85,62
st_R29_M374097_S1_2,metacontig,22,68,46
st_R29_M408675_S1_1,metacontig,194,339,145
st_R29_M374075_S1_1,metacontig,14,92,78
ar_R29_M36421_S1_3,metacontig,30,109,79
st_R29_M43062_S1_2,metacontig,2,36,34
st_R29_M380953_S1_1,metacontig,9,114,105
st_R29_M260214_S1_3,metacontig,348,548,200
ar_R29_M7069_S1465_2,metacontig,21,52,31
ar_R29_M34777_S24_1,metacontig,23,87,64
st_R29_M221524_S1_1,metacontig,40,86,46
ar_R29_M9230_S1_1,metacontig,175,331,156
st_R29_M381090_S1_1,metacontig,63,105,42
st_R29_M381119_S1_1,metacontig,44,79,35
st_R29_M332713_S1_2,metacontig,3,81,78
st_R29_M323592_S1_1,metacontig,7,74,67
st_R29_M170319_S1_2,metacontig,96,331,235
ar_R29_M34777_S13_1,metacontig,23,87,64
ar_R29_M8061_S1_8,metacontig,59,156,97
st_R29_M167164_S17_5,metacontig,393,472,79
st_R29_M239826_S1_1,metacontig,5,68,63
st_R29_M183685_S1_1,metacontig,18,99,81
ar_R29_M8061_S3_1,metacontig,67,164,97
st_R29_M204653_S1_2,metacontig,69,121,52
ar_R29_M34777_S12_1,metacontig,23,85,62
st_R29_M160519_S1_1,metacontig,3,91,88
st_R29_M204638_S1_3,metacontig,27,60,33
st_R29_M374124_S1_1,metacontig,23,83,60
ar_R29_M34777_S23_1,metacontig,23,85,62
st_R29_M221540_S1_2,metacontig,3,41,38
ar_R29_M38003_S4_1,metacontig,6,123,117
st_R29_M201303_S1_1,metacontig,3,89,86
st_R29_M221497_S1_3,metacontig,47,78,31
st_R29_M90124_S1_1,metacontig,231,375,144
ar_R29_M31166_S19_1,metacontig,16,116,100
st_R29_M82344_S1_1,metacontig,28,80,52
st_R29_M53283_S1_1,metacontig,5,71,66
st_R29_M82348_S1_4,metacontig,33,75,42
st_R29_M66348_S2_2,metacontig,362,509,147
st_R29_M386348_S1_2,metacontig,11,78,67
st_R29_M298247_S1_3,metacontig,15,48,33
st_R29_M34240_S1_1,metacontig,19,119,100
ar_R29_M34777_S5_1,metacontig,23,87,64
st_R29_M101369_S1_1,metacontig,9,81,72
ar_R29_M22645_S1_1,metacontig,18,96,78
st_R29_M430259_S1_3,metacontig,9,120,111
st_R29_M31323_S1_4,metacontig,7,101,94
st_R29_M298242_S1_2,metacontig,35,67,32
st_R29_M355473_S1_3,metacontig,156,223,67
st_R29_M50517_S1_1,metacontig,306,446,140
st_R29_M311335_S1_1,metacontig,28,66,38
st_R29_M142677_S1_1,metacontig,6,71,65
st_R29_M83826_S1_1,metacontig,56,94,38
st_R29_M298236_S1_3,metacontig,36,59,23
st_R29_M66361_S1_2,metacontig,146,316,170
st_R29_M374113_S1_1,metacontig,59,87,28
st_R29_M374131_S1_4,metacontig,127,162,35
st_R29_M47711_S1_1,metacontig,2,64,62
st_R29_M76392_S1_2,metacontig,2,64,62
st_R29_M298240_S1_1,metacontig,67,99,32
st_R29_M82324_S1_1,metacontig,72,103,31
ar_R29_M15168_S1_1,metacontig,3,139,136
st_R29_M107184_S1_1,metacontig,2,71,69
st_R29_M76391_S1_2,metacontig,2,71,69
st_R29_M93737_S1_1,metacontig,2,71,69
st_R29_M22517_S1_1,metacontig,1,86,85
st_R29_M265521_S1_1,metacontig,3,65,62
ar_R29_M34777_S35_1,metacontig,10,53,43
st_R29_M387865_S1_10,metacontig,28,102,74
st_R29_M291310_S1_5,metacontig,51,78,27
st_R29_M441740_S1_2,metacontig,40,141,101
st_R29_M142386_S1_2,metacontig,8,76,68
st_R29_M221504_S1_2,metacontig,6,33,27
st_R29_M142120_S1_1,metacontig,1,94,93
st_R29_M142126_S1_1,metacontig,1,94,93
st_R29_M298262_S1_1,metacontig,38,69,31
st_R29_M248385_S1_6,metacontig,3,35,32
st_R29_M16578_S1_2,metacontig,14,57,43
ar_R29_M36553_S9_5,metacontig,43,146,103
st_R29_M311225_S1_1,metacontig,48,77,29
st_R29_M331691_S4_5,metacontig,28,80,52
fu_R29_M4057_S1_1,metacontig,39,66,27
st_R29_M73385_S1_2,metacontig,2,67,65
st_R29_M96908_S1_1,metacontig,34,58,24
st_R29_M356891_S1_2,metacontig,269,389,120
st_R29_M374134_S1_1,metacontig,4,30,26
st_R29_M221532_S1_1,metacontig,90,116,26
fu_R29_M3339_S1_4,metacontig,11,35,24
st_R29_M82290_S1_1,metacontig,5,35,30
st_R29_M145459_S1_1,metacontig,37,67,30
st_R29_M298241_S1_2,metacontig,98,133,35
st_R29_M39419_S1_1,metacontig,26,50,24
st_R29_M248362_S1_2,metacontig,123,274,151
st_R29_M313933_S1_2,metacontig,62,104,42
st_R29_M169592_S1_2,metacontig,14,53,39
st_R29_M94773_S1_1,metacontig,2,50,48
st_R29_M431809_S1_3,metacontig,156,245,89
ar_R29_M37377_S3_1,metacontig,278,307,29
st_R29_M157088_S1_1,metacontig,4,93,89
st_R29_M97045_S1_1,metacontig,80,103,23
st_R29_M314605_S1_2,metacontig,6,103,97
st_R29_M322946_S1_2,metacontig,9,107,98
st_R29_M16552_S1_4,metacontig,72,112,40
ar_R29_M36553_S11_2,metacontig,42,146,104
st_R29_M145457_S1_1,metacontig,39,66,27
st_R29_M374099_S1_1,metacontig,11,43,32
st_R29_M82356_S1_1,metacontig,83,107,24
fu_R29_M3339_S2_1,metacontig,11,35,24
st_R29_M374059_S1_3,metacontig,39,80,41
st_R29_M43056_S1_3,metacontig,16,49,33
fu_R29_M442_S1_1,metacontig,4,92,88
ar_R29_M21588_S1_3,metacontig,11,109,98
ar_R29_M24275_S1_2,metacontig,763,964,201
ar_R29_M37377_S1_1,metacontig,638,667,29
st_R29_M192665_S1_1,metacontig,37,101,64
st_R29_M58593_S1_1,metacontig,2,66,64
ar_R29_M5563_S1_2,metacontig,5,89,84
st_R29_M82299_S1_2,metacontig,60,91,31
ar_R29_M25083_S1_1,metacontig,28,138,110
st_R29_M21372_S1_1,metacontig,3,88,85
st_R29_M82339_S1_6,metacontig,14,37,23
ar_R29_M1530_S11_1,metacontig,24,56,32
st_R29_M83776_S1_7,metacontig,17,58,41
st_R29_M221567_S1_1,metacontig,69,107,38
ar_R29_M43478_S1_2,metacontig,231,349,118
st_R29_M35116_S1_2,metacontig,44,88,44
mm_R29_M6152_S3_1,metacontig,27,76,49
st_R29_M248359_S1_5,metacontig,22,163,141
NC_023986_4,metacontig,48,159,111
st_R29_M298249_S1_7,metacontig,25,92,67
st_R29_M145415_S1_2,metacontig,44,81,37
mm_R29_M2492_S1_3,metacontig,4,152,148
st_R29_M82296_S1_3,metacontig,31,55,24
st_R29_M374096_S1_1,metacontig,32,73,41
st_R29_M311355_S1_2,metacontig,49,81,32
st_R29_M181364_S1_2,metacontig,65,91,26
st_R29_M145451_S1_3,metacontig,18,48,30
st_R29_M16497_S1_1,metacontig,59,103,44
st_R29_M259922_S1_1,metacontig,5,73,68
st_R29_M221552_S1_1,metacontig,40,68,28
st_R29_M127065_S2_1,metacontig,2,85,83
st_R29_M311356_S1_1,metacontig,62,94,32
st_R29_M374054_S1_4,metacontig,5,30,25
fi_R29_M716_S2_1,metacontig,2,58,56
st_R29_M450792_S1_1,metacontig,1,62,61
ar_R29_M1530_S12_1,metacontig,19,116,97
st_R29_M192652_S1_1,metacontig,30,72,42
ar_R29_M1530_S3_2,metacontig,57,100,43
st_R29_M311262_S1_3,metacontig,44,76,32
st_R29_M313948_S1_3,metacontig,40,91,51
st_R29_M192659_S1_1,metacontig,67,99,32
st_R29_M192617_S1_4,metacontig,14,57,43
st_R29_M145385_S1_2,metacontig,58,84,26
st_R29_M327049_S1_1,metacontig,10,81,71
st_R29_M145394_S1_2,metacontig,57,85,28
st_R29_M145384_S1_1,metacontig,57,139,82
ar_R29_M12712_S1_2,metacontig,103,664,561
ar_R29_M31166_S4_10,metacontig,146,640,494
ar_R29_M39250_S2_6,metacontig,126,606,480
st_R29_M109486_S1_10,metacontig,614,1088,474
ar_R29_M41451_S1_4,metacontig,57,528,471
mm_R29_M1656_S1_2,metacontig,1142,1601,459
ma_R29_M4698_S14_12,metacontig,179,629,450
st_R29_M259685_S1_8,metacontig,38,480,442
sa_R29_M3013_S1_7,metacontig,28,467,439
ar_R29_M38188_S1_31,metacontig,288,726,438
ar_R29_M7069_S211_29,metacontig,436,874,438
st_R29_M333462_S1_17,metacontig,660,1090,430
NC_010711_5,metacontig,207,633,426
ar_R29_M38556_S1_9,metacontig,135,557,422
mm_R29_M316_S1_34,metacontig,641,1059,418
st_R29_M182052_S1_1,metacontig,305,721,416
mm_R29_M775_S5_25,metacontig,150,564,414
mm_R29_M775_S8_9,metacontig,121,534,413
mm_R29_M775_S4_30,metacontig,151,564,413
ri_R29_M174_S1_5,metacontig,143,553,410
st_R29_M395041_S1_2,metacontig,383,792,409
st_R29_M400374_S1_4,metacontig,383,791,408
st_R29_M19972_S1_39,metacontig,1893,2296,403
st_R29_M168604_S1_4,metacontig,47,447,400
st_R29_M167136_S1_8,metacontig,79,478,399
st_R29_M172018_S2_16,metacontig,149,548,399
st_R29_M172018_S1_5,metacontig,149,548,399
st_R29_M166762_S1_35,metacontig,1201,1600,399
mm_R29_M7517_S1_10,metacontig,381,780,399
mm_R29_M775_S2_25,metacontig,150,548,398
st_R29_M122931_S1_3,metacontig,418,815,397
st_R29_M291442_S3_7,metacontig,173,570,397
ar_R29_M2825_S1_8,metacontig,2089,2485,396
ar_R29_M22024_S1_19,metacontig,200,595,395
ar_R29_M22826_S1_30,metacontig,1807,2198,391
mm_R29_M4506_S1_34,metacontig,152,542,390
st_R29_M306899_S18_11,metacontig,651,1040,389
ar_R29_M41626_S1_9,metacontig,140,528,388
ma_R29_M2993_S1_9,metacontig,860,1248,388
sp_R29_M861_S1_12,metacontig,93,481,388
st_R29_M171276_S1_3,metacontig,177,563,386
ar_R29_M43936_S1_3,metacontig,230,615,385
fu_R29_M288_S1_55,metacontig,1662,2046,384
mm_R29_M2964_S1_12,metacontig,311,690,379
mm_R29_M5670_S1_39,metacontig,641,1020,379
ar_R29_M3_S1_25,metacontig,337,714,377
ar_R29_M40265_S1_19,metacontig,293,669,376
st_R29_M300661_S21_8,metacontig,601,977,376
st_R29_M9942_S7_7,metacontig,1267,1643,376
ar_R29_M37251_S6_1,metacontig,22,397,375
st_R29_M300661_S1_24,metacontig,1219,1594,375
st_R29_M71615_S1_11,metacontig,640,1014,374
mm_R29_M3891_S1_3,metacontig,184,557,373
mm_R29_M401_S1_4,metacontig,778,1151,373
al_R29_M401_S1_9,metacontig,548,920,372
mm_R29_M7738_S1_20,metacontig,862,1232,370
st_R29_M259044_S1_15,metacontig,139,508,369
st_R29_M437127_S1_21,metacontig,59,426,367
st_R29_M121686_S1_2,metacontig,8,375,367
sa_R29_M3281_S1_3,metacontig,105,467,362
mm_R29_M299_S1_5,metacontig,569,929,360
st_R29_M3817_S1_39,metacontig,1163,1522,359
st_R29_M265969_S1_23,metacontig,702,1059,357
st_R29_M123446_S5_9,metacontig,1300,1657,357
st_R29_M218552_S2_2,metacontig,53,409,356
mm_R29_M4568_S1_5,metacontig,838,1194,356
st_R29_M255867_S1_1,metacontig,54,409,355
st_R29_M238350_S1_4,metacontig,24,377,353
st_R29_M73779_S1_5,metacontig,88,438,350
st_R29_M44987_S1_5,metacontig,1120,1470,350
fu_R29_M1176_S1_4,metacontig,97,443,346
st_R29_M172020_S1_9,metacontig,30,375,345
st_R29_M23350_S1_27,metacontig,1387,1731,344
st_R29_M99818_S1_3,metacontig,22,365,343
st_R29_M215870_S21_2,metacontig,50,393,343
mm_R29_M7113_S1_8,metacontig,1872,2215,343
ar_R29_M6633_S1_1,metacontig,100,441,341
st_R29_M208733_S1_21,metacontig,316,657,341
st_R29_M409568_S1_34,metacontig,1130,1470,340
st_R29_M54475_S7_14,metacontig,209,547,338
HE818418_12,metacontig,53,389,336
st_R29_M365885_S3_13,metacontig,713,1049,336
NC_020252_20,metacontig,6775,7109,334
al_R29_M588_S1_10,metacontig,3545,3876,331
st_R29_M121797_S1_2,metacontig,98,428,330
st_R29_M29513_S3_44,metacontig,1815,2145,330
st_R29_M327030_S1_11,metacontig,359,689,330
st_R29_M185887_S1_7,metacontig,292,621,329
st_R29_M160533_S1_3,metacontig,44,372,328
st_R29_M38678_S2_4,metacontig,60,387,327
fi_R29_M1072_S1_2,metacontig,9,336,327
st_R29_M173529_S1_4,metacontig,1325,1651,326
st_R29_M431943_S1_3,metacontig,8,333,325
sa_R29_M1630_S2_8,metacontig,36,360,324
st_R29_M68018_S2_4,metacontig,27,351,324
ar_R29_M18917_S1_4,metacontig,1,321,320
sa_R29_M1891_S1_7,metacontig,95,411,316
st_R29_M368323_S1_4,metacontig,91,407,316
ma_R29_M997_S1_9,metacontig,163,476,313
st_R29_M264781_S1_1,metacontig,78,390,312
st_R29_M60388_S1_5,metacontig,6,318,312
ar_R29_M4643_S1_12,metacontig,1179,1489,310
FR694186_1,metacontig,1798,2108,310
MT482470_5,metacontig,50,359,309
st_R29_M424337_S1_28,metacontig,1799,2108,309
fu_R29_M4842_S1_1,metacontig,65,373,308
st_R29_M17081_S1_4,metacontig,1469,1776,307
st_R29_M405505_S1_2,metacontig,220,526,306
st_R29_M175887_S1_3,metacontig,35,338,303
st_R29_M400087_S1_7,metacontig,98,400,302
sa_R29_M1936_S1_3,metacontig,84,386,302
st_R29_M9671_S2_17,metacontig,871,1173,302
JQ799141_13,metacontig,9,311,302
st_R29_M101527_S1_1,metacontig,37,335,298
ar_R29_M29892_S1_3,metacontig,262,560,298
am_R29_M171_S1_2,metacontig,221,518,297
st_R29_M314939_S1_6,metacontig,94,391,297
ar_R29_M19825_S1_1,metacontig,22,316,294
st_R29_M121170_S2_4,metacontig,178,468,290
st_R29_M111894_S1_5,metacontig,154,444,290
st_R29_M110798_S9_1,metacontig,46,330,284
st_R29_M29513_S423_2,metacontig,21,303,282
st_R29_M314935_S1_4,metacontig,1227,1506,279
st_R29_M16991_S2_5,metacontig,1160,1439,279
ar_R29_M14181_S1_3,metacontig,67,345,278
st_R29_M41674_S5_4,metacontig,267,545,278
ar_R29_M24374_S2_6,metacontig,28,305,277
st_R29_M121843_S1_2,metacontig,37,312,275
st_R29_M264270_S1_4,metacontig,103,377,274
st_R29_M288696_S1_3,metacontig,9,281,272
st_R29_M185426_S1_2,metacontig,1504,1776,272
st_R29_M178457_S1_3,metacontig,68,337,269
st_R29_M56575_S1_8,metacontig,11,280,269
st_R29_M101964_S1_48,metacontig,27,296,269
st_R29_M51696_S1_14,metacontig,48,317,269
st_R29_M140028_S1_31,metacontig,1148,1416,268
st_R29_M294249_S3_4,metacontig,53,320,267
st_R29_M170266_S1_1,metacontig,81,345,264
st_R29_M242058_S1_1,metacontig,37,300,263
st_R29_M132569_S1_8,metacontig,6,267,261
st_R29_M80125_S5_4,metacontig,4,265,261
st_R29_M380889_S1_15,metacontig,49,309,260
st_R29_M71440_S1_31,metacontig,32,290,258
st_R29_M294941_S1_1,metacontig,53,309,256
ar_R29_M10587_S2_3,metacontig,7,263,256
st_R29_M226033_S1_20,metacontig,294,550,256
st_R29_M28041_S1_1,metacontig,390,645,255
st_R29_M339869_S1_5,metacontig,1326,1578,252
st_R29_M1021_S1_1,metacontig,8,259,251
st_R29_M14702_S1_4,metacontig,24,274,250
st_R29_M44253_S1_7,metacontig,62,311,249
ar_R29_M27451_S12_8,metacontig,17,264,247
fu_R29_M311_S2_18,metacontig,890,1135,245
ar_R29_M5590_S1_5,metacontig,46,290,244
st_R29_M265902_S2_7,metacontig,19,262,243
st_R29_M17512_S1_3,metacontig,6,249,243
st_R29_M171823_S5_3,metacontig,161,404,243
st_R29_M355145_S1_4,metacontig,41,282,241
st_R29_M177793_S1_3,metacontig,7,247,240
ma_R29_M1960_S24_2,metacontig,27,266,239
st_R29_M175744_S1_6,metacontig,13,250,237
ar_R29_M2889_S2_2,metacontig,4,240,236
st_R29_M329412_S23_2,metacontig,304,539,235
st_R29_M26694_S23_16,metacontig,52,285,233
st_R29_M253563_S3_10,metacontig,64,296,232
mm_R29_M5843_S1_4,metacontig,49,281,232
st_R29_M226031_S1_10,metacontig,185,416,231
st_R29_M2612_S1_8,metacontig,5,236,231
st_R29_M24486_S3_1,metacontig,91,322,231
st_R29_M1479_S1_19,metacontig,217,448,231
ar_R29_M37362_S1_1,metacontig,37,267,230
ar_R29_M3674_S1_4,metacontig,41,270,229
st_R29_M254776_S1_5,metacontig,18,246,228
fi_R29_M1697_S1_9,metacontig,4,232,228
st_R29_M256006_S1_7,metacontig,28,254,226
st_R29_M375536_S5_3,metacontig,16,242,226
st_R29_M111562_S2_14,metacontig,62,287,225
st_R29_M180805_S1_17,metacontig,7,231,224
st_R29_M301469_S1_2,metacontig,17,238,221
st_R29_M54720_S1_3,metacontig,20,241,221
st_R29_M121167_S1_1,metacontig,11,232,221
st_R29_M4255_S5_3,metacontig,6,227,221
st_R29_M91894_S2_18,metacontig,4,224,220
st_R29_M2624_S1_4,metacontig,31,250,219
ar_R29_M7069_S1563_2,metacontig,26,243,217
st_R29_M259003_S1_3,metacontig,116,330,214
st_R29_M286512_S1_1,metacontig,3,216,213
st_R29_M339941_S1_2,metacontig,13,226,213
st_R29_M2898_S2_3,metacontig,21,234,213
mm_R29_M1622_S1_10,metacontig,38,250,212
st_R29_M265508_S1_6,metacontig,280,492,212
ar_R29_M7069_S1466_3,metacontig,40,250,210
ar_R29_M32879_S4_5,metacontig,6,215,209
st_R29_M157105_S1_4,metacontig,68,277,209
st_R29_M394643_S1_1,metacontig,2,209,207
st_R29_M323061_S1_3,metacontig,40,246,206
st_R29_M401776_S1_7,metacontig,18,224,206
st_R29_M130833_S1_2,metacontig,12,217,205
st_R29_M294728_S1_4,metacontig,14,219,205
st_R29_M69539_S1_1,metacontig,24,229,205
st_R29_M86536_S1_2,metacontig,22,226,204
st_R29_M78724_S1_3,metacontig,313,515,202
st_R29_M34566_S1_2,metacontig,20,222,202
st_R29_M75563_S1_7,metacontig,112,314,202
st_R29_M87875_S1_7,metacontig,159,360,201
st_R29_M236495_S1_5,metacontig,59,260,201
st_R29_M213459_S11_3,metacontig,124,324,200
st_R29_M303641_S15_2,metacontig,3,202,199
st_R29_M303641_S20_2,metacontig,3,202,199
st_R29_M63246_S1_7,metacontig,55,253,198
st_R29_M29513_S509_6,metacontig,4,199,195
st_R29_M54645_S2_3,metacontig,3,198,195
st_R29_M126572_S1_4,metacontig,78,272,194
ma_R29_M6088_S1_3,metacontig,105,297,192
st_R29_M65361_S2_4,metacontig,60,252,192
st_R29_M25107_S1_1,metacontig,3,194,191
st_R29_M2751_S5_6,metacontig,6,195,189
ar_R29_M38807_S1_2,metacontig,47,235,188
st_R29_M354848_S3_1,metacontig,240,428,188
st_R29_M31345_S1_10,metacontig,5,192,187
st_R29_M31332_S1_3,metacontig,13,199,186
st_R29_M436723_S1_2,metacontig,19,204,185
st_R29_M10916_S1_4,metacontig,7,192,185
st_R29_M15291_S1_3,metacontig,47,232,185
st_R29_M97270_S1_6,metacontig,356,541,185
st_R29_M580_S1_2,metacontig,152,337,185
st_R29_M226054_S1_4,metacontig,9,193,184
st_R29_M368371_S1_10,metacontig,11,194,183
st_R29_M110798_S8_2,metacontig,26,209,183
st_R29_M173520_S1_19,metacontig,2,184,182
al_R29_M6_S1_2,metacontig,9,191,182
st_R29_M31332_S2_7,metacontig,13,195,182
st_R29_M264801_S1_2,metacontig,3,184,181
st_R29_M110798_S11_2,metacontig,11,190,179
ar_R29_M37504_S1_11,metacontig,1669,1848,179
st_R29_M200388_S1_9,metacontig,33,211,178
st_R29_M67341_S1_2,metacontig,13,190,177
st_R29_M263784_S1_23,metacontig,21,198,177
mm_R29_M172_S2_7,metacontig,29,206,177
ar_R29_M7579_S1_7,metacontig,36,210,174
st_R29_M435_S1_1,metacontig,99,273,174
st_R29_M90123_S1_6,metacontig,14,187,173
ar_R29_M7069_S1087_14,metacontig,43,216,173
st_R29_M265503_S2_6,metacontig,37,210,173
fu_R29_M4754_S6_2,metacontig,4,177,173
st_R29_M212809_S1_8,metacontig,24,197,173
st_R29_M253566_S1_10,metacontig,96,267,171
ar_R29_M33292_S1_5,metacontig,37,208,171
ar_R29_M6056_S1_2,metacontig,37,208,171
st_R29_M145458_S1_7,metacontig,304,471,167
st_R29_M446057_S1_2,metacontig,31,197,166
st_R29_M1240_S1_3,metacontig,7,172,165
st_R29_M29160_S11_4,metacontig,116,281,165
st_R29_M272894_S1_5,metacontig,14,179,165
ma_R29_M1141_S1_1,metacontig,12,177,165
ar_R29_M31166_S5_12,metacontig,18,183,165
ar_R29_M34532_S1_1,metacontig,17,181,164
st_R29_M265531_S1_2,metacontig,8,172,164
st_R29_M258068_S1_2,metacontig,10,174,164
mm_R29_M1796_S1_8,metacontig,107,271,164
st_R29_M277184_S1_2,metacontig,12,176,164
ar_R29_M10615_S1_2,metacontig,17,180,163
st_R29_M447780_S1_2,metacontig,95,257,162
st_R29_M126951_S1_12,metacontig,18,180,162
st_R29_M212296_S32_6,metacontig,5,166,161
st_R29_M51695_S1_4,metacontig,5,166,161
mm_R29_M4142_S5_4,metacontig,1,161,160
ar_R29_M39250_S1_15,metacontig,21,181,160
st_R29_M24796_S1_1,metacontig,26,186,160
ar_R29_M7069_S1588_1,metacontig,4,163,159
st_R29_M409557_S13_3,metacontig,2,160,158
st_R29_M185831_S1_9,metacontig,39,197,158
st_R29_M265975_S13_17,metacontig,4,162,158
ar_R29_M27451_S3_6,metacontig,11,169,158
MK468616_13,metacontig,2283,2441,158
ar_R29_M33460_S1_7,metacontig,26,183,157
st_R29_M257545_S1_5,metacontig,54,210,156
ar_R29_M39211_S1_1,metacontig,23,179,156
st_R29_M10632_S2_1,metacontig,1,156,155
st_R29_M354489_S1_3,metacontig,6,160,154
st_R29_M36628_S1_4,metacontig,162,316,154
ar_R29_M27451_S7_4,metacontig,21,175,154
st_R29_M54475_S3_8,metacontig,6,159,153
ar_R29_M13718_S2_1,metacontig,13,166,153
ar_R29_M27061_S2_2,metacontig,12,164,152
st_R29_M142127_S2_3,metacontig,47,199,152
st_R29_M121625_S1_2,metacontig,4,155,151
st_R29_M333469_S1_3,metacontig,11,162,151
st_R29_M8215_S1_4,metacontig,30,181,151
st_R29_M36450_S1_2,metacontig,21,172,151
st_R29_M124847_S1_1,metacontig,19,169,150
st_R29_M323945_S1_1,metacontig,19,169,150
st_R29_M286350_S1_1,metacontig,19,169,150
st_R29_M363290_S1_3,metacontig,3,151,148
st_R29_M98731_S1_4,metacontig,19,167,148
st_R29_M204966_S1_4,metacontig,18,166,148
fu_R29_M1556_S1_2,metacontig,29,176,147
st_R29_M97432_S3_31,metacontig,3,150,147
al_R29_M2_S1_8,metacontig,9,155,146
st_R29_M445211_S1_12,metacontig,10,156,146
st_R29_M160505_S1_4,metacontig,62,208,146
st_R29_M236099_S1_6,metacontig,62,206,144
st_R29_M405503_S2_1,metacontig,35,179,144
st_R29_M218542_S1_16,metacontig,19,162,143
ar_R29_M16911_S1_8,metacontig,59,201,142
st_R29_M405893_S1_1,metacontig,1,142,141
st_R29_M414869_S6_6,metacontig,8,149,141
st_R29_M386337_S1_3,metacontig,71,212,141
st_R29_M440992_S1_1,metacontig,25,165,140
ar_R29_M31240_S6_1,metacontig,29,168,139
ar_R29_M38003_S1_11,metacontig,4,140,136
mm_R29_M1940_S1_5,metacontig,7,142,135
st_R29_M85257_S1_2,metacontig,19,154,135
st_R29_M23661_S2_5,metacontig,32,167,135
st_R29_M265969_S3_6,metacontig,28,163,135
ar_R29_M23768_S1_4,metacontig,12,147,135
fu_R29_M4347_S1_1,metacontig,5,139,134
st_R29_M245209_S3_8,metacontig,26,159,133
st_R29_M318248_S1_5,metacontig,15,148,133
ar_R29_M7069_S1470_1,metacontig,17,149,132
st_R29_M369771_S1_21,metacontig,32,164,132
ar_R29_M7069_S1_6,metacontig,1,133,132
st_R29_M310276_S1_2,metacontig,14,146,132
ar_R29_M16079_S1_2,metacontig,4,135,131
st_R29_M1223_S1_2,metacontig,7,138,131
st_R29_M34704_S112_3,metacontig,2,133,131
st_R29_M91426_S1_3,metacontig,14,145,131
st_R29_M449254_S1_1,metacontig,18,149,131
st_R29_M441472_S1_9,metacontig,2,132,130
st_R29_M31331_S1_2,metacontig,13,143,130
st_R29_M2699_S1_1,metacontig,9,138,129
ar_R29_M30362_S1_1,metacontig,3,131,128
st_R29_M173424_S1_1,metacontig,37,165,128
st_R29_M449345_S1_1,metacontig,2,128,126
st_R29_M382617_S1_12,metacontig,2,128,126
ar_R29_M29248_S1_3,metacontig,15,140,125
st_R29_M194959_S1_1,metacontig,4,129,125
st_R29_M76732_S1_15,metacontig,12,137,125
st_R29_M186915_S1_1,metacontig,6,130,124
st_R29_M209886_S1_1,metacontig,44,168,124
st_R29_M216656_S1_12,metacontig,10,134,124
st_R29_M37557_S3_1,metacontig,16,140,124
ma_R29_M4698_S87_1,metacontig,31,154,123
st_R29_M51826_S1_17,metacontig,4,126,122
ar_R29_M3219_S1_5,metacontig,18,140,122
st_R29_M129454_S1_2,metacontig,2,124,122
st_R29_M26331_S1_1,metacontig,7,128,121
st_R29_M335811_S1_11,metacontig,233,354,121
st_R29_M26694_S22_1,metacontig,7,128,121
st_R29_M52547_S1_4,metacontig,22,142,120
st_R29_M18140_S2_3,metacontig,2,121,119
st_R29_M49389_S1_3,metacontig,14,133,119
st_R29_M243867_S1_3,metacontig,136,255,119
st_R29_M16700_S1_7,metacontig,29,148,119
st_R29_M127616_S1_2,metacontig,14,132,118
st_R29_M127616_S2_2,metacontig,14,132,118
st_R29_M326220_S1_5,metacontig,48,166,118
st_R29_M110794_S3_8,metacontig,5,122,117
st_R29_M110798_S1_2,metacontig,5,122,117
st_R29_M110798_S6_3,metacontig,5,122,117
st_R29_M113956_S1_1,metacontig,1,118,117
st_R29_M72630_S2_1,metacontig,1,118,117
st_R29_M121145_S1_1,metacontig,1,118,117
st_R29_M67492_S2_1,metacontig,6,123,117
st_R29_M220512_S1_12,metacontig,20,137,117
st_R29_M18140_S1_16,metacontig,8,124,116
ar_R29_M39358_S1_1,metacontig,2,118,116
st_R29_M319294_S1_1,metacontig,1,117,116
st_R29_M185841_S1_11,metacontig,8,124,116
st_R29_M60612_S1_1,metacontig,19,134,115
st_R29_M308586_S1_2,metacontig,2,117,115
st_R29_M363279_S3_5,metacontig,1,116,115
st_R29_M212300_S6_1,metacontig,70,185,115
st_R29_M374085_S1_1,metacontig,6,121,115
st_R29_M311401_S1_3,metacontig,2,117,115
st_R29_M289197_S1_6,metacontig,39,153,114
st_R29_M272668_S3_3,metacontig,16,130,114
st_R29_M333463_S1_7,metacontig,23,136,113
st_R29_M212300_S2_5,metacontig,27,139,112
st_R29_M131400_S1_7,metacontig,3,114,111
st_R29_M170072_S1_1,metacontig,11,122,111
st_R29_M328684_S17_1,metacontig,2,113,111
st_R29_M333083_S1_1,metacontig,3,114,111
st_R29_M153473_S1_1,metacontig,23,134,111
st_R29_M186629_S1_6,metacontig,119,230,111
ar_R29_M17315_S1_4,metacontig,14,124,110
st_R29_M21002_S1_5,metacontig,2,112,110
st_R29_M286954_S1_2,metacontig,2,112,110
st_R29_M88445_S1_4,metacontig,2,112,110
st_R29_M100214_S1_1,metacontig,2,112,110
st_R29_M410250_S1_3,metacontig,37,147,110
ar_R29_M1530_S4_4,metacontig,8,118,110
ar_R29_M38283_S1_1,metacontig,7,116,109
st_R29_M17004_S1_4,metacontig,9,117,108
st_R29_M216480_S6_1,metacontig,4,112,108
st_R29_M406300_S1_6,metacontig,290,398,108
st_R29_M212296_S43_7,metacontig,2,110,108
st_R29_M28807_S1_1,metacontig,18,126,108
st_R29_M265902_S154_3,metacontig,15,122,107
st_R29_M29513_S486_4,metacontig,15,122,107
st_R29_M57350_S1_1,metacontig,15,122,107
st_R29_M177787_S6_1,metacontig,4,110,106
st_R29_M98531_S1_2,metacontig,6,112,106
st_R29_M408423_S1_3,metacontig,15,121,106
st_R29_M24470_S1_1,metacontig,2,108,106
st_R29_M177787_S3_24,metacontig,4,109,105
st_R29_M177787_S1_10,metacontig,4,109,105
mm_R29_M5642_S4_1,metacontig,1,106,105
st_R29_M265902_S101_2,metacontig,17,122,105
st_R29_M22024_S1_1,metacontig,17,122,105
st_R29_M2706_S1_1,metacontig,17,122,105
st_R29_M298761_S1_7,metacontig,25,130,105
st_R29_M165512_S1_1,metacontig,6,110,104
ar_R29_M43011_S1_1,metacontig,12,116,104
st_R29_M7458_S1_1,metacontig,15,119,104
ar_R29_M31166_S1_12,metacontig,5,109,104
ar_R29_M7069_S1365_1,metacontig,7,110,103
st_R29_M121842_S2_1,metacontig,5,108,103
st_R29_M57319_S1_1,metacontig,21,123,102
st_R29_M157115_S1_2,metacontig,22,124,102
fu_R29_M288_S6_2,metacontig,3,105,102
st_R29_M66097_S2_6,metacontig,51,152,101
st_R29_M71474_S1_2,metacontig,12,112,100
ar_R29_M7069_S1477_1,metacontig,2,102,100
st_R29_M426010_S1_2,metacontig,31,130,99
st_R29_M375241_S1_1,metacontig,7,106,99
ar_R29_M22485_S1_4,metacontig,334,433,99
mm_R29_M8227_S1_2,metacontig,127,226,99
st_R29_M83795_S1_2,metacontig,151,250,99
st_R29_M436548_S1_11,metacontig,12,111,99
ar_R29_M28631_S1_4,metacontig,10,108,98
st_R29_M127041_S1_10,metacontig,2,99,97
st_R29_M46658_S1_1,metacontig,2,99,97
st_R29_M24738_S1_2,metacontig,8,105,97
st_R29_M36448_S1_1,metacontig,3,100,97
st_R29_M110798_S3_3,metacontig,11,107,96
st_R29_M176644_S1_11,metacontig,3,99,96
st_R29_M101366_S1_12,metacontig,3,99,96
ar_R29_M29148_S1_1,metacontig,11,107,96
st_R29_M44427_S1_4,metacontig,2,97,95
st_R29_M54475_S5_3,metacontig,2,97,95
st_R29_M113482_S43_4,metacontig,14,108,94
st_R29_M381105_S1_1,metacontig,9,103,94
st_R29_M83788_S1_4,metacontig,97,191,94
st_R29_M405503_S1_3,metacontig,8,101,93
am_R29_M58_S1_2,metacontig,2,95,93
st_R29_M288775_S1_15,metacontig,19,112,93
st_R29_M311329_S1_1,metacontig,6,99,93
st_R29_M238990_S1_1,metacontig,10,103,93
st_R29_M394717_S1_2,metacontig,1,93,92
st_R29_M294963_S3_2,metacontig,19,111,92
st_R29_M306899_S22_1,metacontig,9,101,92
st_R29_M206846_S1_1,metacontig,7,98,91
st_R29_M450897_S1_3,metacontig,18,109,91
st_R29_M24486_S2_2,metacontig,10,101,91
st_R29_M381100_S1_5,metacontig,23,114,91
st_R29_M326152_S1_1,metacontig,26,116,90
st_R29_M256583_S1_2,metacontig,2,92,90
st_R29_M374087_S1_1,metacontig,34,124,90
MN728811_2,metacontig,12,101,89
st_R29_M121798_S1_1,metacontig,6,95,89
ar_R29_M7069_S9_12,metacontig,4,93,89
ar_R29_M7069_S1444_1,metacontig,15,103,88
st_R29_M286968_S4_1,metacontig,25,113,88
st_R29_M291306_S1_1,metacontig,33,121,88
ar_R29_M7069_S650_5,metacontig,15,103,88
st_R29_M140089_S1_2,metacontig,1,88,87
st_R29_M253044_S3_4,metacontig,3,90,87
ar_R29_M31617_S1_7,metacontig,14,101,87
st_R29_M119901_S1_1,metacontig,17,104,87
ar_R29_M35245_S3_3,metacontig,41,127,86
st_R29_M153102_S2_10,metacontig,36,122,86
st_R29_M445258_S1_2,metacontig,3,89,86
fi_R29_M1330_S1_1,metacontig,17,103,86
st_R29_M441182_S1_5,metacontig,10,95,85
st_R29_M126959_S1_5,metacontig,3,87,84
ar_R29_M7069_S1392_5,metacontig,18,102,84
st_R29_M36142_S1_7,metacontig,43,127,84
st_R29_M299105_S1_2,metacontig,17,101,84
ar_R29_M7069_S79_17,metacontig,305,389,84
st_R29_M213459_S12_3,metacontig,1,84,83
st_R29_M238347_S1_4,metacontig,14,97,83
st_R29_M311404_S1_15,metacontig,23,106,83
st_R29_M311350_S1_1,metacontig,21,103,82
st_R29_M16496_S1_5,metacontig,69,151,82
st_R29_M12599_S1_12,metacontig,12,93,81
ar_R29_M35245_S4_2,metacontig,42,123,81
st_R29_M265006_S1_2,metacontig,13,94,81
ar_R29_M7010_S1_1,metacontig,26,106,80
ar_R29_M7069_S42_4,metacontig,35,115,80
st_R29_M291476_S1_3,metacontig,27,107,80
st_R29_M387950_S1_10,metacontig,31,111,80
ar_R29_M25890_S1_16,metacontig,14,93,79
st_R29_M238956_S5_2,metacontig,25,104,79
st_R29_M110610_S1_1,metacontig,69,147,78
st_R29_M86718_S3_4,metacontig,8,85,77
ma_R29_M446_S1_7,metacontig,81,157,76
al_R29_M602_S1_4,metacontig,3,79,76
st_R29_M374137_S1_1,metacontig,7,83,76
st_R29_M26705_S1_2,metacontig,22,97,75
st_R29_M326719_S1_4,metacontig,14,89,75
mm_R29_M4839_S1_2,metacontig,28,103,75
st_R29_M128211_S1_1,metacontig,14,89,75
st_R29_M61846_S1_2,metacontig,68,142,74
st_R29_M149033_S1_1,metacontig,2,75,73
ar_R29_M5380_S1_18,metacontig,22,95,73
st_R29_M121018_S1_2,metacontig,35,108,73
st_R29_M39397_S1_43,metacontig,21,91,70
st_R29_M97641_S1_1,metacontig,26,95,69
st_R29_M221586_S1_2,metacontig,21,90,69
st_R29_M221541_S1_2,metacontig,15,84,69
ar_R29_M10354_S1_1,metacontig,11,79,68
st_R29_M28778_S1_6,metacontig,29,97,68
st_R29_M75347_S1_2,metacontig,15,80,65
st_R29_M263758_S1_1,metacontig,29,94,65
st_R29_M265902_S1_8,metacontig,6,71,65
st_R29_M221533_S1_13,metacontig,99,164,65
st_R29_M442407_S1_29,metacontig,55,119,64
st_R29_M97431_S2_1,metacontig,2,66,64
st_R29_M94260_S1_1,metacontig,2,66,64
st_R29_M303617_S1_2,metacontig,2,66,64
st_R29_M343235_S2_2,metacontig,2,66,64
st_R29_M69576_S2_1,metacontig,2,66,64
st_R29_M7824_S1_2,metacontig,2,66,64
st_R29_M82393_S1_1,metacontig,2,66,64
st_R29_M221573_S1_14,metacontig,87,151,64
st_R29_M39188_S1_4,metacontig,8,71,63
st_R29_M144191_S1_3,metacontig,2,65,63
st_R29_M33033_S1_6,metacontig,2,65,63
st_R29_M102097_S1_5,metacontig,2,65,63
st_R29_M29513_S1_5,metacontig,2,64,62
st_R29_M94863_S1_4,metacontig,2,64,62
st_R29_M167177_S1_8,metacontig,14,75,61
ar_R29_M3958_S1_5,metacontig,3,64,61
mm_R29_M7411_S1_4,metacontig,32,92,60
st_R29_M192656_S1_1,metacontig,10,70,60
st_R29_M145391_S1_1,metacontig,25,84,59
ar_R29_M24413_S1_3,metacontig,3,62,59
st_R29_M16577_S1_3,metacontig,49,108,59
ar_R29_M30150_S1_3,metacontig,50,108,58
ar_R29_M32570_S1_6,metacontig,9,67,58
st_R29_M311284_S1_1,metacontig,64,121,57
st_R29_M120980_S1_1,metacontig,19,76,57
st_R29_M28777_S1_1,metacontig,40,97,57
st_R29_M306839_S1_11,metacontig,13,70,57
ar_R29_M34777_S21_7,metacontig,65,122,57
st_R29_M221454_S1_3,metacontig,23,80,57
ar_R29_M34777_S18_1,metacontig,65,122,57
ar_R29_M34777_S17_1,metacontig,65,122,57
ar_R29_M34777_S4_12,metacontig,65,122,57
st_R29_M265865_S1_1,metacontig,2,58,56
sa_R29_M2697_S1_1,metacontig,88,144,56
ar_R29_M1530_S10_2,metacontig,58,114,56
st_R29_M39447_S1_8,metacontig,17,72,55
ar_R29_M7069_S1586_2,metacontig,116,171,55
st_R29_M39449_S1_7,metacontig,11,66,55
st_R29_M28822_S1_9,metacontig,13,67,54
ar_R29_M1530_S8_2,metacontig,62,116,54
st_R29_M82316_S1_4,metacontig,58,112,54
st_R29_M300661_S33_3,metacontig,37,90,53
st_R29_M374080_S1_3,metacontig,90,143,53
st_R29_M221565_S1_6,metacontig,99,151,52
ar_R29_M1624_S1_1,metacontig,65,117,52
ar_R29_M34777_S3_2,metacontig,23,75,52
st_R29_M82355_S1_9,metacontig,9,61,52
ar_R29_M34777_S15_1,metacontig,65,117,52
ar_R29_M34777_S6_2,metacontig,65,117,52
ar_R29_M34777_S19_1,metacontig,65,117,52
ar_R29_M34777_S11_1,metacontig,65,117,52
ar_R29_M34777_S8_1,metacontig,65,117,52
ar_R29_M34777_S29_1,metacontig,23,75,52
st_R29_M374118_S1_3,metacontig,39,90,51
st_R29_M374107_S1_7,metacontig,148,199,51
st_R29_M339884_S1_2,metacontig,6,57,51
st_R29_M28821_S1_4,metacontig,20,70,50
st_R29_M300661_S3_22,metacontig,78,128,50
st_R29_M97063_S1_3,metacontig,30,80,50
st_R29_M298767_S1_1,metacontig,216,266,50
st_R29_M192654_S1_1,metacontig,84,134,50
fu_R29_M288_S4_8,metacontig,3,53,50
st_R29_M16555_S1_1,metacontig,24,74,50
st_R29_M97123_S1_1,metacontig,60,110,50
st_R29_M96864_S1_1,metacontig,44,93,49
st_R29_M291313_S1_3,metacontig,14,63,49
st_R29_M221502_S1_8,metacontig,15,64,49
st_R29_M82366_S1_15,metacontig,58,107,49
st_R29_M313882_S1_7,metacontig,5,54,49
st_R29_M82304_S1_3,metacontig,58,107,49
st_R29_M97093_S1_6,metacontig,58,106,48
st_R29_M374062_S1_2,metacontig,44,92,48
st_R29_M374053_S1_2,metacontig,51,99,48
ar_R29_M7069_S1441_7,metacontig,31,78,47
ar_R29_M6137_S8_20,metacontig,163,210,47
ar_R29_M6137_S3_32,metacontig,163,210,47
ar_R29_M6137_S1_10,metacontig,163,210,47
ar_R29_M6137_S2_10,metacontig,163,210,47
st_R29_M192602_S1_1,metacontig,46,92,46
st_R29_M374086_S1_22,metacontig,48,94,46
st_R29_M311370_S1_4,metacontig,69,115,46
ar_R29_M631_S3_4,metacontig,68,114,46
st_R29_M192624_S1_8,metacontig,197,243,46
ar_R29_M7069_S1332_5,metacontig,41,87,46
st_R29_M82361_S1_4,metacontig,49,95,46
st_R29_M374132_S1_4,metacontig,23,69,46
st_R29_M221507_S1_3,metacontig,16,61,45
st_R29_M221550_S1_4,metacontig,30,75,45
st_R29_M28811_S1_1,metacontig,46,91,45
st_R29_M381143_S1_1,metacontig,1,46,45
st_R29_M83827_S1_3,metacontig,17,62,45
st_R29_M381121_S1_5,metacontig,30,75,45
st_R29_M181365_S1_9,metacontig,57,101,44
st_R29_M311378_S1_8,metacontig,219,263,44
st_R29_M82317_S1_1,metacontig,49,93,44
st_R29_M82374_S1_2,metacontig,56,100,44
st_R29_M82359_S1_4,metacontig,20,64,44
st_R29_M311249_S1_3,metacontig,24,67,43
st_R29_M311345_S1_1,metacontig,10,53,43
st_R29_M192623_S1_1,metacontig,331,374,43
st_R29_M221551_S1_1,metacontig,21,64,43
st_R29_M374112_S1_2,metacontig,27,70,43
st_R29_M381142_S1_1,metacontig,34,77,43
st_R29_M192604_S1_2,metacontig,31,73,42
st_R29_M16536_S1_1,metacontig,64,106,42
st_R29_M192642_S1_3,metacontig,125,167,42
st_R29_M311390_S1_5,metacontig,24,66,42
st_R29_M381140_S1_1,metacontig,21,62,41
st_R29_M97139_S1_9,metacontig,43,84,41
st_R29_M221519_S1_1,metacontig,77,118,41
st_R29_M313930_S1_2,metacontig,29,70,41
st_R29_M82350_S1_2,metacontig,124,165,41
st_R29_M297072_S2_2,metacontig,69,109,40
st_R29_M83789_S1_1,metacontig,45,85,40
st_R29_M374083_S1_2,metacontig,11,51,40
st_R29_M192649_S1_1,metacontig,53,93,40
st_R29_M97111_S1_4,metacontig,59,99,40
st_R29_M221545_S1_1,metacontig,98,138,40
st_R29_M192608_S1_9,metacontig,42,82,40
st_R29_M298261_S1_1,metacontig,68,108,40
st_R29_M313941_S1_3,metacontig,63,103,40
st_R29_M291314_S1_4,metacontig,34,73,39
st_R29_M204632_S1_13,metacontig,67,106,39
st_R29_M96870_S1_1,metacontig,85,124,39
st_R29_M311358_S1_2,metacontig,36,75,39
st_R29_M82330_S1_1,metacontig,35,74,39
st_R29_M192622_S1_4,metacontig,21,60,39
st_R29_M82300_S1_5,metacontig,5,44,39
st_R29_M291311_S1_6,metacontig,53,91,38
st_R29_M291292_S1_5,metacontig,70,108,38
st_R29_M192603_S1_19,metacontig,19,57,38
st_R29_M39393_S1_2,metacontig,19,57,38
st_R29_M374088_S1_3,metacontig,11,49,38
st_R29_M407369_S1_2,metacontig,61,99,38
st_R29_M82362_S1_5,metacontig,32,70,38
st_R29_M16540_S1_8,metacontig,57,95,38
ar_R29_M28945_S1_6,metacontig,38,75,37
ar_R29_M36862_S1_1,metacontig,183,220,37
st_R29_M192634_S1_2,metacontig,22,59,37
st_R29_M425663_S1_5,metacontig,158,195,37
st_R29_M381102_S1_1,metacontig,109,146,37
st_R29_M82378_S1_2,metacontig,70,107,37
fu_R29_M1714_S1_6,metacontig,40,77,37
st_R29_M28804_S1_2,metacontig,29,65,36
st_R29_M374070_S1_4,metacontig,59,95,36
st_R29_M311373_S1_4,metacontig,35,70,35
st_R29_M192630_S1_1,metacontig,166,201,35
st_R29_M82315_S1_1,metacontig,58,93,35
st_R29_M192607_S1_1,metacontig,60,95,35
st_R29_M298253_S1_1,metacontig,44,79,35
st_R29_M374056_S1_2,metacontig,78,113,35
st_R29_M145395_S1_1,metacontig,59,94,35
st_R29_M374135_S1_8,metacontig,79,114,35
mm_R29_M598_S4_4,metacontig,25,60,35
st_R29_M311362_S1_1,metacontig,35,69,34
st_R29_M221527_S1_2,metacontig,28,62,34
st_R29_M374072_S1_1,metacontig,35,69,34
st_R29_M82380_S1_4,metacontig,31,65,34
st_R29_M82334_S1_2,metacontig,29,63,34
ar_R29_M17360_S1_1,metacontig,15,49,34
st_R29_M374139_S1_1,metacontig,56,90,34
st_R29_M374127_S1_2,metacontig,103,137,34
st_R29_M374069_S1_6,metacontig,79,113,34
st_R29_M16532_S1_1,metacontig,35,69,34
st_R29_M16510_S1_1,metacontig,3,36,33
st_R29_M381104_S1_1,metacontig,40,73,33
st_R29_M381098_S1_1,metacontig,65,98,33
st_R29_M82320_S1_3,metacontig,53,86,33
st_R29_M366394_S1_5,metacontig,99,132,33
st_R29_M221498_S1_1,metacontig,62,95,33
st_R29_M374048_S1_10,metacontig,12,45,33
st_R29_M43061_S1_3,metacontig,18,51,33
ar_R29_M631_S6_6,metacontig,9,42,33
st_R29_M221530_S1_1,metacontig,77,109,32
st_R29_M82368_S1_19,metacontig,39,71,32
st_R29_M39433_S1_3,metacontig,64,96,32
st_R29_M82346_S1_3,metacontig,13,45,32
st_R29_M374077_S1_2,metacontig,124,156,32
st_R29_M298248_S1_2,metacontig,94,126,32
st_R29_M221534_S1_2,metacontig,69,101,32
st_R29_M323589_S1_1,metacontig,41,73,32
st_R29_M28816_S1_2,metacontig,28,60,32
st_R29_M96894_S1_1,metacontig,75,107,32
st_R29_M83858_S1_21,metacontig,70,102,32
st_R29_M373914_S1_10,metacontig,240,271,31
st_R29_M16759_S1_2,metacontig,130,161,31
st_R29_M82332_S1_2,metacontig,7,38,31
st_R29_M298258_S1_7,metacontig,43,74,31
st_R29_M16547_S1_8,metacontig,25,56,31
st_R29_M145416_S1_1,metacontig,25,56,31
st_R29_M221444_S1_2,metacontig,17,48,31
st_R29_M381114_S1_1,metacontig,43,74,31
st_R29_M82354_S1_2,metacontig,156,187,31
st_R29_M381110_S1_8,metacontig,56,87,31
st_R29_M145454_S1_4,metacontig,131,161,30
st_R29_M313937_S1_1,metacontig,53,83,30
st_R29_M39372_S1_5,metacontig,9,39,30
st_R29_M381101_S1_2,metacontig,127,157,30
st_R29_M298769_S1_3,metacontig,15,45,30
st_R29_M83778_S1_1,metacontig,54,84,30
st_R29_M28799_S1_1,metacontig,28,58,30
st_R29_M82376_S1_3,metacontig,7,37,30
st_R29_M286187_S1_2,metacontig,30,60,30
st_R29_M28801_S1_14,metacontig,80,110,30
st_R29_M311340_S1_1,metacontig,4,33,29
st_R29_M374046_S1_1,metacontig,74,103,29
st_R29_M374114_S1_1,metacontig,40,69,29
st_R29_M82327_S1_8,metacontig,77,106,29
st_R29_M374123_S1_4,metacontig,6,35,29
st_R29_M82371_S1_3,metacontig,63,92,29
st_R29_M381127_S1_8,metacontig,16,45,29
ar_R29_M7069_S1613_4,metacontig,62,91,29
st_R29_M374121_S1_1,metacontig,66,95,29
st_R29_M28796_S1_3,metacontig,25,54,29
st_R29_M374129_S1_3,metacontig,75,104,29
st_R29_M298239_S1_6,metacontig,80,109,29
ar_R29_M631_S4_1,metacontig,12,41,29
st_R29_M374057_S1_4,metacontig,37,66,29
st_R29_M204644_S1_1,metacontig,29,57,28
st_R29_M221571_S1_2,metacontig,66,94,28
st_R29_M39424_S1_4,metacontig,57,85,28
st_R29_M374045_S1_3,metacontig,46,74,28
st_R29_M311326_S1_1,metacontig,51,79,28
st_R29_M43064_S1_1,metacontig,54,82,28
st_R29_M82313_S1_2,metacontig,22,50,28
st_R29_M77463_S1_1,metacontig,99,127,28
st_R29_M221526_S1_10,metacontig,81,109,28
st_R29_M82301_S1_5,metacontig,65,93,28
st_R29_M221518_S1_6,metacontig,8,36,28
st_R29_M414951_S1_6,metacontig,28,55,27
st_R29_M82502_S1_2,metacontig,28,55,27
st_R29_M82502_S4_2,metacontig,28,55,27
st_R29_M82318_S1_3,metacontig,165,192,27
st_R29_M381141_S1_2,metacontig,45,72,27
st_R29_M313922_S1_6,metacontig,93,120,27
st_R29_M16567_S1_4,metacontig,111,138,27
st_R29_M311270_S1_5,metacontig,28,55,27
st_R29_M97114_S1_13,metacontig,85,112,27
st_R29_M39407_S1_3,metacontig,59,86,27
st_R29_M221503_S1_2,metacontig,32,59,27
st_R29_M82287_S1_8,metacontig,97,124,27
st_R29_M374100_S1_1,metacontig,5,31,26
st_R29_M204623_S1_1,metacontig,32,58,26
st_R29_M82379_S1_2,metacontig,105,131,26
st_R29_M311384_S1_1,metacontig,5,31,26
st_R29_M311336_S1_21,metacontig,115,141,26
st_R29_M221500_S1_1,metacontig,52,77,25
st_R29_M374076_S1_5,metacontig,30,55,25
st_R29_M374116_S1_1,metacontig,55,79,24
st_R29_M311339_S1_41,metacontig,72,95,23
st_R29_M39400_S1_10,metacontig,178,200,22
st_R29_M298770_S1_3,metacontig,12,34,22
st_R29_M291472_S1_3,metacontig,31,53,22
st_R29_M381126_S1_1,metacontig,93,93,0
NC_017915_3,metacontig,425,943,518
NC_026139_3,metacontig,425,943,518
fu_R29_M2411_S1_4,metacontig,425,943,518
NC_013469_3,metacontig,443,960,517
fu_R29_M4245_S1_5,metacontig,395,915,520
MK780821_5,metacontig,385,867,482
ar_R29_M43548_S1_3,metacontig,200,828,628
NC_030202_3,metacontig,443,935,492
fu_R29_M3496_S1_6,metacontig,398,918,520
NC_013699_7,metacontig,276,808,532
NC_030869_2,metacontig,459,985,526
NC_014360_4,metacontig,542,1071,529
NC_033415_3,metacontig,448,975,527
MN176215_2,metacontig,221,704,483
MT066059_3,metacontig,217,700,483
MN196675_4,metacontig,217,700,483
MN196674_3,metacontig,99,570,471
MN614415_4,metacontig,221,675,454
KY264025_2,metacontig,220,689,469
MN296094_3,metacontig,213,694,481
NC_030201_4,metacontig,431,903,472
ma_R29_M5450_S4_1,metacontig,35,513,478
GQ342961_2,metacontig,224,704,480
ma_R29_M5450_S2_7,metacontig,224,702,478
NC_040670_3,metacontig,222,704,482
NC_040307_5,metacontig,376,846,470
ar_R29_M7061_S1_6,metacontig,560,1086,526
ar_R29_M20422_S1_3,metacontig,310,803,493
NC_028378_2,metacontig,330,826,496
ar_R29_M4184_S1_9,metacontig,221,709,488
MN982381_4,metacontig,578,1112,534
ar_R29_M6362_S1_3,metacontig,151,641,490
sa_R29_M2950_S1_4,metacontig,565,1047,482
ar_R29_M3347_S1_1,metacontig,56,451,395
ar_R29_M31451_S1_1,metacontig,199,730,531
ar_R29_M40106_S1_5,metacontig,582,1078,496
ar_R29_M17830_S1_1,metacontig,4,502,498
ar_R29_M42446_S1_5,metacontig,297,804,507
NC_014359_5,metacontig,636,1164,528
ar_R29_M12039_S1_1,metacontig,259,746,487
sa_R29_M664_S1_2,metacontig,309,799,490
ar_R29_M32368_S1_8,metacontig,571,1056,485
ar_R29_M11742_S1_2,metacontig,324,822,498
NC_014609_2,metacontig,218,693,475
ar_R29_M23140_S1_1,metacontig,4,484,480
ar_R29_M8308_S1_6,metacontig,526,1047,521
ar_R29_M29480_S1_3,metacontig,532,1078,546
ar_R29_M23558_S1_2,metacontig,479,985,506
NC_014522_4,metacontig,363,937,574
st_R29_M214509_S1_3,metacontig,499,991,492
ch_R29_M185_S1_5,metacontig,293,706,413
ar_R29_M36714_S1_1,metacontig,4,350,346
MT876190_6,metacontig,273,760,487
ar_R29_M38438_S1_8,metacontig,381,859,478
KJ636782_3,metacontig,232,686,454
st_R29_M34403_S1_2,metacontig,248,719,471
ar_R29_M38987_S1_4,metacontig,371,845,474
NC_038929_3,metacontig,248,705,457
ar_R29_M35373_S1_2,metacontig,244,676,432
st_R29_M72251_S1_5,metacontig,501,999,498
NC_009890_2,metacontig,338,825,487
st_R29_M233675_S1_18,metacontig,488,942,454
NC_002064_2,metacontig,291,757,466
sp_R29_M661_S1_10,metacontig,389,857,468
st_R29_M101677_S1_7,metacontig,515,1006,491
fu_R29_M3280_S1_5,metacontig,250,709,459
fu_R29_M1420_S1_6,metacontig,236,698,462
mm_R29_M6112_S1_4,metacontig,171,663,492
st_R29_M69078_S1_1,metacontig,71,562,491
MT023007_6,metacontig,230,701,471
st_R29_M401658_S1_2,metacontig,296,726,430
NC_012754_1,metacontig,377,947,570
fu_R29_M2901_S1_1,metacontig,435,945,510
NC_003876_4,metacontig,222,683,461
NC_040653_6,metacontig,245,706,461
MN839446_4,metacontig,243,676,433
st_R29_M145852_S1_11,metacontig,192,652,460
st_R29_M161962_S1_1,metacontig,337,783,446
fu_R29_M1136_S3_5,metacontig,236,698,462
JX524563_5,metacontig,236,698,462
st_R29_M396473_S1_2,metacontig,476,967,491
KR011117_5,metacontig,246,712,466
MN839448_4,metacontig,243,658,415
fu_R29_M4634_S1_11,metacontig,288,753,465
MN839450_3,metacontig,243,676,433
NC_023983_4,metacontig,570,1080,510
st_R29_M426137_S1_3,metacontig,462,956,494
MN803436_2,metacontig,376,865,489
ar_R29_M27515_S1_1,metacontig,7,454,447
sa_R29_M207_S1_2,metacontig,222,676,454
ar_R29_M32661_S1_1,metacontig,139,497,358
NC_009224_4,metacontig,243,629,386
st_R29_M96459_S1_1,metacontig,471,968,497
MN839445_3,metacontig,243,659,416
MN839447_2,metacontig,243,655,412
MN839449_2,metacontig,243,676,433
NC_024115_2,metacontig,289,763,474
ar_R29_M7069_S930_3,metacontig,344,846,502
st_R29_M288914_S1_3,metacontig,114,565,451
st_R29_M359602_S1_4,metacontig,511,1005,494
NC_015639_3,metacontig,146,600,454
fu_R29_M2473_S1_2,metacontig,11,477,466
MN839444_2,metacontig,243,659,416
fu_R29_M4868_S1_12,metacontig,248,637,389
ar_R29_M38582_S1_13,metacontig,613,1135,522
MN839451_4,metacontig,243,676,433
st_R29_M447777_S1_1,metacontig,485,977,492
st_R29_M314358_S1_6,metacontig,471,964,493
st_R29_M33385_S1_8,metacontig,267,758,491
st_R29_M146915_S4_1,metacontig,10,454,444
st_R29_M146915_S1_7,metacontig,426,877,451
st_R29_M146915_S2_10,metacontig,431,882,451
MH347278_5,metacontig,243,666,423
ma_R29_M5690_S1_9,metacontig,255,696,441
ar_R29_M7069_S510_2,metacontig,450,953,503
NC_030867_8,metacontig,224,636,412
st_R29_M121195_S1_5,metacontig,529,990,461
ar_R29_M13994_S1_7,metacontig,609,1146,537
ar_R29_M3203_S1_7,metacontig,425,911,486
NC_021565_8,metacontig,245,630,385
st_R29_M222088_S1_12,metacontig,724,1237,513
st_R29_M257801_S1_5,metacontig,175,667,492
st_R29_M237376_S1_3,metacontig,461,954,493
HQ607521_4,metacontig,211,645,434
st_R29_M152409_S1_10,metacontig,515,1005,490
st_R29_M409712_S1_4,metacontig,255,728,473
ar_R29_M39604_S1_10,metacontig,284,726,442
st_R29_M10906_S1_1,metacontig,2,471,469
NC_024151_6,metacontig,246,712,466
NC_040793_5,metacontig,244,717,473
st_R29_M367514_S1_4,metacontig,511,1006,495
st_R29_M232522_S1_3,metacontig,154,579,425
MK279494_3,metacontig,243,667,424
st_R29_M18114_S1_8,metacontig,512,1003,491
ar_R29_M20871_S1_18,metacontig,232,669,437
ar_R29_M43621_S1_4,metacontig,1970,2477,507
ar_R29_M31006_S1_3,metacontig,471,1005,534
st_R29_M142038_S1_1,metacontig,319,773,454
NC_028488_2,metacontig,290,718,428
sa_R29_M1557_S1_2,metacontig,311,746,435
MK279491_5,metacontig,270,735,465
HQ607517_6,metacontig,211,653,442
ar_R29_M19248_S1_1,metacontig,2,332,330
NC_006367_6,metacontig,228,657,429
st_R29_M233679_S1_2,metacontig,2,484,482
st_R29_M308539_S1_6,metacontig,260,719,459
fu_R29_M4519_S1_8,metacontig,252,712,460
AB558119_1,metacontig,553,921,368
fu_R29_M2324_S1_2,metacontig,302,772,470
NC_025214_7,metacontig,247,697,450
ar_R29_M38120_S1_1,metacontig,2,315,313
NC_025366_5,metacontig,248,710,462
NC_001964_6,metacontig,223,693,470
fu_R29_M2653_S1_3,metacontig,253,704,451
ro_R29_M193_S1_31,metacontig,950,1423,473
MK279497_9,metacontig,239,695,456
fu_R29_M4285_S1_4,metacontig,200,675,475
ar_R29_M12053_S1_4,metacontig,376,940,564
st_R29_M326147_S1_2,metacontig,318,805,487
fu_R29_M3455_S1_4,metacontig,228,700,472
st_R29_M405877_S1_2,metacontig,321,746,425
st_R29_M265548_S1_2,metacontig,325,735,410
st_R29_M73883_S1_3,metacontig,196,631,435
NC_017990_1,metacontig,1217,1677,460
st_R29_M38904_S1_12,metacontig,19,388,369
HQ607513_5,metacontig,211,643,432
LC521908_8,metacontig,240,688,448
NC_001963_4,metacontig,247,709,462
ar_R29_M27618_S1_5,metacontig,207,679,472
fu_R29_M692_S2_4,metacontig,302,772,470
st_R29_M45882_S1_2,metacontig,9,423,414
st_R29_M387087_S1_5,metacontig,329,774,445
fu_R29_M3825_S1_1,metacontig,319,745,426
st_R29_M153300_S1_3,metacontig,305,737,432
fu_R29_M907_S12_27,metacontig,468,961,493
st_R29_M408442_S1_7,metacontig,311,737,426
st_R29_M438268_S1_4,metacontig,318,805,487
ar_R29_M28256_S1_7,metacontig,352,829,477
st_R29_M424623_S1_1,metacontig,251,695,444
ar_R29_M37487_S1_2,metacontig,492,1009,517
ro_R29_M280_S1_3,metacontig,310,757,447
MK787250_9,metacontig,240,708,468
JF436869_5,metacontig,212,645,433
fu_R29_M5760_S1_4,metacontig,225,607,382
mm_R29_M1848_S1_8,metacontig,248,711,463
fu_R29_M952_S2_4,metacontig,872,1300,428
ar_R29_M27181_S1_2,metacontig,21,467,446
st_R29_M184766_S1_1,metacontig,304,722,418
ar_R29_M35398_S1_1,metacontig,55,532,477
MW174761_2,metacontig,302,747,445
AP014903_2,metacontig,231,667,436
fu_R29_M732_S1_2,metacontig,364,813,449
NC_006021_1,metacontig,377,957,580
AP014902_2,metacontig,215,670,455
NC_007539_1,metacontig,499,997,498
ar_R29_M1436_S1_1,metacontig,2,350,348
ex_R29_M54_S1_5,metacontig,211,605,394
NC_030392_5,metacontig,236,692,456
mm_R29_M4707_S1_2,metacontig,325,822,497
fu_R29_M4045_S1_6,metacontig,241,708,467
fu_R29_M311_S1_5,metacontig,480,978,498
HQ607523_6,metacontig,211,640,429
mm_R29_M1420_S1_6,metacontig,360,735,375
st_R29_M381350_S1_2,metacontig,313,776,463
NC_027209_6,metacontig,222,645,423
st_R29_M39354_S1_3,metacontig,975,1417,442
fu_R29_M3120_S1_7,metacontig,240,712,472
ex_R29_M37_S1_1,metacontig,41,470,429
st_R29_M40704_S1_10,metacontig,265,680,415
ar_R29_M18417_S1_2,metacontig,2,369,367
st_R29_M17232_S1_2,metacontig,333,767,434
st_R29_M186599_S1_6,metacontig,340,775,435
NC_003745_2,metacontig,302,740,438
st_R29_M67880_S1_2,metacontig,367,796,429
fu_R29_M1124_S1_5,metacontig,302,747,445
st_R29_M288900_S1_4,metacontig,348,767,419
MK279498_2,metacontig,330,794,464
fu_R29_M2336_S4_4,metacontig,309,753,444
mm_R29_M6388_S1_1,metacontig,215,668,453
am_R29_M244_S1_1,metacontig,381,947,566
st_R29_M140956_S1_1,metacontig,407,869,462
fu_R29_M2336_S6_3,metacontig,309,753,444
st_R29_M186600_S1_2,metacontig,320,750,430
ro_R29_M337_S1_5,metacontig,14,437,423
ex_R29_M176_S1_5,metacontig,212,643,431
st_R29_M317793_S1_1,metacontig,241,643,402
st_R29_M441277_S1_13,metacontig,327,732,405
KU845301_2,metacontig,302,771,469
ar_R29_M26647_S1_2,metacontig,195,651,456
ex_R29_M19_S1_1,metacontig,122,552,430
AP014898_4,metacontig,238,705,467
fu_R29_M2336_S3_2,metacontig,309,753,444
MH784501_2,metacontig,302,772,470
fu_R29_M2336_S7_1,metacontig,111,542,431
sa_R29_M343_S1_7,metacontig,237,712,475
st_R29_M229014_S1_2,metacontig,329,755,426
sa_R29_M257_S1_4,metacontig,336,769,433
st_R29_M58272_S1_1,metacontig,454,945,491
MK279492_3,metacontig,230,673,443
st_R29_M41801_S1_1,metacontig,485,987,502
fu_R29_M4812_S1_6,metacontig,179,575,396
fu_R29_M758_S61_1,metacontig,160,619,459
st_R29_M409598_S1_2,metacontig,331,758,427
MK279490_7,metacontig,225,621,396
NC_029302_2,metacontig,250,699,449
ar_R29_M40229_S1_2,metacontig,399,880,481
st_R29_M204887_S1_2,metacontig,14,449,435
fu_R29_M1838_S1_2,metacontig,308,726,418
ro_R29_M155_S1_7,metacontig,207,666,459
NC_032106_2,metacontig,302,747,445
fu_R29_M2283_S1_2,metacontig,1,416,415
st_R29_M38931_S1_7,metacontig,331,754,423
st_R29_M412358_S1_3,metacontig,1371,1778,407
fu_R29_M4684_S1_11,metacontig,243,672,429
st_R29_M351617_S1_6,metacontig,176,652,476
fu_R29_M5453_S1_1,metacontig,75,460,385
st_R29_M448991_S1_4,metacontig,313,725,412
st_R29_M113761_S1_2,metacontig,333,815,482
fu_R29_M2647_S1_2,metacontig,21,419,398
st_R29_M169603_S1_1,metacontig,14,438,424
ar_R29_M27104_S1_2,metacontig,478,970,492
st_R29_M177856_S1_2,metacontig,324,751,427
MK279493_5,metacontig,235,697,462
st_R29_M274579_S1_8,metacontig,362,844,482
fu_R29_M5813_S1_6,metacontig,233,706,473
st_R29_M381434_S1_2,metacontig,376,802,426
fu_R29_M2023_S1_5,metacontig,335,717,382
ro_R29_M145_S1_2,metacontig,241,662,421
ma_R29_M4528_S1_4,metacontig,477,943,466
LC432338_1,metacontig,435,945,510
st_R29_M237937_S1_2,metacontig,310,712,402
st_R29_M101862_S1_7,metacontig,321,728,407
st_R29_M139994_S1_2,metacontig,312,796,484
st_R29_M39843_S1_10,metacontig,325,807,482
fu_R29_M3169_S1_2,metacontig,309,756,447
st_R29_M222076_S1_2,metacontig,280,776,496
ro_R29_M86_S1_28,metacontig,936,1414,478
fu_R29_M2336_S2_3,metacontig,298,720,422
mm_R29_M974_S1_9,metacontig,248,668,420
st_R29_M216305_S1_1,metacontig,220,693,473
ar_R29_M9693_S1_1,metacontig,2,372,370
sa_R29_M106_S1_3,metacontig,223,687,464
sa_R29_M1299_S1_5,metacontig,374,803,429
MN935504_6,metacontig,242,659,417
ar_R29_M15566_S1_2,metacontig,36,444,408
ar_R29_M33542_S1_1,metacontig,128,608,480
fu_R29_M5653_S1_11,metacontig,338,796,458
fu_R29_M2336_S1_3,metacontig,296,717,421
st_R29_M238446_S1_1,metacontig,312,777,465
st_R29_M238428_S1_8,metacontig,366,790,424
st_R29_M409666_S1_8,metacontig,332,764,432
st_R29_M83962_S1_1,metacontig,73,509,436
NC_028044_2,metacontig,308,734,426
fu_R29_M3184_S1_6,metacontig,298,736,438
MH396496_6,metacontig,242,659,417
ro_R29_M249_S1_7,metacontig,336,769,433
fu_R29_M5614_S2_3,metacontig,325,760,435
MK967422_2,metacontig,219,661,442
NC_028483_3,metacontig,348,795,447
NC_020997_3,metacontig,240,702,462
NC_028948_5,metacontig,224,651,427
st_R29_M448987_S1_3,metacontig,336,766,430
NC_003607_5,metacontig,242,659,417
sa_R29_M2104_S1_2,metacontig,322,745,423
fu_R29_M1237_S1_1,metacontig,63,446,383
st_R29_M393501_S1_4,metacontig,309,732,423
st_R29_M412412_S1_8,metacontig,433,916,483
st_R29_M365992_S1_1,metacontig,124,596,472
MK279496_5,metacontig,249,703,454
st_R29_M72250_S1_12,metacontig,305,732,427
ro_R29_M201_S1_6,metacontig,316,792,476
MK279489_3,metacontig,228,657,429
sa_R29_M3118_S1_1,metacontig,12,522,510
ar_R29_M13846_S1_2,metacontig,175,646,471
fu_R29_M2546_S1_11,metacontig,381,881,500
am_R29_M636_S1_1,metacontig,380,765,385
st_R29_M34324_S1_3,metacontig,318,766,448
KU257669_5,metacontig,228,697,469
fu_R29_M1581_S1_2,metacontig,146,580,434
st_R29_M47046_S1_2,metacontig,4,337,333
st_R29_M101857_S1_6,metacontig,314,759,445
ar_R29_M2868_S1_3,metacontig,282,745,463
MN248735_7,metacontig,308,734,426
NC_007748_1,metacontig,385,953,568
st_R29_M388837_S1_1,metacontig,455,947,492
MN935503_4,metacontig,242,657,415
LC553706_3,metacontig,229,695,466
MN119621_2,metacontig,312,769,457
NC_007523_5,metacontig,232,702,470
st_R29_M409758_S1_1,metacontig,235,706,471
st_R29_M34338_S1_5,metacontig,447,907,460
ar_R29_M37351_S1_7,metacontig,145,586,441
st_R29_M412531_S1_2,metacontig,344,780,436
st_R29_M238445_S1_2,metacontig,383,849,466
fu_R29_M5467_S1_4,metacontig,317,739,422
fu_R29_M4108_S1_4,metacontig,215,665,450
fu_R29_M3202_S1_15,metacontig,1378,1797,419
ar_R29_M42876_S1_2,metacontig,324,763,439
mm_R29_M3623_S1_5,metacontig,65,491,426
fu_R29_M2940_S1_3,metacontig,318,748,430
NC_014823_6,metacontig,244,698,454
fu_R29_M1659_S1_9,metacontig,674,1071,397
MK279495_6,metacontig,228,697,469
ro_R29_M78_S1_4,metacontig,321,770,449
ma_R29_M1990_S1_3,metacontig,271,726,455
ar_R29_M1757_S1_4,metacontig,462,953,491
KU724434_3,metacontig,277,743,466
st_R29_M238427_S1_3,metacontig,386,808,422
st_R29_M153299_S1_2,metacontig,304,736,432
MN935505_2,metacontig,242,657,415
st_R29_M171963_S1_2,metacontig,307,711,404
st_R29_M153266_S1_2,metacontig,151,500,349
KX171636_3,metacontig,237,669,432
st_R29_M222074_S1_1,metacontig,513,1010,497
NC_040530_6,metacontig,502,971,469
fu_R29_M2077_S1_2,metacontig,298,712,414
MH823900_4,metacontig,238,658,420
sa_R29_M3174_S1_11,metacontig,323,747,424
fu_R29_M1684_S1_1,metacontig,5,424,419
fu_R29_M2077_S2_7,metacontig,298,712,414
LC573907_6,metacontig,236,705,469
MT498826_1,metacontig,455,955,500
fi_R29_M1320_S1_3,metacontig,143,588,445
st_R29_M326157_S1_5,metacontig,320,746,426
st_R29_M381424_S1_2,metacontig,304,740,436
st_R29_M101934_S1_2,metacontig,314,771,457
fu_R29_M4190_S1_4,metacontig,121,587,466
ro_R29_M80_S1_2,metacontig,322,751,429
st_R29_M204886_S1_1,metacontig,1,363,362
st_R29_M449456_S1_4,metacontig,316,742,426
st_R29_M65682_S1_2,metacontig,327,733,406
st_R29_M312132_S1_9,metacontig,344,776,432
ma_R29_M354_S1_4,metacontig,179,592,413
ar_R29_M21181_S1_2,metacontig,6,366,360
st_R29_M222077_S1_1,metacontig,146,579,433
st_R29_M318302_S1_3,metacontig,296,686,390
NC_023547_4,metacontig,230,663,433
fu_R29_M4257_S1_3,metacontig,53,482,429
mm_R29_M6215_S1_5,metacontig,1147,1594,447
st_R29_M238910_S1_6,metacontig,328,753,425
st_R29_M387088_S1_2,metacontig,311,718,407
fu_R29_M5343_S1_3,metacontig,455,952,497
ar_R29_M10729_S1_1,metacontig,30,489,459
st_R29_M37976_S1_6,metacontig,965,1368,403
fu_R29_M4315_S1_5,metacontig,230,701,471
sa_R29_M1197_S1_10,metacontig,457,938,481
fu_R29_M2438_S1_10,metacontig,251,651,400
st_R29_M161963_S1_2,metacontig,321,802,481
st_R29_M40784_S1_7,metacontig,358,792,434
fu_R29_M1591_S4_5,metacontig,313,730,417
st_R29_M186602_S1_5,metacontig,442,928,486
NC_003823_2,metacontig,1169,1613,444
st_R29_M153209_S1_6,metacontig,322,760,438
NC_004172_2,metacontig,179,713,534
fu_R29_M4143_S1_21,metacontig,1310,1719,409
fu_R29_M6026_S1_4,metacontig,291,708,417
fu_R29_M1591_S1_6,metacontig,291,705,414
fu_R29_M1299_S1_2,metacontig,269,676,407
st_R29_M306935_S1_2,metacontig,25,456,431
fu_R29_M3168_S1_5,metacontig,309,723,414
st_R29_M199999_S1_5,metacontig,435,919,484
ar_R29_M43683_S1_3,metacontig,184,637,453
fu_R29_M5128_S1_4,metacontig,322,761,439
st_R29_M229570_S1_2,metacontig,15,385,370
st_R29_M43881_S1_1,metacontig,6,434,428
ro_R29_M275_S1_9,metacontig,282,748,466
ar_R29_M4514_S1_6,metacontig,391,827,436
st_R29_M270166_S1_1,metacontig,458,948,490
fu_R29_M1414_S1_3,metacontig,15,381,366
ar_R29_M16709_S1_3,metacontig,482,974,492
NC_040551_2,metacontig,312,738,426
fu_R29_M3019_S1_1,metacontig,471,992,521
KX808483_2,metacontig,277,734,457
fu_R29_M1591_S2_5,metacontig,305,721,416
MH620822_2,metacontig,163,628,465
st_R29_M211596_S1_1,metacontig,453,938,485
ar_R29_M32010_S1_3,metacontig,289,715,426
NC_028480_2,metacontig,308,787,479
fu_R29_M1760_S1_4,metacontig,4,366,362
al_R29_M218_S1_5,metacontig,271,723,452
st_R29_M97012_S1_7,metacontig,437,922,485
st_R29_M295812_S1_3,metacontig,189,604,415
fu_R29_M4315_S5_3,metacontig,2,401,399
ro_R29_M299_S1_2,metacontig,293,713,420
st_R29_M102435_S1_1,metacontig,5,352,347
NC_002701_3,metacontig,265,677,412
ar_R29_M25740_S1_1,metacontig,10,384,374
st_R29_M120442_S1_3,metacontig,240,627,387
fu_R29_M2991_S1_2,metacontig,299,682,383
KX686068_3,metacontig,277,710,433
NC_029096_2,metacontig,313,753,440
KX808485_2,metacontig,277,702,425
st_R29_M393500_S1_2,metacontig,333,758,425
st_R29_M65604_S1_6,metacontig,430,889,459
fu_R29_M5408_S1_2,metacontig,1302,1690,388
ar_R29_M7821_S1_7,metacontig,243,697,454
sp_R29_M7_S1_1,metacontig,365,773,408
fu_R29_M250_S1_1,metacontig,472,970,498
ar_R29_M34208_S1_2,metacontig,258,700,442
fu_R29_M5586_S1_8,metacontig,294,730,436
ar_R29_M33524_S1_3,metacontig,470,965,495
st_R29_M199998_S1_5,metacontig,313,719,406
ro_R29_M50_S1_3,metacontig,318,741,423
st_R29_M17006_S1_2,metacontig,15,261,246
st_R29_M40785_S1_2,metacontig,324,760,436
KX808486_2,metacontig,277,704,427
st_R29_M424656_S1_1,metacontig,65,481,416
fu_R29_M4616_S1_2,metacontig,449,959,510
st_R29_M426140_S1_4,metacontig,437,896,459
st_R29_M33947_S1_1,metacontig,3,337,334
st_R29_M199979_S1_2,metacontig,318,754,436
fu_R29_M3594_S1_2,metacontig,184,609,425
st_R29_M449394_S1_2,metacontig,432,917,485
ro_R29_M330_S1_8,metacontig,363,783,420
ar_R29_M24071_S1_3,metacontig,425,791,366
ro_R29_M69_S1_8,metacontig,320,741,421
st_R29_M51346_S1_1,metacontig,15,440,425
ar_R29_M30985_S1_4,metacontig,264,718,454
st_R29_M30487_S1_1,metacontig,442,902,460
ar_R29_M29688_S1_1,metacontig,191,644,453
ro_R29_M159_S1_2,metacontig,321,758,437
st_R29_M183759_S1_1,metacontig,15,353,338
st_R29_M438267_S1_2,metacontig,318,754,436
st_R29_M359604_S1_6,metacontig,393,787,394
NC_026135_5,metacontig,229,700,471
ro_R29_M277_S1_2,metacontig,318,741,423
ma_R29_M4020_S1_4,metacontig,314,752,438
fu_R29_M1591_S6_5,metacontig,303,718,415
fu_R29_M2240_S1_2,metacontig,319,754,435
ar_R29_M11493_S1_5,metacontig,420,754,334
mm_R29_M5534_S1_3,metacontig,314,745,431
fu_R29_M4277_S1_7,metacontig,354,784,430
ar_R29_M11010_S1_19,metacontig,254,707,453
st_R29_M405943_S1_1,metacontig,465,946,481
fu_R29_M5680_S1_5,metacontig,233,668,435
ar_R29_M14523_S1_18,metacontig,26,299,273
st_R29_M118392_S1_1,metacontig,434,914,480
AP014896_3,metacontig,363,789,426
st_R29_M20090_S1_7,metacontig,238,672,434
st_R29_M66673_S1_11,metacontig,1529,2002,473
ro_R29_M137_S1_7,metacontig,320,762,442
fu_R29_M2358_S1_11,metacontig,493,977,484
fu_R29_M4923_S1_10,metacontig,431,910,479
ro_R29_M88_S1_2,metacontig,15,391,376
fu_R29_M4824_S1_2,metacontig,299,745,446
ar_R29_M19993_S1_2,metacontig,250,741,491
st_R29_M227435_S1_1,metacontig,2,389,387
ma_R29_M1423_S1_11,metacontig,181,603,422
fu_R29_M168_S2_2,metacontig,293,694,401
MW174763_2,metacontig,309,672,363
ro_R29_M306_S1_7,metacontig,314,717,403
fu_R29_M3998_S1_6,metacontig,292,711,419
st_R29_M96666_S1_1,metacontig,432,917,485
fu_R29_M167_S1_5,metacontig,7,399,392
mm_R29_M649_S1_4,metacontig,335,720,385
MN937194_2,metacontig,347,767,420
NC_028485_2,metacontig,310,744,434
st_R29_M407387_S1_1,metacontig,668,1129,461
fu_R29_M3716_S1_1,metacontig,106,525,419
fu_R29_M1591_S9_1,metacontig,197,611,414
ar_R29_M36918_S1_23,metacontig,237,681,444
ro_R29_M93_S1_2,metacontig,209,650,441
st_R29_M140831_S1_3,metacontig,446,944,498
fu_R29_M1855_S1_2,metacontig,315,745,430
ro_R29_M240_S1_1,metacontig,238,659,421
NC_030224_8,metacontig,227,696,469
ro_R29_M74_S1_9,metacontig,347,767,420
fu_R29_M2336_S9_1,metacontig,3,334,331
ro_R29_M175_S1_7,metacontig,318,746,428
ma_R29_M2926_S1_2,metacontig,436,898,462
ar_R29_M7069_S44_11,metacontig,300,756,456
fu_R29_M4355_S1_15,metacontig,232,702,470
sa_R29_M2258_S1_1,metacontig,179,627,448
ma_R29_M1692_S1_17,metacontig,179,562,383
st_R29_M63205_S1_7,metacontig,449,897,448
fu_R29_M2418_S1_4,metacontig,307,693,386
ma_R29_M5911_S1_1,metacontig,186,531,345
MN603497_2,metacontig,303,728,425
st_R29_M306922_S1_2,metacontig,280,667,387
fu_R29_M5529_S1_2,metacontig,293,708,415
ar_R29_M14080_S1_7,metacontig,242,681,439
st_R29_M329367_S1_1,metacontig,2,366,364
fu_R29_M5243_S1_2,metacontig,310,728,418
fu_R29_M2535_S1_1,metacontig,127,543,416
fu_R29_M2518_S1_5,metacontig,296,711,415
NC_028486_2,metacontig,301,716,415
ma_R29_M2210_S1_12,metacontig,252,631,379
fu_R29_M2518_S2_3,metacontig,295,722,427
st_R29_M222073_S1_3,metacontig,6,383,377
sa_R29_M2797_S1_3,metacontig,297,730,433
st_R29_M140828_S1_7,metacontig,293,720,427
ar_R29_M24322_S1_9,metacontig,321,762,441
fi_R29_M1085_S1_10,metacontig,168,633,465
fu_R29_M5614_S1_2,metacontig,334,772,438
fu_R29_M4372_S1_4,metacontig,265,701,436
NC_002063_2,metacontig,277,710,433
ma_R29_M2123_S1_1,metacontig,61,440,379
fu_R29_M618_S1_2,metacontig,19,344,325
st_R29_M238413_S1_3,metacontig,32,464,432
fu_R29_M1927_S1_2,metacontig,39,456,417
ar_R29_M10981_S1_2,metacontig,251,696,445
fu_R29_M3915_S1_1,metacontig,171,570,399
ar_R29_M43275_S1_7,metacontig,242,684,442
ar_R29_M28151_S2_11,metacontig,314,770,456
st_R29_M72319_S1_29,metacontig,399,883,484
ar_R29_M10994_S1_2,metacontig,155,597,442
ar_R29_M41664_S1_3,metacontig,134,568,434
MK967419_2,metacontig,343,758,415
st_R29_M132384_S1_1,metacontig,334,771,437
mm_R29_M5186_S1_1,metacontig,81,441,360
ar_R29_M32717_S1_1,metacontig,844,1348,504
ro_R29_M48_S1_2,metacontig,321,718,397
fu_R29_M4283_S1_2,metacontig,12,361,349
ar_R29_M30499_S1_1,metacontig,1,348,347
AP014900_2,metacontig,207,659,452
ro_R29_M232_S1_1,metacontig,1,360,359
fu_R29_M1591_S8_2,metacontig,313,729,416
fu_R29_M3629_S1_5,metacontig,305,721,416
ro_R29_M307_S1_10,metacontig,297,721,424
ro_R29_M97_S1_2,metacontig,321,744,423
ar_R29_M28151_S4_3,metacontig,357,810,453
ma_R29_M6820_S13_1,metacontig,114,496,382
ar_R29_M15914_S1_1,metacontig,13,417,404
AP014901_2,metacontig,207,659,452
mm_R29_M3153_S1_5,metacontig,611,1066,455
ex_R29_M137_S1_34,metacontig,295,751,456
ar_R29_M36075_S1_1,metacontig,67,296,229
MT498830_4,metacontig,304,690,386
ar_R29_M8549_S1_2,metacontig,470,965,495
ar_R29_M4160_S1_8,metacontig,221,656,435
ro_R29_M104_S1_9,metacontig,348,773,425
ro_R29_M186_S1_2,metacontig,294,734,440
HQ607524_5,metacontig,271,664,393
fu_R29_M1063_S1_5,metacontig,298,747,449
MT876189_9,metacontig,593,1041,448
st_R29_M145509_S1_2,metacontig,125,605,480
fi_R29_M607_S1_2,metacontig,355,793,438
ar_R29_M43347_S1_1,metacontig,55,496,441
ar_R29_M7372_S1_2,metacontig,260,719,459
ar_R29_M18953_S1_4,metacontig,285,745,460
ar_R29_M14157_S1_3,metacontig,258,712,454
st_R29_M299581_S1_2,metacontig,24,442,418
NC_038700_7,metacontig,278,677,399
fu_R29_M907_S65_1,metacontig,471,853,382
ri_R29_M96_S1_2,metacontig,409,781,372
AP014893_3,metacontig,257,677,420
fu_R29_M1503_S1_1,metacontig,276,690,414
sa_R29_M1686_S1_3,metacontig,242,632,390
ch_R29_M121_S1_1,metacontig,21,339,318
ar_R29_M40378_S1_7,metacontig,457,961,504
ex_R29_M170_S1_4,metacontig,250,645,395
ex_R29_M167_S1_1,metacontig,205,623,418
ro_R29_M292_S1_2,metacontig,217,684,467
fu_R29_M5243_S2_2,metacontig,312,730,418
fu_R29_M776_S1_5,metacontig,299,729,430
AP014899_3,metacontig,202,629,427
fu_R29_M1591_S10_3,metacontig,174,590,416
ma_R29_M3567_S1_2,metacontig,128,511,383
ar_R29_M24331_S1_1,metacontig,450,912,462
fu_R29_M405_S1_2,metacontig,299,726,427
st_R29_M265538_S1_1,metacontig,133,466,333
fu_R29_M4072_S1_7,metacontig,302,772,470
HQ607526_5,metacontig,247,639,392
ar_R29_M28151_S1_2,metacontig,357,810,453
ar_R29_M14291_S1_7,metacontig,254,704,450
fu_R29_M3629_S2_2,metacontig,299,715,416
fu_R29_M5857_S1_2,metacontig,239,644,405
ma_R29_M1664_S1_4,metacontig,258,640,382
mm_R29_M7544_S1_16,metacontig,1572,2084,512
st_R29_M308469_S1_3,metacontig,100,539,439
fu_R29_M2662_S3_3,metacontig,284,703,419
ro_R29_M118_S1_3,metacontig,292,718,426
HQ607514_5,metacontig,234,627,393
ar_R29_M32054_S1_14,metacontig,288,744,456
ar_R29_M39325_S1_3,metacontig,277,715,438
ro_R29_M317_S1_2,metacontig,317,719,402
MN812428_2,metacontig,299,717,418
st_R29_M225936_S1_3,metacontig,255,686,431
fu_R29_M2930_S1_2,metacontig,298,714,416
fu_R29_M2825_S2_4,metacontig,26,464,438
sp_R29_M553_S1_1,metacontig,467,961,494
MN841289_2,metacontig,1046,1500,454
fu_R29_M3295_S1_8,metacontig,300,728,428
AP014905_3,metacontig,192,583,391
ar_R29_M37042_S1_8,metacontig,237,679,442
MN933901_4,metacontig,216,649,433
mm_R29_M4248_S1_5,metacontig,98,599,501
st_R29_M40786_S1_1,metacontig,1,356,355
fu_R29_M2091_S2_3,metacontig,303,750,447
st_R29_M66719_S1_1,metacontig,112,537,425
st_R29_M152384_S1_4,metacontig,18,451,433
ar_R29_M8372_S1_3,metacontig,262,704,442
fu_R29_M2825_S1_2,metacontig,294,732,438
NC_013462_6,metacontig,459,915,456
fu_R29_M4548_S1_2,metacontig,451,932,481
st_R29_M426176_S1_3,metacontig,300,715,415
ar_R29_M31376_S1_3,metacontig,252,679,427
sa_R29_M2421_S1_1,metacontig,754,1182,428
fu_R29_M6027_S1_4,metacontig,294,721,427
ar_R29_M37716_S1_3,metacontig,301,777,476
ro_R29_M2_S1_5,metacontig,311,743,432
MK967421_2,metacontig,302,764,462
fu_R29_M414_S1_2,metacontig,25,431,406
ar_R29_M376_S1_8,metacontig,291,717,426
fu_R29_M1876_S1_4,metacontig,305,731,426
fu_R29_M758_S4_2,metacontig,323,712,389
ma_R29_M2699_S1_4,metacontig,27,464,437
st_R29_M123068_S1_2,metacontig,163,559,396
ma_R29_M3148_S1_7,metacontig,466,857,391
st_R29_M310610_S1_1,metacontig,5,318,313
st_R29_M295815_S1_2,metacontig,326,640,314
fu_R29_M4778_S1_2,metacontig,37,361,324
sa_R29_M1626_S1_1,metacontig,155,606,451
fu_R29_M1894_S1_4,metacontig,299,733,434
fu_R29_M2091_S1_2,metacontig,303,749,446
fu_R29_M5792_S1_3,metacontig,22,400,378
ar_R29_M34996_S1_2,metacontig,1416,1863,447
fu_R29_M4579_S1_4,metacontig,295,711,416
fu_R29_M2736_S1_3,metacontig,323,785,462
st_R29_M89588_S1_4,metacontig,449,930,481
st_R29_M393451_S1_7,metacontig,592,1037,445
st_R29_M132375_S1_12,metacontig,243,656,413
fu_R29_M4465_S1_1,metacontig,27,420,393
HQ607518_5,metacontig,243,636,393
st_R29_M320995_S1_4,metacontig,327,784,457
fu_R29_M2662_S2_4,metacontig,321,760,439
st_R29_M373805_S1_1,metacontig,482,967,485
KX906605_2,metacontig,308,741,433
st_R29_M102568_S1_5,metacontig,334,676,342
HQ607522_7,metacontig,249,645,396
ma_R29_M6820_S1_11,metacontig,217,605,388
ar_R29_M41019_S1_2,metacontig,135,586,451
sa_R29_M2449_S1_2,metacontig,353,741,388
sp_R29_M182_S25_4,metacontig,264,646,382
fu_R29_M2662_S1_6,metacontig,302,721,419
st_R29_M234911_S1_2,metacontig,3,335,332
fi_R29_M1700_S1_2,metacontig,4,356,352
ar_R29_M28862_S1_7,metacontig,306,740,434
ar_R29_M35617_S1_3,metacontig,31,475,444
fu_R29_M3709_S1_2,metacontig,199,617,418
sp_R29_M182_S14_4,metacontig,264,653,389
fi_R29_M1125_S1_3,metacontig,213,652,439
st_R29_M424630_S1_2,metacontig,7,417,410
ma_R29_M1847_S1_13,metacontig,234,610,376
st_R29_M306934_S1_1,metacontig,7,424,417
ar_R29_M385_S1_1,metacontig,466,1027,561
st_R29_M34519_S1_2,metacontig,16,403,387
MK967420_2,metacontig,310,726,416
sp_R29_M182_S32_2,metacontig,106,496,390
fu_R29_M5499_S1_7,metacontig,295,711,416
fu_R29_M3769_S1_3,metacontig,295,696,401
st_R29_M358973_S1_2,metacontig,11,490,479
mm_R29_M5981_S1_2,metacontig,143,610,467
mm_R29_M2240_S1_3,metacontig,51,522,471
sp_R29_M182_S3_5,metacontig,264,653,389
sp_R29_M182_S4_3,metacontig,264,653,389
sp_R29_M182_S6_2,metacontig,264,653,389
ma_R29_M4727_S1_5,metacontig,284,662,378
st_R29_M381331_S1_2,metacontig,1,341,340
ar_R29_M43963_S1_1,metacontig,389,955,566
fu_R29_M4532_S1_1,metacontig,428,940,512
ma_R29_M6820_S7_13,metacontig,257,645,388
mm_R29_M7148_S1_2,metacontig,207,623,416
fu_R29_M1591_S3_4,metacontig,295,711,416
ar_R29_M34673_S1_2,metacontig,316,766,450
ma_R29_M6820_S2_13,metacontig,257,645,388
fu_R29_M5999_S1_1,metacontig,16,337,321
ro_R29_M223_S1_2,metacontig,322,771,449
ar_R29_M25388_S1_2,metacontig,90,519,429
ar_R29_M40974_S1_1,metacontig,384,954,570
fu_R29_M1894_S2_4,metacontig,302,666,364
ar_R29_M40089_S1_1,metacontig,20,436,416
fu_R29_M5187_S2_1,metacontig,35,452,417
ar_R29_M33216_S1_1,metacontig,5,369,364
st_R29_M371434_S1_3,metacontig,95,549,454
fi_R29_M1077_S1_2,metacontig,143,582,439
ar_R29_M24118_S1_4,metacontig,15,329,314
st_R29_M412507_S1_6,metacontig,316,637,321
st_R29_M61909_S1_2,metacontig,491,910,419
st_R29_M412402_S1_5,metacontig,349,682,333
st_R29_M310606_S1_7,metacontig,256,688,432
AP014897_2,metacontig,192,583,391
fu_R29_M2510_S1_4,metacontig,299,683,384
st_R29_M295814_S1_2,metacontig,344,774,430
ar_R29_M22194_S1_4,metacontig,253,679,426
AP014895_3,metacontig,204,673,469
fu_R29_M5187_S1_4,metacontig,295,712,417
mm_R29_M5240_S1_17,metacontig,467,927,460
mm_R29_M6901_S1_2,metacontig,144,634,490
NC_027212_3,metacontig,318,737,419
NC_038697_2,metacontig,299,727,428
ro_R29_M180_S1_12,metacontig,295,769,474
sp_R29_M336_S1_2,metacontig,231,590,359
st_R29_M310607_S1_9,metacontig,222,725,503
fu_R29_M907_S32_7,metacontig,214,674,460
st_R29_M152380_S1_3,metacontig,310,728,418
ar_R29_M22194_S5_1,metacontig,74,500,426
ar_R29_M41848_S1_2,metacontig,83,537,454
ro_R29_M68_S1_1,metacontig,164,638,474
fu_R29_M4816_S1_12,metacontig,169,605,436
ma_R29_M1308_S1_3,metacontig,43,426,383
ma_R29_M3061_S1_2,metacontig,3,373,370
AP014894_3,metacontig,206,674,468
ma_R29_M3666_S1_4,metacontig,262,634,372
st_R29_M35257_S1_1,metacontig,2,321,319
ro_R29_M36_S1_6,metacontig,203,629,426
ro_R29_M6_S1_3,metacontig,205,628,423
ar_R29_M11824_S1_16,metacontig,1920,2346,426
ar_R29_M15684_S2_2,metacontig,13,442,429
fu_R29_M1724_S1_2,metacontig,396,785,389
ar_R29_M7069_S139_6,metacontig,31,360,329
MN745082_3,metacontig,267,684,417
fi_R29_M1773_S1_2,metacontig,175,576,401
fu_R29_M907_S20_10,metacontig,315,755,440
st_R29_M409663_S1_6,metacontig,327,619,292
st_R29_M34517_S1_3,metacontig,97,514,417
fu_R29_M2619_S1_1,metacontig,367,742,375
ar_R29_M35959_S1_26,metacontig,1554,2053,499
st_R29_M308419_S1_2,metacontig,311,663,352
st_R29_M269754_S1_1,metacontig,59,398,339
st_R29_M250604_S1_1,metacontig,19,358,339
sp_R29_M347_S1_14,metacontig,1413,1857,444
st_R29_M210156_S1_1,metacontig,724,1037,313
st_R29_M348213_S1_18,metacontig,353,792,439
NC_035674_4,metacontig,250,671,421
st_R29_M186603_S1_3,metacontig,218,648,430
mm_R29_M7127_S1_1,metacontig,16,488,472
fu_R29_M5243_S4_1,metacontig,40,369,329
st_R29_M185494_S1_1,metacontig,16,316,300
ar_R29_M38959_S1_11,metacontig,206,646,440
ar_R29_M20042_S1_5,metacontig,295,732,437
mm_R29_M7303_S1_3,metacontig,177,595,418
fu_R29_M899_S1_1,metacontig,5,319,314
st_R29_M312139_S1_1,metacontig,7,315,308
ar_R29_M10960_S1_8,metacontig,245,680,435
ro_R29_M70_S1_1,metacontig,1370,1748,378
st_R29_M169649_S1_4,metacontig,281,745,464
ar_R29_M31752_S1_1,metacontig,45,478,433
fu_R29_M4979_S1_2,metacontig,379,945,566
ar_R29_M5014_S1_1,metacontig,382,945,563
st_R29_M409896_S1_2,metacontig,19,299,280
st_R29_M34523_S1_1,metacontig,14,376,362
fu_R29_M1399_S1_1,metacontig,112,515,403
ar_R29_M28507_S1_1,metacontig,1795,2256,461
st_R29_M359615_S1_1,metacontig,2,301,299
ro_R29_M19_S1_1,metacontig,19,412,393
sp_R29_M182_S38_1,metacontig,45,382,337
ar_R29_M5410_S1_5,metacontig,265,644,379
ar_R29_M23325_S1_3,metacontig,461,954,493
NC_028921_8,metacontig,943,1339,396
HQ607519_3,metacontig,269,666,397
st_R29_M30423_S1_12,metacontig,357,770,413
fu_R29_M4401_S1_3,metacontig,14,349,335
fi_R29_M1409_S1_3,metacontig,295,665,370
mm_R29_M7729_S1_2,metacontig,50,410,360
fi_R29_M950_S18_2,metacontig,160,552,392
fu_R29_M1872_S1_4,metacontig,30,320,290
mm_R29_M1474_S1_2,metacontig,256,617,361
ar_R29_M4416_S1_1,metacontig,389,953,564
al_R29_M227_S1_9,metacontig,234,660,426
HQ607515_4,metacontig,269,686,417
ar_R29_M20813_S1_1,metacontig,467,938,471
ar_R29_M19213_S1_10,metacontig,230,647,417
ri_R29_M21_S1_1,metacontig,3,384,381
fu_R29_M4328_S1_7,metacontig,352,794,442
ro_R29_M238_S1_14,metacontig,216,691,475
ar_R29_M23311_S1_32,metacontig,1338,1781,443
DQ238861_2,metacontig,343,698,355
ar_R29_M22026_S1_6,metacontig,779,1225,446
NC_004034_4,metacontig,240,586,346
fu_R29_M4554_S1_7,metacontig,252,664,412
fi_R29_M950_S9_21,metacontig,186,577,391
fu_R29_M5226_S1_10,metacontig,1384,1797,413
ar_R29_M40843_S1_4,metacontig,8,268,260
st_R29_M310609_S1_2,metacontig,379,673,294
ar_R29_M11085_S1_2,metacontig,23,432,409
ro_R29_M237_S1_3,metacontig,7,307,300
al_R29_M355_S1_1,metacontig,638,1028,390
MK967418_6,metacontig,207,690,483
NC_013999_13,metacontig,889,1306,417
ar_R29_M23653_S1_4,metacontig,231,623,392
ar_R29_M9372_S1_5,metacontig,196,772,576
ar_R29_M7069_S969_2,metacontig,184,607,423
ar_R29_M7069_S1248_1,metacontig,182,605,423
MG546516_3,metacontig,193,616,423
fi_R29_M1071_S1_1,metacontig,189,596,407
NC_016760_3,metacontig,690,1146,456
ar_R29_M16522_S1_3,metacontig,286,715,429
ar_R29_M43079_S1_16,metacontig,2110,2573,463
fu_R29_M5243_S3_3,metacontig,10,306,296
ar_R29_M27250_S1_1,metacontig,1964,2399,435
HQ607525_4,metacontig,240,634,394
ro_R29_M316_S1_7,metacontig,291,684,393
st_R29_M412330_S1_3,metacontig,387,953,566
ar_R29_M15277_S1_1,metacontig,8,331,323
fu_R29_M4251_S4_4,metacontig,281,674,393
ar_R29_M4069_S1_1,metacontig,8,325,317
st_R29_M34534_S1_1,metacontig,37,329,292
ar_R29_M43207_S1_2,metacontig,481,891,410
NC_040632_2,metacontig,448,848,400
NC_040678_4,metacontig,263,690,427
mm_R29_M1541_S1_1,metacontig,9,307,298
st_R29_M38906_S1_1,metacontig,80,450,370
st_R29_M222286_S1_4,metacontig,257,708,451
fu_R29_M2748_S1_3,metacontig,240,668,428
ar_R29_M25020_S1_1,metacontig,334,714,380
st_R29_M409899_S1_1,metacontig,3,302,299
ro_R29_M57_S1_1,metacontig,61,425,364
ar_R29_M4343_S1_11,metacontig,248,664,416
ar_R29_M39087_S1_3,metacontig,41,422,381
mm_R29_M1732_S1_2,metacontig,209,565,356
MN745083_4,metacontig,329,711,382
st_R29_M281465_S1_4,metacontig,255,576,321
mm_R29_M6590_S1_2,metacontig,135,634,499
fu_R29_M1213_S1_4,metacontig,288,681,393
ar_R29_M13194_S1_1,metacontig,33,460,427
ar_R29_M30195_S1_3,metacontig,2,326,324
mm_R29_M528_S1_2,metacontig,200,628,428
st_R29_M4720_S1_3,metacontig,346,827,481
ar_R29_M26092_S1_13,metacontig,1912,2323,411
al_R29_M124_S1_1,metacontig,30,337,307
st_R29_M101677_S3_8,metacontig,287,606,319
am_R29_M395_S1_3,metacontig,52,450,398
ar_R29_M25700_S1_3,metacontig,1013,1390,377
mm_R29_M2600_S1_1,metacontig,115,498,383
AP014910_3,metacontig,253,732,479
ma_R29_M6397_S1_1,metacontig,9,277,268
mm_R29_M6780_S1_12,metacontig,305,801,496
st_R29_M164713_S1_1,metacontig,383,944,561
al_R29_M441_S1_1,metacontig,208,657,449
ar_R29_M23810_S1_9,metacontig,232,582,350
st_R29_M66636_S1_4,metacontig,206,594,388
st_R29_M34530_S1_1,metacontig,58,350,292
ch_R29_M208_S1_18,metacontig,292,769,477
fu_R29_M3883_S1_4,metacontig,260,663,403
ma_R29_M315_S1_2,metacontig,66,379,313
st_R29_M37567_S1_1,metacontig,18,277,259
ar_R29_M19859_S1_1,metacontig,7,381,374
ar_R29_M30149_S1_2,metacontig,381,947,566
ar_R29_M41126_S1_1,metacontig,181,422,241
AP014911_4,metacontig,238,701,463
ar_R29_M11934_S1_3,metacontig,44,419,375
mm_R29_M4863_S1_9,metacontig,1695,2137,442
st_R29_M442430_S1_2,metacontig,325,641,316
fu_R29_M2518_S4_1,metacontig,50,335,285
mm_R29_M6010_S1_7,metacontig,488,889,401
ar_R29_M36559_S1_1,metacontig,13,271,258
sp_R29_M283_S1_7,metacontig,1483,1899,416
ar_R29_M28722_S1_1,metacontig,865,1356,491
mm_R29_M3945_S1_4,metacontig,478,879,401
st_R29_M34270_S1_2,metacontig,238,726,488
sa_R29_M254_S1_4,metacontig,269,698,429
ar_R29_M5013_S1_4,metacontig,219,612,393
st_R29_M412506_S1_2,metacontig,316,590,274
st_R29_M225937_S1_2,metacontig,244,658,414
mm_R29_M4411_S1_3,metacontig,298,654,356
mm_R29_M7918_S1_2,metacontig,199,613,414
ma_R29_M2818_S1_3,metacontig,181,620,439
st_R29_M265536_S1_3,metacontig,322,649,327
st_R29_M34268_S1_6,metacontig,232,720,488
ar_R29_M41241_S1_1,metacontig,83,352,269
st_R29_M366005_S1_4,metacontig,280,770,490
st_R29_M366004_S1_5,metacontig,226,672,446
ar_R29_M34269_S1_2,metacontig,236,664,428
st_R29_M450824_S1_2,metacontig,207,476,269
st_R29_M222055_S1_1,metacontig,1,240,239
ar_R29_M24899_S1_1,metacontig,83,420,337
ar_R29_M39918_S1_1,metacontig,24,409,385
st_R29_M365788_S1_4,metacontig,469,919,450
st_R29_M446369_S1_3,metacontig,98,476,378
ar_R29_M21473_S1_14,metacontig,3143,3513,370
st_R29_M222089_S1_8,metacontig,227,649,422
fi_R29_M449_S1_6,metacontig,1437,1906,469
mm_R29_M226_S1_2,metacontig,252,656,404
JF436870_4,metacontig,243,631,388
ma_R29_M482_S1_2,metacontig,168,610,442
st_R29_M364428_S1_1,metacontig,12,421,409
MG546515_2,metacontig,250,698,448
MT498827_9,metacontig,512,1059,547
ar_R29_M5341_S1_1,metacontig,72,497,425
ar_R29_M17879_S1_1,metacontig,636,1099,463
ar_R29_M22230_S1_1,metacontig,5,271,266
ro_R29_M152_S1_18,metacontig,280,752,472
ro_R29_M153_S1_6,metacontig,286,607,321
MT317155_1,metacontig,154,592,438
ro_R29_M246_S1_22,metacontig,277,776,499
mm_R29_M66_S1_1,metacontig,73,385,312
ar_R29_M42019_S1_4,metacontig,665,1135,470
fu_R29_M6017_S1_2,metacontig,1,296,295
fu_R29_M1355_S1_14,metacontig,301,821,520
ar_R29_M22564_S1_2,metacontig,13,364,351
st_R29_M4957_S1_2,metacontig,444,944,500
mm_R29_M4395_S1_11,metacontig,200,596,396
mm_R29_M2714_S1_8,metacontig,189,543,354
st_R29_M208752_S1_2,metacontig,224,444,220
st_R29_M176738_S1_1,metacontig,15,268,253
ar_R29_M15917_S1_1,metacontig,3,296,293
ar_R29_M42517_S1_1,metacontig,13,429,416
ch_R29_M30_S1_2,metacontig,20,269,249
fu_R29_M3004_S1_1,metacontig,18,488,470
ar_R29_M15684_S1_2,metacontig,795,1105,310
mm_R29_M4620_S1_1,metacontig,135,539,404
ar_R29_M22696_S1_6,metacontig,271,749,478
ch_R29_M230_S1_27,metacontig,328,810,482
sp_R29_M22_S1_6,metacontig,197,593,396
st_R29_M381349_S1_2,metacontig,80,344,264
fu_R29_M907_S25_4,metacontig,235,655,420
st_R29_M273923_S1_9,metacontig,230,635,405
fi_R29_M1067_S1_3,metacontig,2,293,291
LC389092_1,metacontig,457,906,449
st_R29_M100248_S1_1,metacontig,3,295,292
fu_R29_M3922_S1_1,metacontig,219,536,317
ma_R29_M6301_S1_4,metacontig,393,800,407
NC_015127_1,metacontig,443,910,467
ro_R29_M21_S1_7,metacontig,221,485,264
st_R29_M108369_S1_1,metacontig,271,566,295
fi_R29_M1105_S1_10,metacontig,9,392,383
NC_011507_1,metacontig,359,766,407
ar_R29_M21785_S1_1,metacontig,20,347,327
fu_R29_M1851_S1_1,metacontig,10,215,205
st_R29_M312138_S1_2,metacontig,2,257,255
mm_R29_M2042_S1_13,metacontig,330,726,396
ch_R29_M115_S1_5,metacontig,316,797,481
mm_R29_M6425_S1_11,metacontig,238,643,405
ar_R29_M36018_S1_2,metacontig,19,264,245
st_R29_M77264_S1_2,metacontig,230,623,393
ar_R29_M39657_S1_1,metacontig,39,405,366
MN956531_4,metacontig,224,612,388
LC467965_3,metacontig,189,587,398
st_R29_M74725_S1_1,metacontig,1,222,221
sa_R29_M2711_S1_10,metacontig,269,598,329
ma_R29_M4615_S1_1,metacontig,123,540,417
ma_R29_M3057_S1_1,metacontig,87,499,412
fi_R29_M694_S1_1,metacontig,1,266,265
NC_013225_1,metacontig,442,927,485
st_R29_M34266_S1_7,metacontig,302,752,450
JF436871_4,metacontig,243,630,387
MT764194_1,metacontig,2386,2783,397
ma_R29_M4881_S1_1,metacontig,362,771,409
st_R29_M407833_S1_2,metacontig,4,248,244
sa_R29_M3259_S1_2,metacontig,359,801,442
st_R29_M6724_S1_2,metacontig,428,707,279
NC_040608_4,metacontig,230,660,430
fu_R29_M869_S1_1,metacontig,7,244,237
fu_R29_M3804_S1_5,metacontig,255,660,405
fu_R29_M3804_S2_23,metacontig,255,660,405
ma_R29_M4679_S1_1,metacontig,357,751,394
ma_R29_M6483_S1_2,metacontig,360,766,406
fi_R29_M15_S1_7,metacontig,152,616,464
st_R29_M226780_S1_2,metacontig,9,258,249
AP014904_2,metacontig,289,645,356
ma_R29_M2486_S1_2,metacontig,229,641,412
NC_014238_1,metacontig,432,911,479
st_R29_M92019_S1_11,metacontig,267,660,393
ma_R29_M1391_S1_2,metacontig,226,646,420
sp_R29_M674_S1_22,metacontig,345,847,502
sp_R29_M871_S1_2,metacontig,11,332,321
ma_R29_M6103_S1_2,metacontig,219,603,384
ma_R29_M2600_S1_1,metacontig,84,457,373
ma_R29_M5833_S1_1,metacontig,5,319,314
ar_R29_M30545_S1_1,metacontig,207,543,336
ro_R29_M60_S1_1,metacontig,82,381,299
ma_R29_M2503_S1_2,metacontig,247,649,402
st_R29_M292510_S1_3,metacontig,527,826,299
ma_R29_M5105_S1_2,metacontig,185,573,388
mm_R29_M3542_S1_2,metacontig,144,545,401
sp_R29_M509_S1_13,metacontig,617,993,376
st_R29_M426859_S1_2,metacontig,3,312,309
ar_R29_M21980_S1_2,metacontig,191,428,237
st_R29_M236201_S1_2,metacontig,1,274,273
st_R29_M188781_S1_1,metacontig,3,220,217
st_R29_M166784_S1_1,metacontig,33,272,239
ma_R29_M3606_S1_3,metacontig,236,563,327
ar_R29_M4274_S1_5,metacontig,87,271,184
ar_R29_M41378_S1_3,metacontig,16,172,156
ma_R29_M1594_S1_1,metacontig,4,321,317
mm_R29_M2821_S1_9,metacontig,283,610,327
mm_R29_M5740_S1_2,metacontig,67,331,264
fu_R29_M2698_S1_1,metacontig,23,365,342
st_R29_M37820_S1_3,metacontig,6,270,264
NC_012535_1,metacontig,634,1024,390
ar_R29_M16177_S1_2,metacontig,5,339,334
ar_R29_M40817_S1_2,metacontig,20,269,249
st_R29_M237378_S1_6,metacontig,334,596,262
mm_R29_M3618_S1_2,metacontig,14,242,228
NC_014511_1,metacontig,359,763,404
NC_015878_1,metacontig,454,902,448
ar_R29_M12840_S1_1,metacontig,139,487,348
ar_R29_M19285_S1_1,metacontig,55,246,191
ma_R29_M2162_S1_2,metacontig,388,814,426
fu_R29_M2546_S8_1,metacontig,4,315,311
mm_R29_M5793_S70_1,metacontig,2,248,246
ro_R29_M314_S1_1,metacontig,2,234,232
fi_R29_M67_S1_3,metacontig,473,920,447
mm_R29_M3267_S1_2,metacontig,29,244,215
ar_R29_M24954_S1_2,metacontig,215,641,426
sa_R29_M74_S1_2,metacontig,360,763,403
ma_R29_M5275_S1_1,metacontig,2,363,361
ch_R29_M269_S1_21,metacontig,335,710,375
ar_R29_M3650_S1_5,metacontig,318,583,265
fi_R29_M686_S1_2,metacontig,464,913,449
st_R29_M236203_S1_3,metacontig,3,225,222
ma_R29_M3762_S7_1,metacontig,13,365,352
st_R29_M120823_S1_2,metacontig,411,627,216
sa_R29_M1930_S1_2,metacontig,9,400,391
sp_R29_M589_S1_1,metacontig,13,222,209
mm_R29_M4425_S1_4,metacontig,17,273,256
ma_R29_M100_S1_1,metacontig,411,849,438
ro_R29_M255_S1_1,metacontig,1,194,193
ex_R29_M57_S1_3,metacontig,11,196,185
ar_R29_M3650_S4_3,metacontig,53,261,208
ch_R29_M2_S1_1,metacontig,14,284,270
ar_R29_M7069_S1368_1,metacontig,19,255,236
fu_R29_M5138_S1_1,metacontig,35,153,118
ar_R29_M2554_S7_1,metacontig,106,216,110
NC_007548_1,metacontig,400,818,418
st_R29_M58299_S1_1,metacontig,140,348,208
MN803435_11,metacontig,433,813,380
st_R29_M153302_S1_3,metacontig,518,771,253
MN803437_5,metacontig,436,819,383
st_R29_M77262_S1_1,metacontig,65,343,278
ro_R29_M111_S1_3,metacontig,189,422,233
fi_R29_M950_S11_1,metacontig,456,904,448
st_R29_M153315_S1_1,metacontig,119,328,209
sp_R29_M674_S2_6,metacontig,30,381,351
st_R29_M40092_S1_1,metacontig,8,212,204
fi_R29_M950_S7_2,metacontig,467,915,448
ar_R29_M4163_S1_1,metacontig,16,364,348
ar_R29_M16059_S1_1,metacontig,604,1028,424
st_R29_M40680_S1_1,metacontig,565,936,371
ex_R29_M214_S1_1,metacontig,13,259,246
ar_R29_M28647_S1_1,metacontig,12,223,211
NC_040357_4,metacontig,558,960,402
st_R29_M129315_S1_2,metacontig,11,207,196
al_R29_M62_S1_5,metacontig,421,945,524
st_R29_M362464_S1_5,metacontig,2,240,238
LC521324_8,metacontig,253,648,395
ar_R29_M7482_S1_2,metacontig,549,933,384
st_R29_M439450_S1_1,metacontig,6,194,188
ma_R29_M963_S1_1,metacontig,19,259,240
ma_R29_M4501_S1_1,metacontig,150,383,233
ma_R29_M1622_S1_1,metacontig,15,275,260
ar_R29_M7112_S1_1,metacontig,5,157,152
ch_R29_M353_S1_2,metacontig,15,173,158
fi_R29_M900_S1_3,metacontig,41,433,392
ch_R29_M4_S1_3,metacontig,1,137,136
st_R29_M359608_S1_1,metacontig,1,156,155
sp_R29_M335_S1_2,metacontig,5,236,231
ar_R29_M2283_S1_8,metacontig,4,176,172
fu_R29_M2518_S3_2,metacontig,21,132,111
ar_R29_M42517_S2_1,metacontig,177,407,230
fi_R29_M686_S3_1,metacontig,29,252,223
ma_R29_M2083_S1_2,metacontig,178,430,252
fu_R29_M2172_S1_2,metacontig,171,344,173
NC_007736_1,metacontig,492,895,403
mm_R29_M2925_S1_1,metacontig,46,220,174
ar_R29_M38727_S1_1,metacontig,468,877,409
ar_R29_M7069_S1402_6,metacontig,27,171,144
ar_R29_M22463_S1_1,metacontig,595,969,374
st_R29_M407834_S1_2,metacontig,328,484,156
st_R29_M238694_S1_2,metacontig,11,187,176
ar_R29_M12112_S1_2,metacontig,5,309,304
ar_R29_M9521_S1_1,metacontig,448,957,509
ar_R29_M19260_S1_2,metacontig,598,972,374
ar_R29_M36855_S1_3,metacontig,9,140,131
mm_R29_M1023_S1_9,metacontig,397,570,173
st_R29_M409746_S1_1,metacontig,527,890,363
mm_R29_M3136_S1_1,metacontig,2,125,123
st_R29_M143056_S1_2,metacontig,139,653,514
ar_R29_M9093_S1_2,metacontig,101,460,359
ar_R29_M10712_S1_1,metacontig,481,839,358
fu_R29_M2091_S4_2,metacontig,303,460,157
ch_R29_M296_S1_7,metacontig,23,125,102
al_R29_M737_S1_2,metacontig,114,266,152
ar_R29_M25393_S1_1,metacontig,526,886,360
ar_R29_M25388_S2_1,metacontig,55,129,74
st_R29_M87029_S1_2,metacontig,458,836,378
ar_R29_M25300_S1_2,metacontig,447,783,336
ma_R29_M5954_S1_1,metacontig,439,871,432
ar_R29_M21433_S1_2,metacontig,442,841,399
fu_R29_M69_S1_2,metacontig,298,442,144
NC_004210_1,metacontig,438,872,434
al_R29_M381_S1_3,metacontig,2,106,104
ar_R29_M33652_S1_2,metacontig,444,791,347
ar_R29_M304_S1_2,metacontig,459,805,346
NC_016874_2,metacontig,444,778,334
st_R29_M294704_S1_4,metacontig,450,830,380
ar_R29_M2340_S1_38,metacontig,459,823,364
ar_R29_M2340_S2_2,metacontig,459,823,364
ar_R29_M24158_S1_2,metacontig,467,803,336
mm_R29_M4090_S1_11,metacontig,8,103,95
ar_R29_M23069_S1_3,metacontig,421,841,420
mm_R29_M7196_S2_5,metacontig,47,161,114
mm_R29_M7196_S4_4,metacontig,47,161,114
mm_R29_M7196_S1_7,metacontig,47,161,114
mm_R29_M4729_S1_3,metacontig,7,90,83
mm_R29_M5619_S1_2,metacontig,11,250,239
ar_R29_M21489_S1_1,metacontig,618,990,372
ar_R29_M1997_S2_1,metacontig,33,361,328
ar_R29_M40623_S1_2,metacontig,240,388,148
NC_007559_2,metacontig,540,887,347
ar_R29_M2790_S1_1,metacontig,507,915,408
ar_R29_M7069_S1115_1,metacontig,6,400,394
ar_R29_M28281_S1_2,metacontig,472,781,309
ar_R29_M29656_S1_3,metacontig,1,153,152
ar_R29_M24269_S1_3,metacontig,282,400,118
ar_R29_M36373_S1_2,metacontig,443,865,422
fu_R29_M758_S106_1,metacontig,121,274,153
st_R29_M401599_S1_2,metacontig,431,859,428
ar_R29_M22427_S1_2,metacontig,465,902,437
ar_R29_M14084_S1_2,metacontig,56,181,125
ar_R29_M13051_S1_2,metacontig,376,730,354
st_R29_M58290_S1_2,metacontig,348,474,126
ar_R29_M22561_S1_1,metacontig,531,861,330
NC_014600_2,metacontig,423,785,362
ar_R29_M3897_S1_5,metacontig,451,872,421
st_R29_M373346_S1_3,metacontig,456,823,367
st_R29_M319345_S1_3,metacontig,48,130,82
ar_R29_M23373_S1_2,metacontig,215,471,256
ar_R29_M25097_S1_1,metacontig,507,908,401
sa_R29_M1213_S1_1,metacontig,133,294,161
ar_R29_M28978_S1_1,metacontig,572,967,395
fi_R29_M1853_S1_1,metacontig,436,528,92
fu_R29_M4530_S1_2,metacontig,277,359,82
ar_R29_M32584_S1_1,metacontig,48,345,297
st_R29_M39805_S1_5,metacontig,5,65,60
mm_R29_M7873_S1_1,metacontig,30,174,144
st_R29_M442460_S1_1,metacontig,5,65,60
mm_R29_M6542_S1_2,metacontig,90,246,156
ar_R29_M14723_S1_1,metacontig,462,755,293
mm_R29_M6542_S2_4,metacontig,4,150,146
ar_R29_M21457_S1_1,metacontig,105,246,141
ar_R29_M2852_S1_2,metacontig,15,226,211
ar_R29_M37871_S1_2,metacontig,57,134,77
ar_R29_M17228_S1_10,metacontig,14,111,97
ar_R29_M35150_S1_2,metacontig,146,288,142
sp_R29_M871_S3_1,metacontig,81,177,96
ar_R29_M34021_S1_1,metacontig,56,216,160
mm_R29_M1732_S2_1,metacontig,77,119,42
ar_R29_M40638_S1_1,metacontig,5,111,106
ch_R29_M191_S1_4,metacontig,8,83,75
ar_R29_M9507_S1_1,metacontig,10,87,77
ar_R29_M38866_S1_2,metacontig,504,629,125
ar_R29_M36620_S1_3,metacontig,57,109,52
st_R29_M276988_S1_3,metacontig,8,77,69
ar_R29_M7069_S1043_6,metacontig,390,488,98
ar_R29_M17353_S1_1,metacontig,13,115,102
st_R29_M69630_S1_1,metacontig,9,88,79
ar_R29_M36504_S1_3,metacontig,439,516,77
ar_R29_M17718_S1_1,metacontig,145,377,232
ar_R29_M32490_S1_1,metacontig,517,629,112
NC_045512_2,metacontig,610,765,155
st_R29_M208709_S1_2,metacontig,5,90,85
ar_R29_M7069_S1359_7,metacontig,35,526,491
ar_R29_M13236_S1_7,metacontig,229,705,476
fu_R29_M907_S28_9,metacontig,510,980,470
st_R29_M190643_S1_9,metacontig,334,790,456
st_R29_M140835_S1_1,metacontig,445,901,456
ar_R29_M33135_S1_15,metacontig,191,643,452
ch_R29_M125_S1_7,metacontig,405,834,429
ch_R29_M177_S1_22,metacontig,343,772,429
ch_R29_M348_S1_4,metacontig,237,666,429
ch_R29_M97_S1_6,metacontig,220,644,424
NC_005883_7,metacontig,390,813,423
ch_R29_M249_S1_18,metacontig,240,661,421
st_R29_M190653_S1_9,metacontig,159,578,419
ch_R29_M291_S1_20,metacontig,316,730,414
fu_R29_M1392_S1_3,metacontig,41,436,395
ar_R29_M21259_S1_3,metacontig,25,414,389
st_R29_M238680_S1_8,metacontig,218,607,389
ch_R29_M220_S1_4,metacontig,304,691,387
ar_R29_M11727_S1_14,metacontig,248,627,379
al_R29_M627_S3_6,metacontig,22,394,372
st_R29_M8355_S1_2,metacontig,6,377,371
ar_R29_M15586_S1_5,metacontig,235,604,369
al_R29_M627_S1_17,metacontig,83,444,361
fu_R29_M4548_S2_8,metacontig,19,357,338
ar_R29_M16469_S1_16,metacontig,306,640,334
am_R29_M410_S1_2,metacontig,234,567,333
ar_R29_M8230_S1_1,metacontig,32,335,303
ch_R29_M322_S1_1,metacontig,3,304,301
ar_R29_M16090_S1_2,metacontig,103,388,285
ma_R29_M3762_S5_2,metacontig,3,259,256
ar_R29_M7069_S1106_1,metacontig,735,963,228
fu_R29_M3611_S1_9,metacontig,49,274,225
ar_R29_M41854_S1_2,metacontig,347,538,191
fu_R29_M4028_S1_1,metacontig,21,195,174
ar_R29_M15481_S1_9,metacontig,37,203,166
ar_R29_M188_S1_5,metacontig,38,195,157
ar_R29_M41387_S1_7,metacontig,38,195,157
ar_R29_M41387_S2_7,metacontig,47,204,157
ma_R29_M4020_S2_1,metacontig,14,169,155
ar_R29_M33706_S1_2,metacontig,11,166,155
ar_R29_M12860_S1_3,metacontig,21,173,152
fu_R29_M4251_S7_4,metacontig,12,157,145
fu_R29_M2630_S1_1,metacontig,2,142,140
ar_R29_M10712_S2_2,metacontig,12,151,139
fu_R29_M1536_S1_5,metacontig,44,173,129
fu_R29_M4790_S1_4,metacontig,25,150,125
ar_R29_M6398_S1_5,metacontig,13,134,121
fi_R29_M950_S25_1,metacontig,32,149,117
fi_R29_M950_S2_20,metacontig,32,149,117
fu_R29_M1591_S5_5,metacontig,6,118,112
ar_R29_M30812_S1_13,metacontig,30,142,112
fu_R29_M1872_S2_1,metacontig,8,117,109
st_R29_M424636_S1_1,metacontig,1,101,100
mm_R29_M6038_S1_1,metacontig,1,101,100
ar_R29_M20024_S1_2,metacontig,6,99,93
st_R29_M424638_S1_1,metacontig,6,96,90
ar_R29_M31219_S1_2,metacontig,2,89,87
st_R29_M30424_S1_4,metacontig,68,153,85
fi_R29_M453_S1_1,metacontig,9,93,84
fu_R29_M4254_S1_1,metacontig,9,92,83
ch_R29_M54_S1_5,metacontig,18,97,79
ar_R29_M7069_S926_5,metacontig,39,113,74
st_R29_M161964_S1_1,metacontig,14,88,74
ar_R29_M7069_S990_2,metacontig,73,146,73
st_R29_M190656_S1_6,metacontig,27,94,67
ma_R29_M3630_S2_1,metacontig,21,85,64
ar_R29_M26200_S1_9,metacontig,10,74,64
st_R29_M311356_S1_5,metacontig,17,80,63
fu_R29_M758_S90_1,metacontig,9,70,61
ar_R29_M37863_S1_3,metacontig,66,121,55
mm_R29_M6152_S2_36,metacontig,22,65,43
ar_R29_M22044_S1_8,metacontig,16,56,40
ch_R29_M255_S1_3,metacontig,74,114,40
mm_R29_M2042_S3_8,metacontig,38,72,34
st_R29_M141004_S1_1,metacontig,87,116,29
st_R29_M82352_S1_4,metacontig,7,33,26
st_R29_M204653_S1_2,metacontig,33,52,19
ma_R29_M4698_S10_18,metacontig,390,1018,628
AB195967_8,metacontig,390,1018,628
MH892403_8,metacontig,404,1031,627
ma_R29_M4698_S5_11,metacontig,390,1018,628
KT120023_9,metacontig,390,1018,628
MK037467_7,metacontig,388,1024,636
KY629928_7,metacontig,388,1024,636
MH396493_7,metacontig,396,1024,628
MT180123_9,metacontig,391,1019,628
MH552577_10,metacontig,421,1051,630
MN632672_10,metacontig,410,1045,635
MH430945_7,metacontig,431,1067,636
MN632670_10,metacontig,410,1045,635
LC420351_16,metacontig,400,1035,635
MH144178_17,metacontig,400,1035,635
MW090971_18,metacontig,400,1035,635
MN306039_9,metacontig,413,1045,632
EU277658_10,metacontig,446,1075,629
MN632658_9,metacontig,409,1044,635
KM816619_11,metacontig,425,1061,636
MH411104_8,metacontig,394,1022,628
MH357343_10,metacontig,423,1051,628
MT756864_10,metacontig,403,1031,628
NC_005084_9,metacontig,394,1022,628
KM089831_11,metacontig,425,1061,636
MK686066_13,metacontig,425,1061,636
sa_R29_M1456_S1_15,metacontig,393,1022,629
KY745892_8,metacontig,404,1032,628
MH430941_7,metacontig,400,1036,636
sa_R29_M3306_S1_13,metacontig,393,1022,629
NC_025355_9,metacontig,397,1011,614
MN561699_9,metacontig,402,1015,613
KY370098_12,metacontig,393,1015,622
NC_043539_12,metacontig,389,1004,615
NC_030871_2,metacontig,439,1074,635
NC_005339_7,metacontig,389,1024,635
MT085491_10,metacontig,392,1005,613
NC_043540_8,metacontig,393,1022,629
NC_017937_7,metacontig,385,1022,637
NC_007454_11,metacontig,396,1035,639
MG516455_15,metacontig,399,1031,632
MG203878_9,metacontig,375,1005,630
NC_002251_9,metacontig,356,954,598
ma_R29_M4532_S1_8,metacontig,397,1014,617
LC431581_8,metacontig,388,1010,622
NC_025360_9,metacontig,394,1023,629
ma_R29_M4952_S1_12,metacontig,390,1088,698
MG563820_7,metacontig,393,1045,652
MG203877_11,metacontig,385,1018,633
MH900516_7,metacontig,399,1027,628
NC_002199_7,metacontig,411,1109,698
MK182089_7,metacontig,400,1052,652
ar_R29_M25230_S1_6,metacontig,348,941,593
MH900517_9,metacontig,400,1027,627
ar_R29_M11250_S1_4,metacontig,372,924,552
NC_039196_7,metacontig,393,1045,652
NC_025352_9,metacontig,410,1092,682
ar_R29_M13160_S3_3,metacontig,328,920,592
ar_R29_M41907_S1_2,metacontig,372,926,554
ar_R29_M13160_S1_6,metacontig,328,920,592
MF943130_7,metacontig,386,1027,641
NC_028482_1,metacontig,367,922,555
ar_R29_M17512_S1_3,metacontig,371,924,553
MH188031_1,metacontig,364,920,556
MG203876_12,metacontig,10,602,592
ar_R29_M8147_S1_7,metacontig,338,931,593
NC_028265_1,metacontig,363,918,555
ar_R29_M23966_S1_1,metacontig,21,572,551
MW579602_8,metacontig,394,1045,651
MH188036_1,metacontig,362,918,556
mm_R29_M6067_S1_7,metacontig,254,821,567
ar_R29_M12865_S1_7,metacontig,329,922,593
NC_030204_2,metacontig,364,918,554
KY884303_8,metacontig,359,953,594
MF360789_3,metacontig,387,944,557
ar_R29_M41672_S1_1,metacontig,182,736,554
ar_R29_M25193_S1_1,metacontig,248,800,552
ar_R29_M17528_S1_18,metacontig,385,982,597
ma_R29_M286_S1_2,metacontig,329,1014,685
st_R29_M264727_S1_4,metacontig,356,951,595
st_R29_M167183_S1_1,metacontig,363,964,601
ar_R29_M43438_S1_1,metacontig,370,922,552
JN808863_7,metacontig,443,1130,687
NC_011532_8,metacontig,376,973,597
KY965147_6,metacontig,365,964,599
NC_034551_7,metacontig,374,975,601
NC_025386_9,metacontig,387,1046,659
ar_R29_M7069_S731_1,metacontig,390,943,553
fi_R29_M1304_S1_7,metacontig,400,1028,628
NC_025373_7,metacontig,402,998,596
ar_R29_M4078_S1_1,metacontig,144,701,557
ar_R29_M22275_S1_5,metacontig,379,964,585
ar_R29_M29400_S1_1,metacontig,267,853,586
ar_R29_M21724_S1_10,metacontig,328,921,593
MN062017_8,metacontig,399,1084,685
ar_R29_M38752_S1_6,metacontig,333,924,591
st_R29_M313964_S1_8,metacontig,343,946,603
NC_007642_7,metacontig,382,979,597
ar_R29_M21983_S1_1,metacontig,377,926,549
ar_R29_M21692_S1_2,metacontig,66,667,601
ar_R29_M21821_S1_2,metacontig,412,964,552
MH717815_8,metacontig,357,955,598
NC_028243_1,metacontig,365,918,553
NC_015374_1,metacontig,764,1405,641
ar_R29_M17481_S1_1,metacontig,379,980,601
ma_R29_M1605_S1_2,metacontig,396,1052,656
NC_014397_2,metacontig,762,1407,645
NC_028237_8,metacontig,362,963,601
NC_025256_13,metacontig,409,1105,696
st_R29_M298543_S1_10,metacontig,363,967,604
mm_R29_M2232_S1_5,metacontig,349,934,585
st_R29_M236512_S1_11,metacontig,355,965,610
ar_R29_M16645_S1_1,metacontig,334,882,548
MH129616_7,metacontig,354,957,603
fi_R29_M1917_S1_8,metacontig,399,1028,629
ar_R29_M42514_S1_4,metacontig,335,923,588
ar_R29_M34697_S1_3,metacontig,373,925,552
NC_040786_6,metacontig,371,972,601
ar_R29_M33980_S1_10,metacontig,373,972,599
ar_R29_M33414_S1_4,metacontig,411,965,554
NC_006051_4,metacontig,429,1029,600
EU403085_8,metacontig,406,1002,596
MK683460_1,metacontig,393,945,552
MW039593_9,metacontig,354,960,606
MH129615_8,metacontig,382,986,604
ar_R29_M25578_S1_1,metacontig,81,634,553
MN872813_6,metacontig,381,988,607
NC_015451_1,metacontig,757,1400,643
ar_R29_M2578_S2_1,metacontig,373,928,555
st_R29_M49381_S1_13,metacontig,345,952,607
ar_R29_M3205_S1_6,metacontig,390,989,599
ar_R29_M42650_S1_4,metacontig,400,952,552
ar_R29_M40807_S1_1,metacontig,384,944,560
NC_028259_3,metacontig,371,924,553
mm_R29_M4259_S1_5,metacontig,373,954,581
ar_R29_M17874_S1_2,metacontig,369,924,555
fu_R29_M5114_S1_1,metacontig,369,924,555
ar_R29_M7996_S1_12,metacontig,401,1001,600
MH898500_8,metacontig,358,959,601
ar_R29_M27872_S1_2,metacontig,393,945,552
mm_R29_M1869_S1_1,metacontig,377,991,614
st_R29_M39362_S1_4,metacontig,407,1011,604
st_R29_M85722_S3_6,metacontig,384,986,602
NC_028244_8,metacontig,355,953,598
fu_R29_M1893_S1_1,metacontig,416,1019,603
NC_018381_6,metacontig,384,986,602
ar_R29_M38238_S1_3,metacontig,377,937,560
ar_R29_M139_S1_6,metacontig,365,954,589
MK240091_6,metacontig,389,993,604
st_R29_M167209_S1_6,metacontig,357,960,603
ar_R29_M34026_S1_1,metacontig,374,928,554
st_R29_M105515_S1_5,metacontig,384,986,602
st_R29_M373241_S1_7,metacontig,394,989,595
ar_R29_M36403_S1_1,metacontig,118,672,554
ar_R29_M42639_S1_5,metacontig,375,962,587
ar_R29_M11376_S1_4,metacontig,146,701,555
MK677433_7,metacontig,400,1022,622
ar_R29_M15986_S1_1,metacontig,413,966,553
ar_R29_M17034_S5_6,metacontig,372,921,549
ar_R29_M21305_S1_9,metacontig,358,945,587
ar_R29_M21305_S2_3,metacontig,358,945,587
ar_R29_M34026_S2_2,metacontig,375,929,554
ar_R29_M38936_S1_3,metacontig,381,968,587
NC_028264_1,metacontig,366,931,565
st_R29_M318308_S1_2,metacontig,362,963,601
ar_R29_M17034_S1_8,metacontig,372,921,549
ar_R29_M9376_S1_1,metacontig,376,928,552
NC_028261_1,metacontig,358,923,565
mm_R29_M3867_S1_2,metacontig,372,959,587
MK257717_7,metacontig,361,965,604
fu_R29_M4950_S1_1,metacontig,368,924,556
st_R29_M165658_S1_3,metacontig,364,964,600
st_R29_M85722_S11_2,metacontig,184,736,552
ar_R29_M21917_S1_13,metacontig,358,945,587
NC_006428_9,metacontig,396,1029,633
MF975531_14,metacontig,368,966,598
st_R29_M85722_S8_1,metacontig,384,986,602
ar_R29_M39580_S1_8,metacontig,439,985,546
NC_028260_2,metacontig,369,923,554
ar_R29_M33819_S1_6,metacontig,372,959,587
ar_R29_M7069_S567_7,metacontig,346,939,593
ar_R29_M4516_S1_1,metacontig,81,632,551
st_R29_M52813_S1_2,metacontig,21,621,600
mm_R29_M7096_S7_1,metacontig,394,992,598
ar_R29_M7069_S24_22,metacontig,346,939,593
MH972568_7,metacontig,394,1019,625
st_R29_M234975_S1_1,metacontig,371,969,598
st_R29_M216654_S1_8,metacontig,357,961,604
ar_R29_M10791_S1_7,metacontig,354,935,581
ar_R29_M19379_S1_7,metacontig,389,987,598
ar_R29_M7069_S362_9,metacontig,381,969,588
ar_R29_M7069_S10_24,metacontig,346,939,593
NC_006314_5,metacontig,500,1113,613
ar_R29_M7069_S45_6,metacontig,346,939,593
ar_R29_M41498_S1_3,metacontig,366,979,613
mm_R29_M7096_S6_4,metacontig,394,992,598
ar_R29_M10710_S1_2,metacontig,82,668,586
fu_R29_M3267_S1_7,metacontig,347,932,585
MN599998_2,metacontig,366,918,552
ar_R29_M39497_S1_3,metacontig,391,987,596
fu_R29_M578_S1_1,metacontig,120,720,600
ar_R29_M5499_S1_6,metacontig,397,989,592
mm_R29_M2552_S1_18,metacontig,384,985,601
mm_R29_M2916_S1_7,metacontig,368,945,577
mm_R29_M2494_S1_7,metacontig,393,1019,626
ar_R29_M12387_S1_6,metacontig,381,970,589
fu_R29_M870_S1_3,metacontig,452,1028,576
ar_R29_M7069_S27_9,metacontig,381,969,588
MN567480_9,metacontig,370,954,584
ar_R29_M37405_S1_1,metacontig,423,985,562
ar_R29_M16024_S1_2,metacontig,373,955,582
ar_R29_M9899_S1_5,metacontig,413,1011,598
am_R29_M281_S1_7,metacontig,459,1120,661
ar_R29_M39407_S1_1,metacontig,290,882,592
MT482464_5,metacontig,405,1006,601
NC_025407_8,metacontig,400,1030,630
NC_030451_6,metacontig,386,979,593
ar_R29_M40796_S1_1,metacontig,109,715,606
MF114348_7,metacontig,386,986,600
ar_R29_M13562_S1_6,metacontig,348,932,584
ar_R29_M6368_S1_13,metacontig,389,981,592
NC_015412_1,metacontig,772,1401,629
ar_R29_M30238_S1_7,metacontig,346,936,590
ar_R29_M23865_S1_11,metacontig,354,947,593
mm_R29_M4671_S1_4,metacontig,351,934,583
MT181988_28,metacontig,387,978,591
mm_R29_M2353_S1_1,metacontig,242,820,578
ar_R29_M6937_S1_3,metacontig,2,492,490
MH267691_8,metacontig,386,987,601
mm_R29_M7832_S1_10,metacontig,369,934,565
AY618417_9,metacontig,413,1027,614
ar_R29_M8702_S1_12,metacontig,382,983,601
mm_R29_M827_S1_6,metacontig,378,982,604
NC_039195_8,metacontig,407,1029,622
st_R29_M185893_S1_6,metacontig,366,968,602
MT302542_6,metacontig,429,1031,602
MH282832_6,metacontig,392,994,602
ar_R29_M18499_S1_5,metacontig,371,967,596
MT302544_6,metacontig,385,987,602
ar_R29_M15111_S1_5,metacontig,385,976,591
st_R29_M420036_S1_3,metacontig,373,981,608
ar_R29_M28042_S1_15,metacontig,41,624,583
st_R29_M56268_S1_4,metacontig,391,998,607
ar_R29_M23850_S1_5,metacontig,419,977,558
ar_R29_M32967_S1_6,metacontig,333,926,593
mm_R29_M4072_S1_1,metacontig,167,750,583
st_R29_M18124_S1_4,metacontig,369,963,594
st_R29_M86877_S1_1,metacontig,130,754,624
ar_R29_M37929_S2_4,metacontig,376,923,547
ar_R29_M37929_S1_4,metacontig,376,923,547
ar_R29_M3655_S1_7,metacontig,341,933,592
st_R29_M238344_S1_1,metacontig,263,865,602
ar_R29_M37538_S1_7,metacontig,349,931,582
ar_R29_M23850_S2_1,metacontig,343,901,558
ma_R29_M2968_S2_6,metacontig,394,1019,625
st_R29_M37647_S1_10,metacontig,363,971,608
ar_R29_M42484_S1_8,metacontig,376,988,612
NC_028263_6,metacontig,367,912,545
st_R29_M25852_S1_1,metacontig,211,749,538
MH477287_5,metacontig,359,920,561
ar_R29_M17034_S9_3,metacontig,23,520,497
mm_R29_M4490_S1_5,metacontig,387,970,583
fu_R29_M3712_S1_2,metacontig,138,762,624
st_R29_M317853_S1_7,metacontig,375,976,601
ar_R29_M26030_S1_14,metacontig,431,989,558
JQ743324_7,metacontig,394,1019,625
ar_R29_M5290_S1_1,metacontig,359,935,576
ar_R29_M37561_S1_2,metacontig,94,680,586
ar_R29_M7069_S59_8,metacontig,379,992,613
NC_025253_5,metacontig,429,1021,592
ar_R29_M33005_S1_2,metacontig,366,953,587
ar_R29_M3377_S1_7,metacontig,359,953,594
MH844489_9,metacontig,398,1023,625
MF360791_11,metacontig,378,975,597
ar_R29_M3876_S1_7,metacontig,363,915,552
LC168750_6,metacontig,400,1045,645
ar_R29_M29394_S1_1,metacontig,309,905,596
ar_R29_M2550_S1_5,metacontig,358,956,598
LC187308_12,metacontig,434,1053,619
ar_R29_M34031_S1_1,metacontig,93,686,593
MT952336_6,metacontig,353,949,596
ar_R29_M16304_S1_2,metacontig,184,766,582
ar_R29_M36483_S1_1,metacontig,380,931,551
ar_R29_M24712_S1_2,metacontig,29,614,585
ar_R29_M20468_S1_6,metacontig,371,968,597
MN689395_6,metacontig,378,982,604
ar_R29_M21744_S1_6,metacontig,413,989,576
ar_R29_M1564_S1_2,metacontig,84,569,485
ar_R29_M28325_S1_1,metacontig,350,938,588
ar_R29_M43776_S1_1,metacontig,387,987,600
ar_R29_M23319_S1_2,metacontig,372,924,552
ar_R29_M2304_S1_5,metacontig,382,976,594
ar_R29_M953_S1_8,metacontig,423,1025,602
NC_003746_10,metacontig,394,988,594
ar_R29_M16196_S3_2,metacontig,382,985,603
ar_R29_M16196_S1_13,metacontig,382,985,603
ar_R29_M2479_S2_10,metacontig,195,756,561
ar_R29_M30461_S1_8,metacontig,382,993,611
MK593539_8,metacontig,394,1019,625
st_R29_M288916_S1_1,metacontig,97,636,539
ar_R29_M37514_S1_7,metacontig,393,980,587
MN190034_2,metacontig,429,991,562
ar_R29_M12801_S1_4,metacontig,403,980,577
ar_R29_M30041_S1_15,metacontig,359,945,586
ar_R29_M30041_S2_12,metacontig,359,945,586
MT381995_6,metacontig,373,984,611
NC_034240_19,metacontig,375,979,604
ar_R29_M28682_S1_4,metacontig,381,942,561
ar_R29_M37060_S1_1,metacontig,292,884,592
ar_R29_M14230_S1_6,metacontig,367,954,587
ar_R29_M43551_S1_6,metacontig,356,918,562
mm_R29_M1239_S1_2,metacontig,377,981,604
ar_R29_M37375_S3_2,metacontig,420,982,562
ar_R29_M25248_S1_10,metacontig,362,951,589
KT071757_9,metacontig,409,1032,623
MT302547_6,metacontig,444,1042,598
NC_039015_7,metacontig,402,1030,628
st_R29_M82190_S1_3,metacontig,377,971,594
MF360790_12,metacontig,382,982,600
MH477288_5,metacontig,382,968,586
AB759118_9,metacontig,483,1102,619
st_R29_M208664_S1_1,metacontig,389,993,604
ar_R29_M37375_S1_6,metacontig,421,982,561
ar_R29_M23313_S1_1,metacontig,172,757,585
ar_R29_M7069_S31_9,metacontig,376,965,589
NC_025403_8,metacontig,402,1027,625
st_R29_M52812_S1_1,metacontig,421,1018,597
HM159994_6,metacontig,409,1030,621
NC_009640_8,metacontig,404,1017,613
MH844488_8,metacontig,415,1038,623
MK310205_9,metacontig,415,1010,595
st_R29_M407256_S1_1,metacontig,36,579,543
ar_R29_M4001_S1_6,metacontig,370,925,555
mm_R29_M7939_S1_4,metacontig,379,927,548
ar_R29_M37090_S1_11,metacontig,426,1028,602
ar_R29_M28368_S1_3,metacontig,395,948,553
st_R29_M151683_S1_6,metacontig,380,841,461
ar_R29_M40563_S1_10,metacontig,335,898,563
ar_R29_M13726_S2_1,metacontig,191,779,588
ar_R29_M37090_S3_9,metacontig,426,1028,602
ar_R29_M6502_S1_2,metacontig,411,973,562
ar_R29_M13726_S1_6,metacontig,352,940,588
NC_025347_8,metacontig,418,1039,621
st_R29_M195733_S1_2,metacontig,359,960,601
ar_R29_M28558_S1_11,metacontig,425,984,559
fu_R29_M2073_S1_2,metacontig,363,930,567
NC_019531_7,metacontig,407,1002,595
ar_R29_M32829_S1_7,metacontig,376,937,561
MH707450_6,metacontig,400,983,583
ar_R29_M32738_S1_8,metacontig,399,992,593
st_R29_M175632_S1_2,metacontig,359,958,599
ar_R29_M33244_S1_1,metacontig,367,961,594
NC_018629_5,metacontig,403,984,581
am_R29_M599_S1_8,metacontig,376,932,556
ar_R29_M27351_S1_11,metacontig,398,1000,602
ar_R29_M18516_S1_3,metacontig,441,1035,594
st_R29_M309485_S1_1,metacontig,372,922,550
st_R29_M200387_S2_1,metacontig,359,954,595
ar_R29_M11814_S1_9,metacontig,345,948,603
ar_R29_M3332_S23_1,metacontig,94,684,590
LC187306_7,metacontig,416,1037,621
st_R29_M153262_S1_8,metacontig,384,972,588
st_R29_M85552_S1_1,metacontig,381,972,591
ar_R29_M37010_S1_4,metacontig,421,976,555
MK211271_7,metacontig,358,967,609
ar_R29_M38912_S1_2,metacontig,754,1389,635
ar_R29_M27295_S1_13,metacontig,401,997,596
ar_R29_M24125_S1_6,metacontig,362,946,584
LC120625_5,metacontig,373,929,556
ar_R29_M33020_S1_1,metacontig,341,926,585
ar_R29_M3332_S22_1,metacontig,359,949,590
ar_R29_M33594_S1_1,metacontig,98,738,640
NC_025345_7,metacontig,416,953,537
ar_R29_M23279_S1_7,metacontig,394,995,601
ar_R29_M20030_S1_1,metacontig,395,946,551
MK211270_6,metacontig,356,966,610
st_R29_M8866_S1_5,metacontig,387,984,597
NC_012703_19,metacontig,355,924,569
ar_R29_M17824_S1_1,metacontig,372,965,593
MT062420_7,metacontig,413,1034,621
ar_R29_M7432_S1_1,metacontig,389,937,548
st_R29_M393456_S1_10,metacontig,364,966,602
st_R29_M448963_S1_5,metacontig,361,971,610
ar_R29_M8083_S1_5,metacontig,373,969,596
ar_R29_M26098_S1_14,metacontig,377,967,590
ar_R29_M37247_S1_2,metacontig,385,938,553
ar_R29_M26098_S2_10,metacontig,377,967,590
MK211272_7,metacontig,392,1002,610
ar_R29_M43620_S1_11,metacontig,363,975,612
ar_R29_M21820_S2_1,metacontig,318,867,549
KF155007_5,metacontig,428,1009,581
ar_R29_M7297_S8_4,metacontig,182,772,590
ar_R29_M7237_S1_4,metacontig,311,857,546
ar_R29_M10226_S1_8,metacontig,355,943,588
NC_028106_6,metacontig,369,925,556
st_R29_M15074_S1_1,metacontig,381,985,604
NC_012702_21,metacontig,360,921,561
ar_R29_M42555_S1_7,metacontig,405,995,590
ar_R29_M13701_S1_5,metacontig,340,901,561
MF536978_5,metacontig,359,949,590
ar_R29_M34821_S1_1,metacontig,4,504,500
ar_R29_M14318_S1_7,metacontig,103,698,595
ar_R29_M33032_S1_1,metacontig,395,996,601
st_R29_M386383_S1_4,metacontig,362,958,596
st_R29_M46902_S1_1,metacontig,284,862,578
ar_R29_M21820_S1_1,metacontig,114,663,549
MF594598_10,metacontig,386,996,610
NC_024376_26,metacontig,359,922,563
ar_R29_M30540_S1_5,metacontig,376,968,592
ar_R29_M20736_S1_9,metacontig,408,999,591
ar_R29_M27032_S1_1,metacontig,349,918,569
ar_R29_M19574_S1_7,metacontig,389,966,577
fi_R29_M800_S1_1,metacontig,801,1390,589
ar_R29_M33957_S1_7,metacontig,402,1003,601
NC_025350_8,metacontig,405,1033,628
ar_R29_M30000_S1_1,metacontig,181,725,544
NC_009489_8,metacontig,395,1019,624
st_R29_M17231_S1_12,metacontig,360,967,607
NC_025390_9,metacontig,387,996,609
ar_R29_M29752_S1_8,metacontig,332,898,566
ar_R29_M34994_S1_5,metacontig,384,978,594
st_R29_M125931_S1_1,metacontig,135,723,588
MH188002_3,metacontig,828,1442,614
st_R29_M442390_S1_4,metacontig,353,970,617
ar_R29_M26585_S1_7,metacontig,367,988,621
EU293117_6,metacontig,433,1014,581
st_R29_M375501_S1_3,metacontig,52,637,585
ar_R29_M24195_S1_8,metacontig,364,975,611
MK966418_6,metacontig,342,901,559
ar_R29_M35756_S1_12,metacontig,364,972,608
st_R29_M186637_S1_1,metacontig,182,773,591
ar_R29_M6136_S1_9,metacontig,419,981,562
NC_025343_9,metacontig,406,1033,627
st_R29_M175639_S1_1,metacontig,87,658,571
ar_R29_M39266_S3_10,metacontig,334,900,566
MH708896_7,metacontig,421,1044,623
KF155008_5,metacontig,425,1006,581
ar_R29_M898_S2_1,metacontig,110,698,588
ar_R29_M8322_S1_10,metacontig,436,1033,597
st_R29_M181169_S1_1,metacontig,267,836,569
st_R29_M311671_S1_7,metacontig,392,999,607
ar_R29_M23642_S1_2,metacontig,5,530,525
ar_R29_M12915_S1_14,metacontig,428,991,563
mm_R29_M2118_S1_5,metacontig,428,982,554
st_R29_M17239_S1_3,metacontig,75,682,607
ar_R29_M41546_S1_8,metacontig,394,949,555
KF155005_5,metacontig,423,1004,581
fu_R29_M2484_S1_10,metacontig,391,947,556
ar_R29_M29893_S1_1,metacontig,2,553,551
ar_R29_M34042_S1_1,metacontig,241,785,544
MH892405_7,metacontig,398,1025,627
ar_R29_M43481_S1_11,metacontig,454,1016,562
ar_R29_M26069_S1_7,metacontig,369,958,589
st_R29_M244338_S1_3,metacontig,243,842,599
ar_R29_M15694_S1_6,metacontig,468,1024,556
st_R29_M25787_S1_5,metacontig,366,970,604
st_R29_M244313_S1_6,metacontig,403,1002,599
st_R29_M405005_S1_1,metacontig,375,980,605
ar_R29_M27860_S1_2,metacontig,6,513,507
NC_018136_1,metacontig,758,1392,634
st_R29_M438264_S1_4,metacontig,341,958,617
ar_R29_M37880_S1_1,metacontig,403,1006,603
mm_R29_M6661_S1_6,metacontig,463,1017,554
st_R29_M185208_S1_1,metacontig,396,1032,636
st_R29_M292470_S1_1,metacontig,313,884,571
MK828539_7,metacontig,392,987,595
ar_R29_M39266_S2_6,metacontig,334,900,566
MF536979_6,metacontig,359,949,590
mm_R29_M2061_S1_1,metacontig,457,1061,604
ar_R29_M39266_S12_11,metacontig,282,848,566
ar_R29_M7069_S710_3,metacontig,365,920,555
ar_R29_M898_S1_6,metacontig,110,698,588
st_R29_M196352_S1_1,metacontig,379,945,566
ar_R29_M25535_S1_2,metacontig,412,991,579
NC_025410_9,metacontig,438,1058,620
st_R29_M17229_S1_1,metacontig,155,758,603
ar_R29_M17066_S1_2,metacontig,345,930,585
LC187310_10,metacontig,406,1028,622
ar_R29_M4989_S1_1,metacontig,136,704,568
fi_R29_M1475_S1_1,metacontig,10,499,489
st_R29_M441226_S1_5,metacontig,399,986,587
NC_006429_5,metacontig,425,1006,581
ar_R29_M38688_S1_6,metacontig,334,900,566
ar_R29_M37841_S1_1,metacontig,374,965,591
ar_R29_M28437_S1_10,metacontig,340,909,569
ar_R29_M39127_S1_1,metacontig,1,489,488
GU249596_7,metacontig,350,908,558
sa_R29_M1603_S2_2,metacontig,428,965,537
st_R29_M37646_S1_13,metacontig,442,1065,623
am_R29_M298_S1_8,metacontig,361,927,566
st_R29_M190605_S2_1,metacontig,70,618,548
sa_R29_M1603_S1_6,metacontig,428,965,537
ar_R29_M35795_S1_2,metacontig,361,824,463
st_R29_M174189_S1_1,metacontig,370,930,560
ar_R29_M3332_S18_3,metacontig,359,947,588
mm_R29_M7811_S1_6,metacontig,388,978,590
ar_R29_M29940_S1_1,metacontig,342,905,563
st_R29_M386371_S1_3,metacontig,377,971,594
NC_039197_7,metacontig,422,1044,622
st_R29_M264602_S1_5,metacontig,446,1077,631
st_R29_M260539_S1_1,metacontig,251,882,631
ar_R29_M23675_S1_5,metacontig,335,895,560
NC_030692_7,metacontig,350,907,557
ar_R29_M3688_S1_4,metacontig,376,959,583
ar_R29_M3332_S16_3,metacontig,68,656,588
st_R29_M289003_S1_20,metacontig,395,968,573
mm_R29_M4493_S1_1,metacontig,427,1001,574
JX901139_5,metacontig,417,996,579
ar_R29_M3332_S10_9,metacontig,48,636,588
KY366322_6,metacontig,403,1002,599
ar_R29_M29725_S1_1,metacontig,401,990,589
st_R29_M97398_S1_12,metacontig,397,1039,642
EU293118_5,metacontig,425,1006,581
ar_R29_M22472_S1_19,metacontig,444,1006,562
st_R29_M170308_S1_7,metacontig,401,1047,646
am_R29_M517_S1_5,metacontig,424,1004,580
NC_038271_8,metacontig,396,1025,629
ar_R29_M36496_S1_9,metacontig,382,985,603
HQ266602_9,metacontig,386,995,609
MT354565_9,metacontig,419,987,568
ar_R29_M8749_S1_7,metacontig,377,988,611
st_R29_M373252_S1_5,metacontig,352,941,589
ar_R29_M24792_S1_1,metacontig,288,752,464
st_R29_M396408_S1_8,metacontig,377,980,603
st_R29_M34184_S1_2,metacontig,366,962,596
BR001666_6,metacontig,443,1022,579
NC_039019_10,metacontig,427,1031,604
st_R29_M143101_S1_2,metacontig,1,551,550
st_R29_M172190_S1_2,metacontig,155,614,459
st_R29_M411424_S1_1,metacontig,382,941,559
ar_R29_M26238_S1_2,metacontig,264,821,557
ar_R29_M36686_S1_9,metacontig,414,960,546
ar_R29_M42206_S1_12,metacontig,333,900,567
ar_R29_M40890_S1_8,metacontig,454,1043,589
MK673141_10,metacontig,387,995,608
st_R29_M264610_S1_1,metacontig,452,1082,630
MK673140_11,metacontig,386,995,609
EU259198_5,metacontig,415,995,580
MG456905_9,metacontig,386,995,609
MG983927_5,metacontig,404,986,582
NC_006942_6,metacontig,401,990,589
ar_R29_M22435_S1_3,metacontig,412,999,587
st_R29_M198973_S1_2,metacontig,388,984,596
st_R29_M371427_S1_3,metacontig,30,601,571
ar_R29_M19262_S1_4,metacontig,339,907,568
MK253646_7,metacontig,386,995,609
ar_R29_M38912_S5_5,metacontig,443,984,541
fi_R29_M1547_S1_4,metacontig,378,931,553
KF483663_8,metacontig,415,1054,639
NC_004074_8,metacontig,437,1060,623
st_R29_M313664_S1_1,metacontig,369,1011,642
ar_R29_M20454_S1_1,metacontig,11,454,443
MN092363_5,metacontig,407,963,556
ar_R29_M3629_S1_6,metacontig,386,934,548
MK978147_10,metacontig,386,995,609
MT301961_10,metacontig,386,995,609
LC420150_9,metacontig,419,1048,629
MH190827_6,metacontig,372,929,557
ar_R29_M22818_S1_2,metacontig,33,641,608
mm_R29_M5443_S1_2,metacontig,45,501,456
MW342806_12,metacontig,387,995,608
MN727300_9,metacontig,386,995,609
st_R29_M298408_S1_6,metacontig,446,1077,631
fu_R29_M2366_S1_5,metacontig,366,970,604
st_R29_M101784_S1_2,metacontig,224,821,597
ar_R29_M7069_S1349_2,metacontig,99,668,569
ar_R29_M2032_S1_3,metacontig,38,557,519
MH715892_9,metacontig,386,995,609
JX119193_9,metacontig,386,995,609
ar_R29_M31553_S1_2,metacontig,345,866,521
st_R29_M10413_S1_1,metacontig,2,505,503
st_R29_M23141_S1_11,metacontig,379,974,595
ar_R29_M17497_S1_3,metacontig,422,996,574
MK495904_10,metacontig,386,995,609
MK944086_6,metacontig,464,1007,543
JX390609_8,metacontig,386,995,609
st_R29_M281461_S1_13,metacontig,491,1048,557
st_R29_M102567_S1_1,metacontig,373,937,564
mm_R29_M1646_S1_8,metacontig,433,989,556
fu_R29_M164_S1_1,metacontig,323,931,608
NC_025385_7,metacontig,447,1020,573
MN520414_7,metacontig,420,1015,595
MN632517_10,metacontig,386,995,609
MN632515_8,metacontig,387,995,608
st_R29_M176250_S2_15,metacontig,215,791,576
mm_R29_M2725_S1_23,metacontig,369,931,562
MG964002_7,metacontig,437,1060,623
ar_R29_M31954_S1_2,metacontig,74,698,624
ar_R29_M18418_S1_4,metacontig,401,950,549
MN306032_10,metacontig,408,1047,639
ar_R29_M21865_S1_8,metacontig,421,1000,579
MK878453_10,metacontig,385,995,610
st_R29_M176250_S1_20,metacontig,502,1079,577
FJ986192_9,metacontig,386,995,609
ar_R29_M11575_S1_9,metacontig,406,994,588
mm_R29_M5148_S1_5,metacontig,457,1031,574
sa_R29_M345_S1_3,metacontig,361,916,555
LT839643_5,metacontig,452,999,547
MN593030_7,metacontig,373,993,620
ar_R29_M15153_S1_5,metacontig,432,1016,584
KY688133_5,metacontig,453,1026,573
EU293111_5,metacontig,450,1029,579
st_R29_M288618_S1_1,metacontig,296,938,642
NC_025359_5,metacontig,428,1005,577
ar_R29_M23958_S1_6,metacontig,374,927,553
ar_R29_M25350_S1_6,metacontig,405,953,548
st_R29_M66694_S1_3,metacontig,388,982,594
mm_R29_M7524_S1_12,metacontig,383,973,590
NC_039018_8,metacontig,412,1020,608
KR063673_10,metacontig,401,1001,600
NC_025404_7,metacontig,410,1036,626
ar_R29_M31648_S1_1,metacontig,189,739,550
st_R29_M339867_S1_12,metacontig,386,979,593
st_R29_M316615_S1_2,metacontig,385,986,601
ar_R29_M23641_S1_3,metacontig,424,978,554
KY549567_7,metacontig,374,986,612
NC_039017_7,metacontig,401,1009,608
NC_020808_5,metacontig,421,996,575
st_R29_M121278_S1_2,metacontig,384,966,582
MT370499_10,metacontig,386,995,609
MH643893_6,metacontig,425,1004,579
ar_R29_M43247_S1_9,metacontig,441,1014,573
st_R29_M165717_S1_1,metacontig,64,631,567
ar_R29_M43247_S2_3,metacontig,441,1014,573
st_R29_M232112_S1_12,metacontig,449,1079,630
FJ712196_6,metacontig,422,998,576
st_R29_M430247_S1_9,metacontig,363,934,571
ar_R29_M11969_S1_6,metacontig,412,988,576
KT582109_9,metacontig,402,989,587
KM594025_7,metacontig,453,1029,576
KU174141_10,metacontig,402,989,587
ma_R29_M6101_S3_3,metacontig,402,989,587
st_R29_M169165_S1_1,metacontig,368,940,572
st_R29_M170291_S1_1,metacontig,405,1030,625
ar_R29_M3332_S20_5,metacontig,304,834,530
ar_R29_M17248_S1_9,metacontig,403,961,558
st_R29_M272288_S1_3,metacontig,354,993,639
MH423285_8,metacontig,391,999,608
ar_R29_M40478_S1_7,metacontig,360,948,588
st_R29_M99912_S1_1,metacontig,6,578,572
KT357858_9,metacontig,402,989,587
st_R29_M395779_S1_2,metacontig,197,636,439
st_R29_M381422_S1_2,metacontig,384,970,586
LR994545_6,metacontig,436,1012,576
MN175989_6,metacontig,421,998,577
st_R29_M405001_S1_2,metacontig,4,558,554
FJ959397_6,metacontig,425,998,573
NC_016136_8,metacontig,387,990,603
NC_001615_7,metacontig,422,1062,640
st_R29_M167066_S1_1,metacontig,485,1031,546
KM594024_7,metacontig,451,1027,576
ar_R29_M21092_S1_3,metacontig,413,959,546
JQ685915_5,metacontig,439,1012,573
st_R29_M35843_S1_13,metacontig,389,950,561
MF472710_6,metacontig,471,1012,541
st_R29_M272286_S1_8,metacontig,410,1049,639
st_R29_M319353_S1_15,metacontig,396,987,591
mm_R29_M571_S1_3,metacontig,174,708,534
fu_R29_M2599_S1_3,metacontig,390,951,561
JQ685947_6,metacontig,457,1029,572
KU244268_7,metacontig,428,1003,575
st_R29_M140822_S1_5,metacontig,361,931,570
ar_R29_M14790_S1_4,metacontig,363,886,523
EU293110_5,metacontig,505,1085,580
NC_003243_5,metacontig,462,1009,547
NC_025400_10,metacontig,418,992,574
FJ712194_5,metacontig,421,998,577
st_R29_M409622_S1_2,metacontig,380,963,583
NC_025363_6,metacontig,397,1005,608
NC_014372_12,metacontig,415,1015,600
st_R29_M218058_S1_1,metacontig,380,962,582
LT909542_5,metacontig,421,1000,579
mm_R29_M5952_S9_4,metacontig,394,1002,608
KM594032_6,metacontig,425,1000,575
st_R29_M293460_S1_1,metacontig,375,963,588
st_R29_M17248_S1_2,metacontig,169,778,609
ar_R29_M11443_S1_26,metacontig,335,923,588
st_R29_M205197_S1_3,metacontig,377,957,580
LR812034_6,metacontig,421,1000,579
AY769362_10,metacontig,431,1017,586
MG458308_7,metacontig,421,1000,579
KX148107_5,metacontig,450,1029,579
AB569299_6,metacontig,434,1009,575
st_R29_M127920_S1_1,metacontig,380,962,582
ar_R29_M39298_S1_3,metacontig,515,1043,528
MG365888_2,metacontig,434,1065,631
NC_036390_8,metacontig,396,988,592
ar_R29_M19989_S1_4,metacontig,364,913,549
JQ685966_5,metacontig,410,986,576
ar_R29_M25503_S1_3,metacontig,419,1024,605
MH660455_7,metacontig,422,1000,578
KY706238_8,metacontig,391,992,601
KY859866_8,metacontig,391,992,601
ar_R29_M23737_S1_1,metacontig,326,915,589
st_R29_M37718_S1_5,metacontig,75,639,564
ar_R29_M19593_S1_1,metacontig,201,779,578
ar_R29_M15153_S3_2,metacontig,406,980,574
st_R29_M244157_S1_3,metacontig,17,531,514
JQ685918_5,metacontig,482,1029,547
ar_R29_M43314_S1_14,metacontig,366,970,604
KF620489_7,metacontig,420,998,578
st_R29_M237655_S1_1,metacontig,368,928,560
KX708501_5,metacontig,431,1009,578
st_R29_M205189_S1_5,metacontig,384,982,598
MG099711_6,metacontig,410,986,576
st_R29_M130744_S1_1,metacontig,378,960,582
st_R29_M121218_S1_6,metacontig,351,971,620
st_R29_M23697_S1_7,metacontig,442,1030,588
ar_R29_M40730_S1_10,metacontig,384,983,599
st_R29_M122943_S1_1,metacontig,115,682,567
NC_025377_5,metacontig,408,985,577
ar_R29_M20849_S1_1,metacontig,86,633,547
ar_R29_M4127_S1_2,metacontig,204,767,563
mm_R29_M5952_S1_50,metacontig,378,986,608
ar_R29_M7069_S772_1,metacontig,351,904,553
JQ685968_5,metacontig,459,1000,541
st_R29_M17241_S1_4,metacontig,370,979,609
KM594028_5,metacontig,481,1029,548
st_R29_M380054_S1_5,metacontig,351,971,620
st_R29_M127920_S2_2,metacontig,380,962,582
st_R29_M420365_S1_3,metacontig,400,991,591
ar_R29_M33408_S1_4,metacontig,290,852,562
st_R29_M375286_S1_5,metacontig,422,1047,625
ar_R29_M27415_S1_13,metacontig,421,1014,593
ar_R29_M21312_S1_1,metacontig,316,910,594
ar_R29_M38956_S1_1,metacontig,741,1318,577
LT839612_5,metacontig,450,1017,567
st_R29_M35303_S1_1,metacontig,396,985,589
ar_R29_M15640_S1_1,metacontig,464,1079,615
st_R29_M76806_S1_20,metacontig,451,1042,591
ar_R29_M19367_S1_1,metacontig,153,706,553
ar_R29_M22453_S1_6,metacontig,353,957,604
st_R29_M74727_S1_3,metacontig,392,983,591
fu_R29_M6039_S1_4,metacontig,360,924,564
NC_025365_5,metacontig,449,1028,579
MF319186_12,metacontig,408,995,587
st_R29_M265013_S1_7,metacontig,399,1034,635
st_R29_M234902_S1_2,metacontig,396,942,546
ar_R29_M21234_S1_1,metacontig,149,689,540
st_R29_M23229_S1_2,metacontig,426,877,451
MG562588_7,metacontig,453,1000,547
st_R29_M292528_S1_7,metacontig,366,932,566
NC_025408_5,metacontig,426,1003,577
JQ685954_6,metacontig,429,1000,571
NC_025389_7,metacontig,388,989,601
MK540976_6,metacontig,418,986,568
MK540940_6,metacontig,418,986,568
mm_R29_M5147_S1_2,metacontig,482,1071,589
st_R29_M307559_S1_1,metacontig,426,1008,582
st_R29_M409744_S1_4,metacontig,410,974,564
MN831437_1,metacontig,449,1007,558
KX148109_5,metacontig,424,1000,576
ar_R29_M36359_S1_5,metacontig,3,563,560
st_R29_M129818_S1_7,metacontig,384,948,564
MF276904_6,metacontig,419,985,566
JN986749_5,metacontig,448,994,546
st_R29_M288711_S1_1,metacontig,818,1470,652
MT185675_6,metacontig,412,1046,634
ar_R29_M31433_S1_4,metacontig,367,965,598
MK473367_6,metacontig,470,1000,530
ar_R29_M40446_S1_2,metacontig,341,934,593
ar_R29_M22120_S1_2,metacontig,388,939,551
MK920923_6,metacontig,458,1000,542
st_R29_M257575_S1_6,metacontig,404,952,548
NC_030690_5,metacontig,350,907,557
sa_R29_M1814_S1_8,metacontig,366,944,578
ar_R29_M16500_S1_1,metacontig,399,847,448
st_R29_M281377_S1_8,metacontig,362,925,563
ar_R29_M23131_S1_4,metacontig,805,1418,613
ar_R29_M5635_S1_1,metacontig,41,597,556
ar_R29_M19133_S1_1,metacontig,801,1414,613
MN150295_6,metacontig,398,1006,608
ar_R29_M37071_S1_4,metacontig,363,913,550
ar_R29_M39163_S1_14,metacontig,346,931,585
ar_R29_M7069_S433_4,metacontig,970,1601,631
NC_028236_5,metacontig,423,985,562
ar_R29_M15153_S2_5,metacontig,406,980,574
st_R29_M15178_S1_5,metacontig,351,972,621
st_R29_M121215_S1_6,metacontig,351,971,620
st_R29_M361964_S1_1,metacontig,352,971,619
ar_R29_M42404_S1_6,metacontig,408,969,561
st_R29_M35380_S1_13,metacontig,419,985,566
NC_025358_9,metacontig,370,1004,634
MT482465_8,metacontig,449,1042,593
ar_R29_M24687_S1_1,metacontig,1,524,523
ar_R29_M42851_S1_9,metacontig,93,652,559
st_R29_M49380_S1_3,metacontig,315,943,628
st_R29_M406301_S1_6,metacontig,416,1051,635
mm_R29_M251_S1_5,metacontig,412,991,579
st_R29_M381391_S1_1,metacontig,382,966,584
NC_028255_5,metacontig,386,976,590
ar_R29_M33610_S1_5,metacontig,419,978,559
NC_025342_5,metacontig,447,1013,566
NC_028231_9,metacontig,435,1074,639
st_R29_M448013_S1_4,metacontig,30,528,498
MG948563_8,metacontig,408,1052,644
ar_R29_M6891_S1_1,metacontig,1,427,426
ar_R29_M15319_S1_5,metacontig,536,1092,556
st_R29_M49376_S1_3,metacontig,395,1041,646
mm_R29_M1155_S1_6,metacontig,356,953,597
mm_R29_M6119_S1_8,metacontig,412,993,581
st_R29_M97256_S1_14,metacontig,421,1054,633
am_R29_M385_S1_1,metacontig,736,1365,629
HM566194_5,metacontig,347,966,619
st_R29_M360467_S1_4,metacontig,416,976,560
JX121107_6,metacontig,439,978,539
ar_R29_M28854_S1_7,metacontig,821,1438,617
st_R29_M182775_S1_4,metacontig,421,1051,630
st_R29_M215610_S1_1,metacontig,103,739,636
fu_R29_M3890_S1_3,metacontig,40,617,577
st_R29_M89580_S1_2,metacontig,80,643,563
st_R29_M387882_S1_6,metacontig,421,1051,630
al_R29_M479_S1_14,metacontig,365,932,567
NC_025341_7,metacontig,412,978,566
ar_R29_M35012_S1_2,metacontig,143,697,554
ar_R29_M14753_S1_2,metacontig,358,906,548
fu_R29_M2997_S1_5,metacontig,431,987,556
st_R29_M240486_S1_5,metacontig,452,1018,566
ar_R29_M7693_S1_1,metacontig,117,549,432
ar_R29_M40248_S1_7,metacontig,387,945,558
st_R29_M153224_S1_10,metacontig,401,948,547
NC_006432_9,metacontig,428,1012,584
ar_R29_M26009_S1_1,metacontig,364,951,587
ar_R29_M1803_S1_1,metacontig,839,1461,622
LC466007_9,metacontig,379,937,558
st_R29_M360464_S1_19,metacontig,380,944,564
ar_R29_M1009_S36_3,metacontig,199,760,561
st_R29_M51385_S1_13,metacontig,408,1040,632
st_R29_M33257_S1_5,metacontig,363,924,561
ar_R29_M4585_S1_10,metacontig,382,949,567
ar_R29_M7069_S835_2,metacontig,199,760,561
fu_R29_M5022_S1_9,metacontig,379,937,558
st_R29_M238310_S1_8,metacontig,396,980,584
ar_R29_M7069_S130_11,metacontig,394,942,548
NC_011639_9,metacontig,366,998,632
mm_R29_M808_S1_1,metacontig,143,684,541
MH507506_10,metacontig,370,1000,630
ar_R29_M7069_S1055_1,metacontig,199,760,561
MK965544_6,metacontig,414,958,544
st_R29_M212286_S1_1,metacontig,2,488,486
ar_R29_M23342_S1_1,metacontig,311,928,617
st_R29_M169628_S1_1,metacontig,401,987,586
st_R29_M215607_S1_1,metacontig,429,1065,636
ar_R29_M7069_S875_3,metacontig,199,760,561
ar_R29_M14942_S1_17,metacontig,472,999,527
NC_025405_7,metacontig,433,986,553
st_R29_M380960_S1_3,metacontig,407,967,560
ar_R29_M7069_S53_6,metacontig,394,942,548
ar_R29_M31912_S1_1,metacontig,2,527,525
MH323437_10,metacontig,426,1058,632
ar_R29_M1009_S30_3,metacontig,199,760,561
ar_R29_M1009_S31_1,metacontig,199,760,561
ar_R29_M1009_S23_2,metacontig,199,760,561
ar_R29_M1009_S28_3,metacontig,199,760,561
ar_R29_M22583_S1_6,metacontig,412,979,567
ar_R29_M1009_S27_1,metacontig,199,760,561
NC_025399_10,metacontig,372,944,572
ar_R29_M7069_S850_2,metacontig,199,760,561
ar_R29_M1009_S33_2,metacontig,199,758,559
ar_R29_M24777_S1_6,metacontig,366,964,598
ar_R29_M7069_S854_2,metacontig,199,760,561
ar_R29_M7069_S353_2,metacontig,199,760,561
ar_R29_M19298_S1_1,metacontig,855,1462,607
JX121106_5,metacontig,461,994,533
JX121108_5,metacontig,456,994,538
st_R29_M33132_S1_1,metacontig,159,748,589
ar_R29_M7069_S738_5,metacontig,444,993,549
ar_R29_M14112_S1_10,metacontig,352,914,562
st_R29_M140988_S1_3,metacontig,380,964,584
ar_R29_M8627_S1_3,metacontig,383,983,600
st_R29_M220294_S1_5,metacontig,411,1046,635
ar_R29_M33916_S1_6,metacontig,349,905,556
ar_R29_M1009_S4_6,metacontig,199,760,561
ar_R29_M1009_S11_2,metacontig,199,760,561
st_R29_M37809_S1_4,metacontig,404,964,560
ar_R29_M13130_S1_6,metacontig,449,989,540
ar_R29_M22093_S1_1,metacontig,775,1401,626
ar_R29_M1009_S22_1,metacontig,199,760,561
ar_R29_M1009_S7_1,metacontig,199,760,561
ar_R29_M7069_S386_4,metacontig,199,760,561
ar_R29_M7069_S85_3,metacontig,199,760,561
ar_R29_M7069_S97_2,metacontig,199,760,561
sa_R29_M3266_S1_7,metacontig,533,1111,578
KY421919_10,metacontig,366,998,632
ar_R29_M1009_S17_4,metacontig,199,760,561
st_R29_M209944_S1_2,metacontig,323,911,588
ar_R29_M1009_S26_1,metacontig,199,760,561
ar_R29_M3245_S1_1,metacontig,21,610,589
mm_R29_M1856_S1_12,metacontig,449,1033,584
MH778545_7,metacontig,412,1046,634
ar_R29_M1009_S1_6,metacontig,199,760,561
ar_R29_M7069_S356_1,metacontig,199,760,561
st_R29_M166877_S1_1,metacontig,239,712,473
NC_025383_4,metacontig,413,980,567
ar_R29_M41256_S1_3,metacontig,241,784,543
ar_R29_M7069_S1067_2,metacontig,255,833,578
mm_R29_M5110_S1_7,metacontig,387,993,606
ar_R29_M14354_S1_1,metacontig,8,497,489
ar_R29_M4546_S1_1,metacontig,9,415,406
ar_R29_M38090_S1_1,metacontig,142,699,557
NC_025255_6,metacontig,411,992,581
NC_025353_6,metacontig,392,976,584
mm_R29_M5825_S1_1,metacontig,687,1322,635
MH188052_2,metacontig,820,1440,620
st_R29_M269715_S1_1,metacontig,380,956,576
ar_R29_M16852_S1_8,metacontig,425,977,552
ar_R29_M7069_S38_11,metacontig,444,993,549
NC_024473_6,metacontig,431,980,549
st_R29_M215606_S1_6,metacontig,449,1085,636
ar_R29_M41859_S1_12,metacontig,453,1008,555
st_R29_M209074_S1_1,metacontig,396,982,586
MK613994_5,metacontig,441,980,539
ar_R29_M28672_S1_6,metacontig,367,918,551
KC905081_7,metacontig,389,990,601
ar_R29_M7069_S101_6,metacontig,417,995,578
ar_R29_M35380_S1_4,metacontig,7,418,411
st_R29_M319354_S1_4,metacontig,393,817,424
fu_R29_M3894_S1_7,metacontig,413,980,567
st_R29_M176675_S1_2,metacontig,3,418,415
st_R29_M74599_S1_2,metacontig,5,446,441
ar_R29_M6881_S1_12,metacontig,426,981,555
ar_R29_M28242_S1_4,metacontig,449,1002,553
ar_R29_M24065_S1_1,metacontig,411,951,540
st_R29_M319317_S1_1,metacontig,133,631,498
mm_R29_M1331_S1_7,metacontig,375,936,561
ar_R29_M35347_S1_1,metacontig,829,1439,610
ar_R29_M7069_S723_4,metacontig,199,712,513
MH919397_5,metacontig,427,976,549
st_R29_M200387_S3_6,metacontig,147,622,475
ar_R29_M24498_S1_8,metacontig,2,539,537
sa_R29_M1456_S3_1,metacontig,1,443,442
ar_R29_M7297_S5_2,metacontig,346,776,430
ar_R29_M23020_S3_2,metacontig,47,573,526
ar_R29_M8911_S1_6,metacontig,420,991,571
st_R29_M24967_S1_2,metacontig,415,997,582
ar_R29_M24498_S3_3,metacontig,3,539,536
MG251664_7,metacontig,375,948,573
MH507505_10,metacontig,380,1001,621
mm_R29_M689_S1_18,metacontig,351,919,568
MN607592_5,metacontig,423,993,570
st_R29_M166618_S1_1,metacontig,22,535,513
ar_R29_M21605_S1_4,metacontig,788,1403,615
NC_025356_6,metacontig,350,968,618
NC_025364_5,metacontig,388,966,578
st_R29_M40853_S1_7,metacontig,193,782,589
MT706019_6,metacontig,414,986,572
ar_R29_M25352_S1_2,metacontig,329,872,543
NC_005225_1,metacontig,838,1344,506
NC_025387_7,metacontig,408,972,564
ar_R29_M10509_S1_4,metacontig,373,928,555
st_R29_M175628_S1_1,metacontig,4,466,462
st_R29_M205202_S1_5,metacontig,363,960,597
st_R29_M299179_S1_1,metacontig,359,835,476
st_R29_M437292_S1_2,metacontig,359,835,476
ar_R29_M21402_S1_2,metacontig,170,698,528
st_R29_M240483_S1_7,metacontig,358,989,631
mm_R29_M6076_S1_8,metacontig,421,993,572
ar_R29_M32498_S1_7,metacontig,437,1016,579
MN510774_6,metacontig,419,973,554
st_R29_M15070_S1_1,metacontig,44,486,442
NC_025362_7,metacontig,391,983,592
MT259204_10,metacontig,429,988,559
NC_024778_6,metacontig,345,903,558
ar_R29_M23020_S1_9,metacontig,471,1002,531
st_R29_M57134_S1_1,metacontig,97,573,476
ar_R29_M31049_S1_1,metacontig,134,682,548
MN963997_6,metacontig,416,970,554
st_R29_M400970_S1_1,metacontig,123,599,476
st_R29_M61903_S1_8,metacontig,401,964,563
st_R29_M57135_S1_1,metacontig,187,662,475
fu_R29_M5834_S1_3,metacontig,407,974,567
ar_R29_M26088_S1_4,metacontig,404,993,589
ri_R29_M187_S1_1,metacontig,3,474,471
st_R29_M351718_S1_4,metacontig,421,981,560
NC_025406_5,metacontig,396,975,579
st_R29_M57137_S1_3,metacontig,378,854,476
ar_R29_M6522_S1_6,metacontig,402,980,578
MN963999_7,metacontig,416,970,554
ar_R29_M15346_S1_5,metacontig,782,1395,613
fu_R29_M1594_S1_3,metacontig,361,924,563
mm_R29_M4169_S1_1,metacontig,250,888,638
sa_R29_M2582_S1_1,metacontig,168,721,553
ar_R29_M38613_S1_1,metacontig,800,1413,613
ar_R29_M34517_S1_6,metacontig,441,985,544
ar_R29_M17757_S1_1,metacontig,782,1381,599
ar_R29_M5211_S1_2,metacontig,248,775,527
ar_R29_M11447_S1_1,metacontig,3,509,506
NC_025371_6,metacontig,348,969,621
ar_R29_M32816_S1_1,metacontig,138,683,545
NC_025340_8,metacontig,409,982,573
st_R29_M373340_S1_2,metacontig,383,973,590
NC_038286_6,metacontig,400,971,571
ar_R29_M9779_S1_2,metacontig,448,993,545
MN273311_7,metacontig,404,1040,636
MN963998_6,metacontig,350,980,630
st_R29_M190613_S1_1,metacontig,378,853,475
mm_R29_M5600_S1_3,metacontig,444,1030,586
ar_R29_M7069_S1062_2,metacontig,253,869,616
NC_039021_9,metacontig,425,992,567
NC_040669_6,metacontig,453,1008,555
st_R29_M34344_S1_3,metacontig,422,1003,581
ar_R29_M23932_S1_2,metacontig,74,509,435
st_R29_M331687_S1_4,metacontig,188,770,582
NC_020805_6,metacontig,388,972,584
ar_R29_M14831_S1_4,metacontig,457,1006,549
am_R29_M293_S1_1,metacontig,81,626,545
ar_R29_M3151_S4_10,metacontig,371,928,557
st_R29_M40744_S1_1,metacontig,390,964,574
NC_025378_6,metacontig,393,972,579
NC_028484_5,metacontig,437,999,562
ar_R29_M7069_S697_1,metacontig,650,1253,603
MH756623_9,metacontig,368,1001,633
MT317169_1,metacontig,377,944,567
mm_R29_M4938_S1_2,metacontig,407,1002,595
KU296059_5,metacontig,428,976,548
MN103537_5,metacontig,395,970,575
st_R29_M271630_S1_2,metacontig,422,983,561
MW463337_9,metacontig,368,1001,633
J02428_6,metacontig,427,976,549
ar_R29_M32854_S1_1,metacontig,117,682,565
ar_R29_M183_S1_7,metacontig,371,928,557
mm_R29_M6369_S1_2,metacontig,323,911,588
ar_R29_M11183_S1_4,metacontig,773,1371,598
NC_007020_7,metacontig,402,973,571
NC_040532_6,metacontig,431,982,551
MN607593_6,metacontig,337,966,629
ar_R29_M7069_S515_1,metacontig,1295,1910,615
AF473866_5,metacontig,425,976,551
st_R29_M77239_S1_4,metacontig,427,1005,578
ar_R29_M7069_S76_1,metacontig,1295,1910,615
KY768856_5,metacontig,507,1039,532
st_R29_M208749_S1_1,metacontig,359,785,426
MT561345_6,metacontig,416,966,550
FJ478454_9,metacontig,427,976,549
sa_R29_M1364_S1_9,metacontig,395,974,579
KX497133_10,metacontig,464,1039,575
ar_R29_M29084_S1_2,metacontig,17,548,531
ar_R29_M15694_S3_1,metacontig,57,537,480
MK971153_9,metacontig,389,958,569
ar_R29_M10156_S1_1,metacontig,151,706,555
ar_R29_M40697_S1_3,metacontig,427,1000,573
st_R29_M77243_S1_6,metacontig,423,1014,591
fi_R29_M1465_S1_12,metacontig,52,610,558
MN607595_5,metacontig,337,966,629
NC_028230_6,metacontig,396,988,592
ar_R29_M27409_S1_1,metacontig,165,739,574
st_R29_M60828_S2_7,metacontig,384,962,578
ar_R29_M8675_S1_1,metacontig,137,690,553
ar_R29_M13044_S1_1,metacontig,24,640,616
ar_R29_M3610_S1_4,metacontig,838,1490,652
NC_025401_6,metacontig,429,979,550
ar_R29_M10800_S1_1,metacontig,6,567,561
mm_R29_M5824_S5_4,metacontig,26,462,436
ar_R29_M19762_S1_5,metacontig,429,979,550
ar_R29_M14068_S1_4,metacontig,379,921,542
ar_R29_M24809_S1_4,metacontig,820,1450,630
ar_R29_M13381_S2_2,metacontig,361,909,548
ar_R29_M4282_S1_7,metacontig,438,988,550
NC_025395_5,metacontig,400,968,568
ar_R29_M14792_S1_2,metacontig,396,945,549
NC_013955_14,metacontig,445,995,550
ar_R29_M4209_S1_14,metacontig,434,975,541
ar_R29_M14633_S1_1,metacontig,252,793,541
mm_R29_M4121_S1_1,metacontig,398,985,587
ar_R29_M13381_S1_7,metacontig,361,909,548
NC_039013_5,metacontig,361,910,549
fi_R29_M652_S8_4,metacontig,31,587,556
NC_035132_5,metacontig,441,1000,559
fi_R29_M652_S7_5,metacontig,53,610,557
st_R29_M113109_S1_3,metacontig,92,678,586
fi_R29_M7_S1_3,metacontig,47,623,576
ar_R29_M33686_S1_3,metacontig,818,1396,578
fi_R29_M652_S4_6,metacontig,53,610,557
ar_R29_M34700_S1_6,metacontig,407,985,578
ar_R29_M38344_S1_1,metacontig,438,975,537
ar_R29_M34043_S1_17,metacontig,430,983,553
st_R29_M121217_S1_1,metacontig,1,548,547
fi_R29_M652_S1_15,metacontig,260,817,557
st_R29_M281462_S1_10,metacontig,399,962,563
NC_020804_8,metacontig,442,1000,558
fi_R29_M652_S3_13,metacontig,337,894,557
MF279192_6,metacontig,338,966,628
KY421920_9,metacontig,410,998,588
st_R29_M169166_S1_1,metacontig,1,457,456
ar_R29_M13480_S1_1,metacontig,31,429,398
ar_R29_M1223_S1_5,metacontig,339,970,631
MT577803_10,metacontig,446,998,552
st_R29_M49976_S2_6,metacontig,384,962,578
ar_R29_M7878_S1_3,metacontig,66,619,553
st_R29_M35787_S1_2,metacontig,363,928,565
mm_R29_M4187_S1_12,metacontig,354,879,525
ar_R29_M20063_S1_2,metacontig,138,682,544
mm_R29_M7577_S1_14,metacontig,207,786,579
mm_R29_M8189_S1_1,metacontig,363,923,560
ar_R29_M28964_S1_8,metacontig,834,1460,626
ch_R29_M37_S1_2,metacontig,398,948,550
NC_025376_6,metacontig,414,970,556
fu_R29_M4796_S1_13,metacontig,430,988,558
st_R29_M358133_S1_4,metacontig,387,966,579
st_R29_M200391_S34_2,metacontig,92,678,586
sa_R29_M3037_S1_3,metacontig,345,902,557
MN964000_6,metacontig,345,974,629
ar_R29_M33224_S1_3,metacontig,139,675,536
MF543022_6,metacontig,419,1058,639
st_R29_M200391_S5_5,metacontig,92,670,578
st_R29_M200391_S33_2,metacontig,92,678,586
ar_R29_M34011_S1_5,metacontig,30,551,521
st_R29_M238391_S1_1,metacontig,154,735,581
NC_022755_5,metacontig,417,966,549
fi_R29_M705_S1_7,metacontig,420,992,572
ar_R29_M19373_S1_3,metacontig,376,925,549
KY315724_9,metacontig,369,1001,632
NC_011558_2,metacontig,384,962,578
MH188035_5,metacontig,386,995,609
ar_R29_M21989_S1_5,metacontig,422,987,565
st_R29_M15073_S1_1,metacontig,431,974,543
ar_R29_M40071_S1_7,metacontig,449,990,541
st_R29_M184865_S1_1,metacontig,5,417,412
mm_R29_M2801_S1_1,metacontig,203,822,619
ar_R29_M41632_S1_4,metacontig,810,1387,577
ar_R29_M34847_S1_1,metacontig,490,1054,564
NC_025393_5,metacontig,408,966,558
st_R29_M249717_S1_2,metacontig,202,783,581
sa_R29_M1791_S1_1,metacontig,389,979,590
ar_R29_M33006_S1_1,metacontig,819,1365,546
MT818233_6,metacontig,411,984,573
ar_R29_M7069_S838_4,metacontig,199,695,496
MN963996_6,metacontig,427,969,542
ar_R29_M40735_S1_1,metacontig,2,389,387
NC_025394_6,metacontig,388,967,579
fu_R29_M1726_S1_11,metacontig,385,937,552
st_R29_M238390_S1_1,metacontig,92,678,586
MH814974_5,metacontig,472,1044,572
mm_R29_M3906_S1_7,metacontig,386,984,598
st_R29_M200391_S1_5,metacontig,92,678,586
st_R29_M200391_S3_5,metacontig,92,678,586
NC_028232_7,metacontig,401,948,547
st_R29_M200391_S2_9,metacontig,92,678,586
ar_R29_M39167_S1_1,metacontig,172,715,543
st_R29_M406350_S1_1,metacontig,407,988,581
MF615270_9,metacontig,446,996,550
mm_R29_M4066_S1_1,metacontig,801,1416,615
st_R29_M37808_S1_2,metacontig,144,703,559
NC_016144_21,metacontig,430,1008,578
NC_028239_11,metacontig,404,997,593
NC_022580_6,metacontig,440,995,555
st_R29_M249708_S13_1,metacontig,92,679,587
NC_028246_9,metacontig,428,994,566
st_R29_M254643_S1_1,metacontig,376,972,596
ar_R29_M17924_S1_1,metacontig,119,683,564
NC_003468_1,metacontig,846,1350,504
st_R29_M244074_S1_4,metacontig,92,673,581
mm_R29_M967_S1_1,metacontig,16,403,387
ar_R29_M29399_S1_1,metacontig,217,763,546
fu_R29_M1326_S1_9,metacontig,395,961,566
st_R29_M16686_S1_4,metacontig,403,984,581
ar_R29_M38800_S1_2,metacontig,138,692,554
ar_R29_M38093_S1_1,metacontig,760,1395,635
ar_R29_M34139_S1_1,metacontig,195,795,600
st_R29_M244334_S1_1,metacontig,2,425,423
ar_R29_M26361_S1_2,metacontig,159,731,572
NC_040664_5,metacontig,455,1002,547
st_R29_M156668_S1_2,metacontig,92,679,587
ar_R29_M35025_S1_2,metacontig,810,1389,579
st_R29_M129502_S1_6,metacontig,334,927,593
NC_039014_5,metacontig,349,896,547
st_R29_M200391_S7_5,metacontig,92,673,581
ar_R29_M22311_S1_6,metacontig,427,1027,600
st_R29_M171293_S9_1,metacontig,375,959,584
mm_R29_M1053_S1_9,metacontig,348,910,562
st_R29_M389199_S1_3,metacontig,402,961,559
st_R29_M449351_S1_3,metacontig,316,947,631
ar_R29_M4191_S1_3,metacontig,408,986,578
ar_R29_M25787_S1_7,metacontig,389,951,562
NC_005222_1,metacontig,821,1343,522
ar_R29_M10419_S1_5,metacontig,385,943,558
ar_R29_M32011_S1_1,metacontig,141,682,541
st_R29_M232562_S1_2,metacontig,35,616,581
ar_R29_M14752_S1_4,metacontig,412,915,503
fu_R29_M4966_S1_10,metacontig,409,966,557
ar_R29_M19952_S1_4,metacontig,409,972,563
st_R29_M200391_S10_8,metacontig,92,673,581
ar_R29_M7069_S746_3,metacontig,199,693,494
st_R29_M171301_S1_1,metacontig,375,959,584
ar_R29_M11624_S1_4,metacontig,338,909,571
ar_R29_M41246_S1_1,metacontig,787,1436,649
ar_R29_M10132_S1_1,metacontig,429,984,555
MN025503_11,metacontig,476,1043,567
st_R29_M249708_S1_4,metacontig,383,969,586
ar_R29_M16994_S1_1,metacontig,197,836,639
ar_R29_M42618_S1_3,metacontig,769,1366,597
ar_R29_M10660_S1_3,metacontig,64,618,554
st_R29_M171293_S1_1,metacontig,375,959,584
st_R29_M200391_S9_7,metacontig,432,1013,581
st_R29_M208746_S1_1,metacontig,2,475,473
ar_R29_M6792_S1_1,metacontig,114,690,576
ar_R29_M30102_S1_11,metacontig,440,994,554
ar_R29_M26401_S1_5,metacontig,403,979,576
st_R29_M432206_S1_6,metacontig,394,981,587
ma_R29_M1193_S1_7,metacontig,422,966,544
NC_028241_10,metacontig,414,989,575
st_R29_M185470_S2_1,metacontig,280,862,582
NC_006435_1,metacontig,838,1327,489
mm_R29_M605_S1_5,metacontig,482,1046,564
ar_R29_M43282_S1_1,metacontig,96,554,458
fu_R29_M3122_S1_2,metacontig,395,959,564
st_R29_M185470_S1_4,metacontig,378,960,582
st_R29_M185490_S1_1,metacontig,82,664,582
ar_R29_M22580_S1_8,metacontig,413,978,565
ar_R29_M15162_S1_1,metacontig,576,1047,471
ar_R29_M18407_S1_2,metacontig,2,419,417
NC_017714_12,metacontig,455,1007,552
ar_R29_M24520_S1_2,metacontig,360,907,547
MT447187_6,metacontig,381,958,577
ar_R29_M25274_S1_5,metacontig,384,934,550
MN745080_5,metacontig,353,970,617
ar_R29_M14981_S1_1,metacontig,2922,3487,565
ar_R29_M18714_S1_1,metacontig,305,929,624
ar_R29_M10614_S1_1,metacontig,130,682,552
st_R29_M120832_S1_1,metacontig,300,881,581
ar_R29_M35198_S1_1,metacontig,351,919,568
ar_R29_M19278_S1_2,metacontig,353,811,458
ar_R29_M13884_S1_2,metacontig,832,1417,585
ar_R29_M14869_S1_2,metacontig,14,553,539
ar_R29_M9267_S1_2,metacontig,892,1464,572
ar_R29_M30168_S1_7,metacontig,403,982,579
ar_R29_M9952_S1_4,metacontig,425,968,543
ar_R29_M9267_S2_1,metacontig,68,594,526
fu_R29_M1056_S4_1,metacontig,82,640,558
ar_R29_M36378_S1_8,metacontig,416,964,548
fu_R29_M1056_S1_3,metacontig,365,923,558
fu_R29_M907_S9_6,metacontig,408,968,560
NC_025397_8,metacontig,430,999,569
NC_017685_9,metacontig,457,1025,568
NC_004108_1,metacontig,829,1428,599
mm_R29_M7442_S1_6,metacontig,174,755,581
ar_R29_M15338_S1_2,metacontig,123,673,550
st_R29_M249708_S2_9,metacontig,94,681,587
st_R29_M102566_S1_2,metacontig,374,935,561
MH664045_9,metacontig,422,995,573
ar_R29_M32512_S1_2,metacontig,315,873,558
ar_R29_M24853_S1_5,metacontig,811,1460,649
sa_R29_M1004_S1_5,metacontig,342,902,560
st_R29_M414962_S1_1,metacontig,388,972,584
MH664046_9,metacontig,436,998,562
ar_R29_M42166_S1_2,metacontig,269,851,582
st_R29_M74745_S1_9,metacontig,381,963,582
ar_R29_M4863_S1_13,metacontig,461,1019,558
ar_R29_M15846_S1_1,metacontig,8,342,334
ar_R29_M43882_S1_2,metacontig,124,671,547
sa_R29_M1096_S1_3,metacontig,403,990,587
ar_R29_M7069_S901_3,metacontig,394,846,452
st_R29_M119873_S1_6,metacontig,439,981,542
ar_R29_M2498_S99_8,metacontig,413,980,567
ar_R29_M16290_S1_6,metacontig,421,991,570
NC_028234_6,metacontig,427,986,559
ar_R29_M27781_S1_4,metacontig,144,690,546
ar_R29_M2258_S1_5,metacontig,133,753,620
NC_025391_9,metacontig,424,985,561
ar_R29_M11608_S1_1,metacontig,122,695,573
st_R29_M101503_S1_2,metacontig,103,539,436
ar_R29_M9704_S1_2,metacontig,68,536,468
ar_R29_M36684_S1_1,metacontig,149,690,541
st_R29_M253042_S1_1,metacontig,32,496,464
ar_R29_M8439_S2_9,metacontig,62,566,504
ar_R29_M12508_S1_6,metacontig,765,1374,609
mm_R29_M1626_S1_1,metacontig,136,679,543
ar_R29_M8439_S1_3,metacontig,97,605,508
ar_R29_M302_S1_1,metacontig,225,725,500
ar_R29_M26537_S3_3,metacontig,354,914,560
st_R29_M233720_S1_2,metacontig,391,971,580
st_R29_M171395_S1_2,metacontig,371,819,448
sa_R29_M1128_S1_5,metacontig,426,973,547
st_R29_M40855_S1_1,metacontig,396,982,586
ar_R29_M22033_S1_1,metacontig,206,735,529
st_R29_M33257_S2_4,metacontig,17,485,468
ar_R29_M40516_S1_2,metacontig,839,1483,644
fu_R29_M4186_S1_4,metacontig,422,994,572
NC_022581_6,metacontig,368,995,627
ar_R29_M39424_S1_5,metacontig,423,970,547
st_R29_M272630_S1_2,metacontig,102,685,583
NC_038281_7,metacontig,386,984,598
ar_R29_M1402_S1_3,metacontig,351,1001,650
ar_R29_M21188_S1_4,metacontig,389,884,495
MN803433_8,metacontig,465,1015,550
ar_R29_M26537_S1_9,metacontig,354,914,560
ar_R29_M41040_S1_2,metacontig,134,681,547
st_R29_M74744_S1_5,metacontig,18,491,473
ar_R29_M36259_S1_1,metacontig,373,990,617
KX371887_7,metacontig,416,996,580
ar_R29_M20413_S1_2,metacontig,802,1367,565
st_R29_M57621_S1_1,metacontig,1,429,428
ar_R29_M15724_S1_1,metacontig,812,1358,546
ar_R29_M10954_S1_5,metacontig,349,905,556
ar_R29_M7069_S974_2,metacontig,148,695,547
ar_R29_M32038_S1_1,metacontig,126,684,558
DQ097384_5,metacontig,416,981,565
mm_R29_M5616_S1_5,metacontig,7,551,544
st_R29_M374918_S1_2,metacontig,403,905,502
ar_R29_M5880_S1_2,metacontig,137,700,563
ar_R29_M43838_S1_3,metacontig,851,1471,620
am_R29_M294_S2_4,metacontig,30,553,523
fi_R29_M1929_S1_1,metacontig,3,409,406
ar_R29_M15665_S1_5,metacontig,822,1409,587
ch_R29_M39_S1_1,metacontig,361,916,555
st_R29_M249701_S1_5,metacontig,381,962,581
sa_R29_M2077_S1_1,metacontig,392,987,595
ar_R29_M11654_S1_4,metacontig,22,563,541
st_R29_M34689_S1_1,metacontig,384,909,525
ar_R29_M7069_S1344_2,metacontig,36,520,484
ar_R29_M16342_S1_6,metacontig,402,980,578
ar_R29_M8136_S1_1,metacontig,15,452,437
MH643740_5,metacontig,424,977,553
ar_R29_M29240_S1_4,metacontig,802,1401,599
st_R29_M390496_S1_3,metacontig,388,977,589
ar_R29_M14222_S1_1,metacontig,232,634,402
st_R29_M238613_S1_5,metacontig,381,964,583
fu_R29_M3514_S1_8,metacontig,407,981,574
ar_R29_M27516_S1_1,metacontig,145,710,565
ar_R29_M21185_S1_6,metacontig,395,952,557
ar_R29_M40153_S1_8,metacontig,810,1333,523
ar_R29_M7069_S890_5,metacontig,199,659,460
ar_R29_M14956_S1_5,metacontig,461,959,498
ar_R29_M16942_S1_4,metacontig,61,578,517
ar_R29_M31625_S1_1,metacontig,840,1426,586
ar_R29_M16960_S1_8,metacontig,386,950,564
ar_R29_M23490_S1_4,metacontig,126,667,541
ar_R29_M20585_S1_1,metacontig,9,489,480
ar_R29_M33755_S1_1,metacontig,8,494,486
ar_R29_M5126_S1_4,metacontig,770,1387,617
mm_R29_M3053_S1_5,metacontig,476,1055,579
ar_R29_M24026_S1_1,metacontig,54,591,537
ar_R29_M35673_S1_1,metacontig,124,637,513
ar_R29_M12918_S1_7,metacontig,16,441,425
fu_R29_M346_S1_3,metacontig,22,454,432
st_R29_M238622_S1_5,metacontig,381,962,581
ar_R29_M15407_S1_1,metacontig,140,683,543
st_R29_M425066_S1_7,metacontig,391,978,587
ar_R29_M27443_S1_1,metacontig,16,566,550
ar_R29_M7069_S553_4,metacontig,943,1510,567
ar_R29_M6885_S1_4,metacontig,857,1430,573
ar_R29_M40099_S1_2,metacontig,138,684,546
ar_R29_M12328_S1_1,metacontig,1,394,393
ar_R29_M10056_S1_4,metacontig,786,1375,589
ar_R29_M2946_S1_7,metacontig,355,914,559
st_R29_M437150_S1_3,metacontig,288,870,582
ar_R29_M9685_S1_4,metacontig,136,680,544
ar_R29_M39336_S1_1,metacontig,819,1399,580
ar_R29_M34960_S1_1,metacontig,852,1409,557
ar_R29_M19865_S1_2,metacontig,137,684,547
mm_R29_M936_S1_1,metacontig,366,995,629
ar_R29_M28749_S1_4,metacontig,20,432,412
ar_R29_M31602_S1_1,metacontig,151,695,544
ar_R29_M8704_S1_5,metacontig,778,1303,525
ar_R29_M33927_S1_11,metacontig,314,913,599
ar_R29_M5549_S1_3,metacontig,685,1233,548
ar_R29_M1009_S35_1,metacontig,199,638,439
st_R29_M209614_S1_1,metacontig,431,1010,579
st_R29_M266105_S1_3,metacontig,3,435,432
st_R29_M269911_S1_2,metacontig,131,532,401
st_R29_M231335_S1_2,metacontig,419,999,580
ar_R29_M13929_S1_1,metacontig,410,967,557
ar_R29_M14155_S1_2,metacontig,8,574,566
st_R29_M28059_S1_1,metacontig,83,672,589
ar_R29_M31312_S1_2,metacontig,180,758,578
st_R29_M438263_S1_4,metacontig,376,955,579
ar_R29_M39785_S1_1,metacontig,813,1357,544
st_R29_M212632_S1_1,metacontig,397,800,403
st_R29_M438273_S1_4,metacontig,388,969,581
ar_R29_M22549_S1_4,metacontig,802,1424,622
ar_R29_M12161_S1_6,metacontig,367,966,599
st_R29_M15176_S1_1,metacontig,351,810,459
mm_R29_M1886_S1_2,metacontig,8,408,400
st_R29_M185891_S1_1,metacontig,366,748,382
st_R29_M65637_S1_4,metacontig,387,972,585
st_R29_M35275_S1_1,metacontig,1341,1995,654
st_R29_M208751_S1_1,metacontig,4,515,511
ar_R29_M18602_S1_1,metacontig,139,691,552
ar_R29_M21080_S2_2,metacontig,257,812,555
ar_R29_M13344_S1_4,metacontig,143,689,546
ar_R29_M4536_S1_1,metacontig,667,1284,617
ar_R29_M21148_S1_1,metacontig,339,904,565
ar_R29_M16952_S1_2,metacontig,47,493,446
ar_R29_M21004_S1_1,metacontig,123,685,562
ar_R29_M23148_S1_2,metacontig,4,570,566
st_R29_M405966_S1_1,metacontig,4,537,533
ar_R29_M25751_S1_1,metacontig,859,1559,700
st_R29_M276777_S1_4,metacontig,367,955,588
ar_R29_M34029_S1_3,metacontig,136,713,577
ar_R29_M41179_S1_1,metacontig,144,762,618
ar_R29_M15554_S1_1,metacontig,136,685,549
st_R29_M65562_S1_1,metacontig,39,456,417
ma_R29_M3894_S10_1,metacontig,420,998,578
ar_R29_M2166_S1_7,metacontig,534,1186,652
ar_R29_M8439_S3_5,metacontig,58,504,446
ar_R29_M28318_S1_3,metacontig,121,691,570
NC_024781_7,metacontig,420,998,578
st_R29_M101783_S1_1,metacontig,51,635,584
st_R29_M101793_S1_4,metacontig,410,995,585
st_R29_M34385_S2_1,metacontig,377,961,584
st_R29_M72360_S1_7,metacontig,381,970,589
st_R29_M153270_S1_3,metacontig,1338,1991,653
AB822988_2,metacontig,111,605,494
ar_R29_M37628_S1_3,metacontig,132,679,547
ar_R29_M43053_S1_4,metacontig,122,655,533
ar_R29_M22747_S1_3,metacontig,122,685,563
MK271062_9,metacontig,420,998,578
ar_R29_M6498_S1_4,metacontig,444,1014,570
ar_R29_M41036_S1_4,metacontig,8,419,411
st_R29_M171945_S1_1,metacontig,1,503,502
mm_R29_M1301_S1_2,metacontig,14,494,480
ar_R29_M20323_S1_1,metacontig,340,906,566
ar_R29_M17733_S1_1,metacontig,157,700,543
ar_R29_M39280_S1_3,metacontig,814,1419,605
ar_R29_M30544_S1_3,metacontig,389,925,536
ar_R29_M37530_S1_3,metacontig,833,1478,645
ar_R29_M22957_S1_2,metacontig,115,611,496
ar_R29_M28642_S1_1,metacontig,309,844,535
st_R29_M34385_S1_1,metacontig,392,976,584
ar_R29_M22908_S1_2,metacontig,45,471,426
ar_R29_M10682_S1_5,metacontig,376,946,570
st_R29_M308420_S1_1,metacontig,401,926,525
st_R29_M336325_S1_3,metacontig,2,376,374
st_R29_M213426_S1_1,metacontig,266,853,587
ar_R29_M901_S1_3,metacontig,4,481,477
st_R29_M37675_S1_1,metacontig,182,559,377
ar_R29_M29349_S1_2,metacontig,3,340,337
st_R29_M373243_S1_2,metacontig,35,528,493
ar_R29_M25490_S1_3,metacontig,846,1398,552
ar_R29_M22270_S1_2,metacontig,149,693,544
NC_000903_6,metacontig,360,969,609
ar_R29_M9969_S1_1,metacontig,136,684,548
ar_R29_M9786_S1_2,metacontig,457,1016,559
ar_R29_M43469_S1_3,metacontig,401,945,544
MT247701_3,metacontig,880,1481,601
ar_R29_M26703_S2_1,metacontig,693,1307,614
st_R29_M413623_S1_2,metacontig,114,682,568
ar_R29_M13362_S1_4,metacontig,802,1303,501
st_R29_M298314_S1_1,metacontig,39,680,641
ar_R29_M43516_S1_2,metacontig,180,795,615
ar_R29_M32617_S1_7,metacontig,335,880,545
LC270812_5,metacontig,432,964,532
HE589464_1,metacontig,111,572,461
NC_005776_1,metacontig,832,1406,574
ar_R29_M38634_S1_5,metacontig,129,688,559
ar_R29_M23657_S1_4,metacontig,814,1421,607
st_R29_M209974_S1_8,metacontig,384,972,588
ar_R29_M31426_S1_1,metacontig,145,683,538
ar_R29_M14325_S1_1,metacontig,10,545,535
ar_R29_M3933_S1_6,metacontig,409,970,561
st_R29_M312144_S1_4,metacontig,386,971,585
ar_R29_M35165_S1_4,metacontig,438,937,499
st_R29_M395787_S1_12,metacontig,378,970,592
ar_R29_M31653_S1_2,metacontig,155,689,534
ar_R29_M4864_S1_1,metacontig,158,684,526
st_R29_M438274_S1_4,metacontig,399,986,587
ma_R29_M5006_S1_4,metacontig,111,598,487
ar_R29_M36309_S1_1,metacontig,1264,1899,635
ar_R29_M22500_S1_2,metacontig,154,675,521
st_R29_M165694_S1_1,metacontig,301,636,335
ar_R29_M27179_S1_1,metacontig,813,1420,607
ar_R29_M20127_S2_2,metacontig,715,1253,538
ar_R29_M17662_S1_5,metacontig,329,899,570
st_R29_M374929_S1_1,metacontig,4,339,335
ar_R29_M11757_S1_1,metacontig,150,687,537
st_R29_M437182_S1_4,metacontig,393,973,580
ar_R29_M38087_S1_5,metacontig,821,1448,627
st_R29_M74612_S1_1,metacontig,4,478,474
fu_R29_M885_S2_1,metacontig,3,462,459
NC_038269_6,metacontig,335,905,570
ar_R29_M31506_S1_4,metacontig,438,948,510
st_R29_M33753_S1_1,metacontig,378,836,458
ar_R29_M25003_S1_1,metacontig,132,680,548
ar_R29_M20127_S1_2,metacontig,605,1211,606
ar_R29_M3436_S1_4,metacontig,120,665,545
ar_R29_M37881_S1_2,metacontig,6,447,441
ar_R29_M19908_S6_1,metacontig,169,715,546
ma_R29_M5576_S1_2,metacontig,111,603,492
fu_R29_M530_S1_1,metacontig,285,707,422
ar_R29_M24498_S2_3,metacontig,2,392,390
ar_R29_M26703_S1_4,metacontig,852,1466,614
st_R29_M252589_S1_8,metacontig,16,528,512
ar_R29_M8286_S1_3,metacontig,10,506,496
sa_R29_M1284_S1_17,metacontig,434,973,539
MN831436_5,metacontig,364,913,549
ar_R29_M7217_S1_10,metacontig,364,914,550
ar_R29_M15875_S8_1,metacontig,368,919,551
fi_R29_M1333_S1_1,metacontig,120,616,496
MK598848_8,metacontig,407,1017,610
ar_R29_M9451_S1_3,metacontig,151,679,528
ar_R29_M10505_S1_1,metacontig,129,684,555
ar_R29_M16394_S1_1,metacontig,102,639,537
ar_R29_M30024_S1_1,metacontig,2,367,365
ar_R29_M888_S1_6,metacontig,365,919,554
ar_R29_M27844_S1_10,metacontig,342,911,569
ar_R29_M42320_S1_1,metacontig,125,681,556
MT822181_5,metacontig,395,956,561
ar_R29_M30440_S1_5,metacontig,454,1033,579
ar_R29_M7749_S1_5,metacontig,11,495,484
ar_R29_M35025_S7_5,metacontig,16,518,502
st_R29_M276772_S1_1,metacontig,782,1428,646
mm_R29_M4565_S1_3,metacontig,815,1397,582
mm_R29_M4917_S6_1,metacontig,189,614,425
ar_R29_M19929_S6_4,metacontig,20,366,346
ar_R29_M20883_S1_1,metacontig,118,681,563
ar_R29_M7069_S1533_1,metacontig,34,428,394
ar_R29_M38521_S1_3,metacontig,834,1398,564
ar_R29_M1326_S1_1,metacontig,951,1513,562
ar_R29_M6470_S1_1,metacontig,2,387,385
ar_R29_M8688_S1_3,metacontig,150,689,539
am_R29_M197_S1_3,metacontig,129,617,488
st_R29_M200390_S1_1,metacontig,7,535,528
ar_R29_M28651_S1_3,metacontig,184,726,542
ar_R29_M28303_S1_1,metacontig,518,1095,577
ar_R29_M19908_S3_1,metacontig,831,1368,537
ar_R29_M36980_S1_1,metacontig,188,749,561
ar_R29_M20585_S2_1,metacontig,30,459,429
ar_R29_M3550_S1_7,metacontig,338,905,567
MW147277_5,metacontig,390,953,563
st_R29_M442584_S1_1,metacontig,306,713,407
ar_R29_M38634_S2_2,metacontig,15,505,490
ar_R29_M35249_S1_1,metacontig,134,682,548
ar_R29_M13438_S1_1,metacontig,127,677,550
ma_R29_M4840_S1_1,metacontig,111,600,489
ar_R29_M7069_S801_4,metacontig,438,953,515
st_R29_M77235_S1_1,metacontig,21,485,464
st_R29_M151680_S1_3,metacontig,12,413,401
ar_R29_M7069_S771_4,metacontig,443,958,515
ar_R29_M7494_S1_1,metacontig,811,1446,635
MH037149_6,metacontig,438,953,515
ar_R29_M4677_S1_1,metacontig,131,699,568
st_R29_M1090_S1_1,metacontig,19,524,505
ar_R29_M41458_S1_2,metacontig,161,688,527
ar_R29_M30406_S1_1,metacontig,268,771,503
mm_R29_M5321_S1_4,metacontig,41,560,519
ar_R29_M28856_S1_2,metacontig,14,411,397
ar_R29_M7069_S745_7,metacontig,427,941,514
ar_R29_M39063_S1_2,metacontig,139,687,548
mm_R29_M2916_S2_1,metacontig,4,353,349
ar_R29_M15965_S1_1,metacontig,151,699,548
mm_R29_M6403_S1_10,metacontig,398,1012,614
ar_R29_M23682_S1_1,metacontig,54,511,457
mm_R29_M2365_S1_2,metacontig,370,939,569
st_R29_M407405_S1_1,metacontig,148,691,543
ar_R29_M30223_S1_4,metacontig,965,1541,576
ar_R29_M31217_S1_2,metacontig,777,1291,514
ma_R29_M2760_S1_1,metacontig,1,324,323
st_R29_M49377_S1_1,metacontig,1,483,482
ar_R29_M12695_S1_1,metacontig,523,1109,586
ar_R29_M42143_S1_3,metacontig,103,542,439
ar_R29_M17461_S1_1,metacontig,857,1432,575
ar_R29_M22244_S1_3,metacontig,150,680,530
mm_R29_M7013_S1_1,metacontig,33,532,499
ar_R29_M22835_S1_1,metacontig,140,680,540
st_R29_M237595_S1_1,metacontig,2,345,343
ar_R29_M6495_S1_5,metacontig,343,913,570
st_R29_M373288_S1_2,metacontig,377,935,558
st_R29_M269725_S1_1,metacontig,437,974,537
ar_R29_M5133_S1_1,metacontig,123,671,548
ar_R29_M14549_S1_1,metacontig,20,422,402
ar_R29_M7717_S1_1,metacontig,836,1490,654
ar_R29_M41179_S2_2,metacontig,3,471,468
ar_R29_M20326_S1_2,metacontig,86,643,557
mm_R29_M586_S1_1,metacontig,124,533,409
ar_R29_M31833_S1_1,metacontig,807,1430,623
st_R29_M281337_S1_2,metacontig,2,434,432
ar_R29_M7069_S1314_1,metacontig,74,520,446
ar_R29_M34254_S1_1,metacontig,32,454,422
ar_R29_M14932_S1_1,metacontig,524,1053,529
ar_R29_M1080_S1_1,metacontig,80,614,534
ar_R29_M8241_S1_3,metacontig,136,675,539
ar_R29_M6983_S1_4,metacontig,142,670,528
fi_R29_M281_S5_3,metacontig,427,1037,610
st_R29_M257145_S1_1,metacontig,214,627,413
ar_R29_M18214_S2_1,metacontig,2,353,351
ar_R29_M12057_S1_3,metacontig,149,684,535
ar_R29_M3900_S1_3,metacontig,736,1349,613
ar_R29_M7141_S1_3,metacontig,810,1311,501
st_R29_M58564_S1_1,metacontig,2,425,423
ar_R29_M11678_S1_10,metacontig,353,903,550
ar_R29_M32035_S1_2,metacontig,324,756,432
st_R29_M16683_S1_1,metacontig,7,393,386
ar_R29_M8523_S1_1,metacontig,146,702,556
ar_R29_M8360_S1_4,metacontig,14,397,383
ar_R29_M25216_S1_1,metacontig,783,1309,526
fi_R29_M1804_S1_2,metacontig,391,815,424
ar_R29_M2578_S3_1,metacontig,114,453,339
st_R29_M4810_S1_3,metacontig,447,986,539
ar_R29_M37352_S1_1,metacontig,833,1416,583
fu_R29_M2126_S1_1,metacontig,7,391,384
ar_R29_M6013_S1_2,metacontig,104,531,427
ar_R29_M9866_S1_9,metacontig,902,1593,691
st_R29_M1566_S1_1,metacontig,215,556,341
MT162449_9,metacontig,381,991,610
st_R29_M197174_S10_6,metacontig,204,653,449
ar_R29_M15875_S1_12,metacontig,367,918,551
ar_R29_M38382_S1_1,metacontig,824,1376,552
ar_R29_M9535_S1_2,metacontig,390,722,332
mm_R29_M6141_S1_5,metacontig,347,891,544
ar_R29_M32257_S1_2,metacontig,381,922,541
ar_R29_M32570_S1_1,metacontig,28,519,491
st_R29_M209973_S1_1,metacontig,20,530,510
st_R29_M76454_S1_1,metacontig,19,535,516
ar_R29_M17220_S1_1,metacontig,24,354,330
al_R29_M81_S1_10,metacontig,428,1032,604
ar_R29_M25713_S1_1,metacontig,330,1026,696
ar_R29_M33366_S1_3,metacontig,31,513,482
mm_R29_M1331_S4_2,metacontig,12,434,422
ar_R29_M41046_S1_1,metacontig,19,484,465
fu_R29_M5783_S1_1,metacontig,9,386,377
ar_R29_M27949_S1_2,metacontig,156,694,538
ar_R29_M35145_S1_1,metacontig,230,743,513
ar_R29_M14365_S1_2,metacontig,459,1012,553
ar_R29_M5348_S1_1,metacontig,142,684,542
mm_R29_M7644_S1_7,metacontig,830,1396,566
ar_R29_M2554_S5_2,metacontig,37,375,338
MH822964_6,metacontig,392,936,544
ar_R29_M13152_S1_3,metacontig,140,678,538
mm_R29_M684_S1_3,metacontig,337,881,544
st_R29_M89551_S1_5,metacontig,29,572,543
ar_R29_M28111_S1_2,metacontig,651,1317,666
ar_R29_M33078_S1_1,metacontig,22,477,455
ar_R29_M28344_S1_3,metacontig,150,684,534
fi_R29_M1159_S1_1,metacontig,27,432,405
ar_R29_M14986_S1_1,metacontig,30,433,403
ar_R29_M18374_S1_1,metacontig,629,1260,631
ar_R29_M9536_S1_1,metacontig,28,382,354
ar_R29_M15797_S1_2,metacontig,405,965,560
st_R29_M28057_S1_1,metacontig,99,611,512
st_R29_M358121_S1_1,metacontig,2,412,410
ar_R29_M6287_S1_1,metacontig,131,678,547
ar_R29_M7168_S1_1,metacontig,2,537,535
st_R29_M52933_S1_1,metacontig,4,387,383
ar_R29_M32610_S1_1,metacontig,144,675,531
ar_R29_M23464_S1_1,metacontig,369,922,553
ma_R29_M4376_S1_1,metacontig,1,462,461
ar_R29_M35047_S1_4,metacontig,395,921,526
ar_R29_M32713_S1_2,metacontig,311,740,429
st_R29_M409625_S1_1,metacontig,37,368,331
ar_R29_M18748_S1_2,metacontig,24,498,474
sa_R29_M3309_S1_4,metacontig,365,909,544
ar_R29_M24738_S1_1,metacontig,135,681,546
st_R29_M69010_S1_1,metacontig,102,562,460
st_R29_M196311_S1_1,metacontig,21,329,308
ar_R29_M39654_S1_1,metacontig,4,396,392
ar_R29_M28241_S2_1,metacontig,20,408,388
st_R29_M405004_S1_10,metacontig,386,963,577
ar_R29_M28725_S1_3,metacontig,8,480,472
ar_R29_M31808_S1_2,metacontig,14,339,325
st_R29_M167207_S1_1,metacontig,92,405,313
MH822965_5,metacontig,397,948,551
ar_R29_M4033_S1_4,metacontig,850,1521,671
st_R29_M14708_S1_1,metacontig,214,762,548
ar_R29_M30689_S1_4,metacontig,825,1317,492
am_R29_M350_S1_3,metacontig,188,611,423
ar_R29_M18687_S1_1,metacontig,188,519,331
ar_R29_M14877_S1_1,metacontig,161,543,382
ar_R29_M2554_S6_1,metacontig,3,331,328
st_R29_M145698_S1_2,metacontig,39,401,362
ar_R29_M38537_S1_2,metacontig,151,692,541
am_R29_M2_S1_1,metacontig,211,611,400
ar_R29_M39517_S1_2,metacontig,136,673,537
ar_R29_M12724_S1_15,metacontig,359,914,555
st_R29_M119967_S1_5,metacontig,420,996,576
ar_R29_M9716_S1_2,metacontig,135,649,514
ar_R29_M5619_S1_1,metacontig,812,1348,536
st_R29_M18125_S1_2,metacontig,2,386,384
ar_R29_M7069_S712_4,metacontig,839,1385,546
st_R29_M308422_S1_1,metacontig,2,457,455
st_R29_M133579_S1_1,metacontig,7,488,481
fi_R29_M1910_S1_1,metacontig,26,357,331
ar_R29_M24747_S1_1,metacontig,3,374,371
FJ376982_9,metacontig,438,1050,612
st_R29_M159440_S1_1,metacontig,3,358,355
ar_R29_M15180_S1_2,metacontig,130,670,540
am_R29_M49_S1_5,metacontig,198,621,423
mm_R29_M1580_S1_1,metacontig,81,458,377
st_R29_M326271_S1_1,metacontig,103,492,389
ar_R29_M4391_S1_2,metacontig,29,433,404
ar_R29_M14454_S1_5,metacontig,131,668,537
ar_R29_M42273_S1_4,metacontig,394,952,558
ar_R29_M40189_S1_1,metacontig,18,420,402
ar_R29_M7714_S1_4,metacontig,803,1342,539
ar_R29_M42259_S1_2,metacontig,460,1009,549
ar_R29_M42198_S1_1,metacontig,54,447,393
st_R29_M120841_S1_1,metacontig,17,433,416
st_R29_M17228_S1_1,metacontig,9,398,389
st_R29_M75447_S1_1,metacontig,16,418,402
ar_R29_M7069_S1273_2,metacontig,40,379,339
fi_R29_M1380_S1_2,metacontig,168,690,522
ar_R29_M7069_S1547_1,metacontig,15,413,398
st_R29_M326272_S1_1,metacontig,824,1319,495
ar_R29_M20223_S1_1,metacontig,14,444,430
ar_R29_M24125_S2_1,metacontig,26,296,270
ar_R29_M16860_S1_1,metacontig,119,582,463
ma_R29_M3894_S11_1,metacontig,309,759,450
ar_R29_M4391_S5_3,metacontig,29,368,339
ar_R29_M36571_S1_1,metacontig,156,680,524
st_R29_M16695_S1_2,metacontig,13,440,427
ar_R29_M7069_S683_7,metacontig,851,1401,550
ar_R29_M31639_S1_1,metacontig,69,428,359
ar_R29_M8383_S1_2,metacontig,132,504,372
ar_R29_M14022_S1_1,metacontig,103,675,572
ar_R29_M5027_S1_5,metacontig,434,988,554
ar_R29_M5089_S1_3,metacontig,3,397,394
ar_R29_M19525_S1_1,metacontig,13,363,350
st_R29_M233669_S1_1,metacontig,227,731,504
NC_025384_8,metacontig,419,983,564
ar_R29_M5126_S4_1,metacontig,16,404,388
st_R29_M135445_S1_2,metacontig,5,402,397
st_R29_M101911_S1_1,metacontig,699,1195,496
ar_R29_M12491_S1_2,metacontig,255,802,547
ar_R29_M4201_S1_3,metacontig,136,676,540
ar_R29_M27177_S1_2,metacontig,420,986,566
ar_R29_M26580_S1_7,metacontig,456,1009,553
ar_R29_M13155_S1_1,metacontig,131,634,503
MG489864_5,metacontig,364,915,551
ar_R29_M15325_S1_1,metacontig,140,472,332
st_R29_M152258_S1_18,metacontig,465,964,499
ar_R29_M4198_S1_1,metacontig,35,371,336
mm_R29_M6606_S1_7,metacontig,389,994,605
ar_R29_M23082_S2_4,metacontig,144,488,344
st_R29_M140989_S1_1,metacontig,805,1301,496
mm_R29_M6737_S1_2,metacontig,384,939,555
ar_R29_M12701_S1_1,metacontig,75,476,401
MN083249_13,metacontig,395,1006,611
MN745087_10,metacontig,445,1054,609
ar_R29_M41539_S1_5,metacontig,207,642,435
ar_R29_M23219_S1_1,metacontig,852,1422,570
ar_R29_M21356_S1_2,metacontig,81,509,428
mm_R29_M2006_S1_2,metacontig,189,732,543
MT498829_16,metacontig,436,972,536
st_R29_M209956_S1_1,metacontig,14,337,323
ar_R29_M11679_S1_2,metacontig,8,418,410
KU821121_10,metacontig,411,1020,609
ar_R29_M12205_S1_1,metacontig,56,445,389
ar_R29_M25361_S1_2,metacontig,827,1303,476
st_R29_M353560_S1_1,metacontig,2,373,371
st_R29_M265021_S1_1,metacontig,2,347,345
st_R29_M446377_S1_1,metacontig,191,778,587
fi_R29_M284_S2_1,metacontig,370,924,554
st_R29_M6507_S1_1,metacontig,419,737,318
mm_R29_M2044_S1_1,metacontig,702,1291,589
ar_R29_M5700_S1_2,metacontig,292,781,489
fu_R29_M1731_S1_7,metacontig,362,891,529
ma_R29_M5376_S1_1,metacontig,19,356,337
st_R29_M237365_S1_2,metacontig,76,461,385
st_R29_M136200_S1_1,metacontig,23,345,322
ar_R29_M8005_S1_1,metacontig,32,562,530
mm_R29_M3815_S1_2,metacontig,42,555,513
st_R29_M209944_S2_2,metacontig,361,714,353
st_R29_M129502_S2_2,metacontig,10,452,442
ar_R29_M32669_S1_1,metacontig,131,673,542
ar_R29_M4724_S1_4,metacontig,374,941,567
ar_R29_M9550_S2_2,metacontig,15,456,441
st_R29_M15185_S1_1,metacontig,18,347,329
mm_R29_M1434_S1_11,metacontig,86,640,554
st_R29_M420037_S1_1,metacontig,391,719,328
ar_R29_M7069_S1449_1,metacontig,115,489,374
ar_R29_M23496_S1_3,metacontig,868,1453,585
st_R29_M373305_S1_1,metacontig,442,965,523
ar_R29_M39422_S1_4,metacontig,1050,1539,489
ar_R29_M22950_S1_1,metacontig,338,844,506
ar_R29_M30605_S1_1,metacontig,826,1448,622
MN306019_9,metacontig,384,990,606
st_R29_M446063_S1_5,metacontig,136,679,543
ar_R29_M29096_S1_1,metacontig,19,378,359
ar_R29_M9111_S1_2,metacontig,149,692,543
st_R29_M320996_S1_2,metacontig,876,1318,442
ar_R29_M39994_S1_1,metacontig,531,911,380
ar_R29_M3351_S1_1,metacontig,30,499,469
ar_R29_M3964_S1_6,metacontig,881,1421,540
ar_R29_M9550_S1_1,metacontig,1058,1525,467
ar_R29_M31761_S1_1,metacontig,1,361,360
st_R29_M253726_S1_2,metacontig,36,479,443
ar_R29_M773_S3_1,metacontig,829,1247,418
ar_R29_M39391_S1_2,metacontig,238,741,503
ar_R29_M9344_S1_1,metacontig,858,1323,465
ar_R29_M7099_S1_1,metacontig,778,1302,524
st_R29_M423083_S1_1,metacontig,39,418,379
ar_R29_M32998_S1_1,metacontig,4,301,297
fu_R29_M2599_S3_1,metacontig,167,502,335
st_R29_M239885_S1_4,metacontig,741,1273,532
ar_R29_M31363_S1_6,metacontig,462,1013,551
mm_R29_M2483_S1_2,metacontig,2,291,289
ar_R29_M7069_S21_35,metacontig,925,1342,417
ar_R29_M7069_S570_8,metacontig,925,1342,417
st_R29_M373310_S1_1,metacontig,3,416,413
ar_R29_M41488_S10_3,metacontig,47,542,495
mm_R29_M3986_S1_1,metacontig,95,654,559
ar_R29_M15153_S5_1,metacontig,58,385,327
ar_R29_M13235_S12_4,metacontig,390,843,453
ar_R29_M38559_S1_14,metacontig,473,978,505
st_R29_M211667_S1_1,metacontig,2,442,440
st_R29_M190629_S1_2,metacontig,169,707,538
st_R29_M37716_S1_4,metacontig,412,796,384
ar_R29_M37354_S1_1,metacontig,785,1353,568
ar_R29_M29919_S1_1,metacontig,4,390,386
ar_R29_M14874_S1_3,metacontig,61,489,428
ar_R29_M16130_S1_1,metacontig,26,477,451
sa_R29_M2052_S1_7,metacontig,816,1324,508
fi_R29_M1509_S1_3,metacontig,352,830,478
ar_R29_M32973_S1_4,metacontig,255,767,512
st_R29_M37807_S1_4,metacontig,789,1305,516
ar_R29_M42063_S1_3,metacontig,2,366,364
ar_R29_M20295_S1_1,metacontig,138,675,537
ar_R29_M41488_S5_1,metacontig,1703,2194,491
ar_R29_M18452_S1_3,metacontig,139,676,537
ar_R29_M11131_S1_1,metacontig,17,515,498
ar_R29_M4734_S1_6,metacontig,563,1180,617
st_R29_M387593_S1_1,metacontig,717,1324,607
AY579780_9,metacontig,386,997,611
MH745147_11,metacontig,423,1018,595
st_R29_M15056_S1_1,metacontig,19,380,361
ar_R29_M31157_S1_2,metacontig,18,430,412
st_R29_M119603_S1_1,metacontig,636,1164,528
st_R29_M97200_S1_1,metacontig,11,340,329
ar_R29_M41488_S1_2,metacontig,2282,2765,483
ar_R29_M19821_S1_1,metacontig,780,1314,534
ar_R29_M39397_S1_1,metacontig,249,755,506
FJ977568_10,metacontig,386,996,610
am_R29_M570_S1_2,metacontig,508,1096,588
ar_R29_M19170_S1_1,metacontig,2,334,332
fu_R29_M4905_S1_4,metacontig,946,1370,424
st_R29_M387884_S1_1,metacontig,421,790,369
st_R29_M23689_S1_1,metacontig,13,388,375
ar_R29_M20140_S1_4,metacontig,119,667,548
st_R29_M279295_S1_1,metacontig,676,1345,669
HG934338_11,metacontig,424,1035,611
am_R29_M37_S1_5,metacontig,555,1020,465
st_R29_M322912_S1_2,metacontig,16,449,433
st_R29_M27582_S1_1,metacontig,138,590,452
st_R29_M101775_S1_1,metacontig,807,1333,526
fu_R29_M4953_S1_3,metacontig,573,1108,535
fi_R29_M949_S1_1,metacontig,829,1234,405
ar_R29_M7069_S1556_1,metacontig,17,378,361
ar_R29_M34448_S1_1,metacontig,155,666,511
st_R29_M222072_S1_1,metacontig,703,1282,579
st_R29_M237347_S1_2,metacontig,10,468,458
st_R29_M74610_S1_1,metacontig,173,486,313
ar_R29_M41488_S12_1,metacontig,18,455,437
ar_R29_M7069_S789_6,metacontig,417,921,504
ar_R29_M40639_S1_1,metacontig,2,340,338
st_R29_M30485_S1_1,metacontig,752,1348,596
st_R29_M281390_S1_2,metacontig,429,941,512
st_R29_M140987_S1_5,metacontig,728,1354,626
st_R29_M34578_S2_1,metacontig,72,607,535
ar_R29_M14483_S1_1,metacontig,501,1189,688
MK491499_11,metacontig,410,1006,596
ar_R29_M17208_S1_1,metacontig,764,1236,472
ar_R29_M33182_S1_2,metacontig,1,441,440
st_R29_M106492_S8_3,metacontig,14,441,427
ar_R29_M27367_S1_4,metacontig,369,923,554
HG934339_11,metacontig,401,995,594
mm_R29_M8068_S1_3,metacontig,724,1335,611
fi_R29_M1190_S1_1,metacontig,40,639,599
mm_R29_M4177_S1_7,metacontig,438,946,508
ar_R29_M13230_S1_1,metacontig,54,527,473
ar_R29_M41427_S1_3,metacontig,16,537,521
ar_R29_M31392_S1_1,metacontig,7,373,366
fi_R29_M1538_S1_4,metacontig,190,646,456
st_R29_M18982_S1_2,metacontig,105,518,413
st_R29_M30445_S1_1,metacontig,1,377,376
ar_R29_M38806_S1_2,metacontig,109,563,454
ar_R29_M42440_S1_6,metacontig,334,961,627
ar_R29_M40781_S1_6,metacontig,432,931,499
st_R29_M51378_S1_1,metacontig,1,433,432
st_R29_M412433_S1_1,metacontig,674,1279,605
ar_R29_M6178_S1_2,metacontig,112,481,369
ar_R29_M15720_S1_2,metacontig,318,637,319
st_R29_M106492_S2_3,metacontig,1171,1720,549
st_R29_M323429_S1_3,metacontig,1170,1719,549
st_R29_M195663_S1_1,metacontig,433,944,511
ar_R29_M16447_S1_5,metacontig,1008,1495,487
st_R29_M200412_S1_1,metacontig,198,818,620
st_R29_M106492_S9_4,metacontig,615,1175,560
fu_R29_M4154_S1_1,metacontig,902,1346,444
ar_R29_M8256_S1_1,metacontig,452,953,501
st_R29_M82191_S1_1,metacontig,5,439,434
ar_R29_M25936_S1_1,metacontig,2,282,280
ar_R29_M31619_S1_4,metacontig,679,1162,483
ar_R29_M16382_S1_2,metacontig,528,1029,501
al_R29_M871_S1_1,metacontig,407,895,488
ar_R29_M27014_S1_1,metacontig,109,583,474
st_R29_M101935_S1_1,metacontig,732,1232,500
st_R29_M239923_S1_1,metacontig,17,441,424
st_R29_M245738_S1_2,metacontig,110,705,595
ar_R29_M31395_S1_1,metacontig,2,301,299
fi_R29_M1198_S1_1,metacontig,418,911,493
ar_R29_M2748_S1_1,metacontig,766,1268,502
ar_R29_M25861_S1_1,metacontig,149,674,525
ar_R29_M5518_S1_3,metacontig,848,1367,519
st_R29_M43404_S1_1,metacontig,158,692,534
st_R29_M319740_S1_3,metacontig,344,774,430
ar_R29_M15691_S1_1,metacontig,790,1347,557
sp_R29_M779_S1_10,metacontig,168,678,510
st_R29_M198881_S1_6,metacontig,1166,1707,541
ar_R29_M18423_S1_3,metacontig,800,1337,537
MF093139_10,metacontig,402,992,590
ar_R29_M24554_S1_4,metacontig,19,419,400
st_R29_M276768_S1_3,metacontig,763,1258,495
ar_R29_M36314_S1_3,metacontig,818,1288,470
st_R29_M137788_S1_2,metacontig,780,1323,543
ar_R29_M10606_S1_1,metacontig,4,391,387
st_R29_M137752_S1_1,metacontig,950,1363,413
ar_R29_M42307_S1_1,metacontig,21,470,449
ar_R29_M40257_S1_1,metacontig,1165,1673,508
mm_R29_M3346_S1_5,metacontig,431,933,502
ar_R29_M16665_S1_2,metacontig,119,583,464
st_R29_M233676_S1_1,metacontig,767,1268,501
ar_R29_M12333_S1_1,metacontig,5,306,301
ar_R29_M24869_S1_1,metacontig,747,1399,652
st_R29_M312145_S1_1,metacontig,760,1290,530
st_R29_M233668_S1_2,metacontig,755,1256,501
ar_R29_M5984_S1_2,metacontig,207,744,537
mm_R29_M3316_S1_6,metacontig,817,1451,634
st_R29_M333452_S1_1,metacontig,52,436,384
st_R29_M83535_S1_4,metacontig,970,1355,385
ar_R29_M26527_S1_1,metacontig,17,287,270
st_R29_M171395_S2_3,metacontig,280,585,305
sa_R29_M480_S1_3,metacontig,1033,1481,448
ar_R29_M35885_S1_1,metacontig,177,647,470
NC_015469_3,metacontig,1175,1717,542
ar_R29_M38065_S1_1,metacontig,10,340,330
ar_R29_M34225_S1_1,metacontig,262,589,327
ar_R29_M32705_S1_9,metacontig,314,794,480
ar_R29_M13668_S1_2,metacontig,32,486,454
st_R29_M34182_S1_2,metacontig,741,1248,507
st_R29_M205190_S1_3,metacontig,662,1176,514
ar_R29_M19746_S1_1,metacontig,757,1268,511
mm_R29_M7892_S1_2,metacontig,76,491,415
st_R29_M237357_S1_2,metacontig,212,711,499
st_R29_M323976_S1_1,metacontig,21,379,358
ar_R29_M27302_S1_1,metacontig,12,366,354
st_R29_M373248_S1_4,metacontig,774,1243,469
st_R29_M34325_S1_1,metacontig,123,634,511
ar_R29_M5998_S1_1,metacontig,825,1190,365
ar_R29_M7069_S914_4,metacontig,199,521,322
st_R29_M119488_S1_2,metacontig,28,504,476
sa_R29_M360_S1_5,metacontig,786,1255,469
st_R29_M299229_S1_1,metacontig,8,252,244
ar_R29_M37074_S1_6,metacontig,750,1184,434
st_R29_M373248_S2_3,metacontig,148,617,469
st_R29_M4715_S1_1,metacontig,1145,1529,384
ar_R29_M14688_S3_2,metacontig,28,507,479
ar_R29_M16418_S1_1,metacontig,761,1289,528
sp_R29_M579_S1_13,metacontig,486,1001,515
st_R29_M320803_S1_1,metacontig,31,448,417
st_R29_M233695_S1_4,metacontig,757,1262,505
st_R29_M323958_S1_1,metacontig,755,1259,504
ar_R29_M14700_S1_1,metacontig,1079,1483,404
ar_R29_M23038_S1_1,metacontig,715,1166,451
st_R29_M353719_S1_1,metacontig,384,771,387
st_R29_M152259_S1_4,metacontig,3,439,436
ar_R29_M4578_S1_1,metacontig,9,369,360
ar_R29_M24046_S1_2,metacontig,94,801,707
ar_R29_M31912_S2_1,metacontig,38,298,260
st_R29_M152407_S1_1,metacontig,933,1361,428
mm_R29_M5478_S1_1,metacontig,964,1609,645
mm_R29_M7096_S9_2,metacontig,9,261,252
ar_R29_M34244_S1_1,metacontig,3,443,440
NC_038272_11,metacontig,462,1067,605
fu_R29_M5116_S1_1,metacontig,234,694,460
ar_R29_M12810_S1_2,metacontig,479,1017,538
st_R29_M77230_S1_3,metacontig,981,1345,364
st_R29_M208757_S1_1,metacontig,23,271,248
st_R29_M336540_S1_1,metacontig,667,1286,619
ar_R29_M16807_S1_2,metacontig,7,285,278
st_R29_M37897_S2_3,metacontig,893,1373,480
st_R29_M122924_S1_2,metacontig,2,348,346
st_R29_M398822_S1_3,metacontig,928,1370,442
MN175553_11,metacontig,388,996,608
st_R29_M171971_S1_2,metacontig,658,1267,609
ar_R29_M35023_S1_2,metacontig,38,321,283
ar_R29_M29215_S1_3,metacontig,125,575,450
ar_R29_M14087_S1_3,metacontig,7,340,333
AY743910_12,metacontig,404,1005,601
fu_R29_M1701_S1_1,metacontig,197,720,523
st_R29_M30440_S1_1,metacontig,13,441,428
ar_R29_M2499_S1_1,metacontig,220,718,498
ma_R29_M5147_S1_3,metacontig,908,1317,409
st_R29_M4737_S1_3,metacontig,9,308,299
ar_R29_M41419_S1_1,metacontig,108,493,385
ar_R29_M25211_S1_1,metacontig,180,724,544
ar_R29_M28055_S1_1,metacontig,39,366,327
st_R29_M409626_S1_1,metacontig,129,423,294
st_R29_M374916_S1_3,metacontig,909,1355,446
ar_R29_M5613_S1_4,metacontig,748,1302,554
ar_R29_M6902_S1_1,metacontig,32,335,303
st_R29_M33765_S1_1,metacontig,770,1270,500
ar_R29_M24676_S1_1,metacontig,19,475,456
ar_R29_M16807_S3_1,metacontig,11,279,268
ar_R29_M3375_S1_5,metacontig,467,999,532
st_R29_M381370_S1_1,metacontig,769,1257,488
mm_R29_M7219_S1_2,metacontig,676,1261,585
ar_R29_M20475_S1_1,metacontig,9,368,359
ar_R29_M37770_S1_1,metacontig,744,1252,508
ar_R29_M41101_S1_1,metacontig,2,314,312
st_R29_M137779_S1_4,metacontig,969,1425,456
st_R29_M306918_S1_1,metacontig,941,1372,431
st_R29_M449444_S1_1,metacontig,800,1295,495
st_R29_M52561_S1_2,metacontig,93,646,553
ar_R29_M26418_S1_1,metacontig,795,1265,470
sa_R29_M2923_S1_1,metacontig,222,610,388
fu_R29_M103_S1_1,metacontig,57,412,355
mm_R29_M3346_S2_5,metacontig,7,446,439
st_R29_M421929_S1_1,metacontig,379,986,607
st_R29_M67443_S1_5,metacontig,854,1344,490
st_R29_M333431_S1_2,metacontig,268,765,497
ar_R29_M8771_S1_4,metacontig,322,859,537
st_R29_M415259_S1_1,metacontig,324,931,607
fi_R29_M1029_S1_1,metacontig,805,1258,453
mm_R29_M6080_S1_2,metacontig,729,1342,613
st_R29_M406003_S1_1,metacontig,756,1263,507
st_R29_M175629_S1_3,metacontig,260,716,456
st_R29_M4716_S1_5,metacontig,975,1555,580
st_R29_M28475_S1_1,metacontig,24,456,432
KF713491_12,metacontig,464,1069,605
st_R29_M35520_S1_1,metacontig,762,1257,495
KP317952_11,metacontig,492,1095,603
ar_R29_M17607_S1_3,metacontig,475,1015,540
fi_R29_M1443_S1_2,metacontig,491,1013,522
st_R29_M3937_S1_1,metacontig,20,397,377
fu_R29_M3457_S1_1,metacontig,90,379,289
st_R29_M95852_S1_1,metacontig,47,654,607
NC_018482_7,metacontig,1024,1407,383
st_R29_M308981_S1_1,metacontig,364,970,606
st_R29_M339311_S1_1,metacontig,340,947,607
st_R29_M81429_S1_1,metacontig,101,352,251
ar_R29_M12831_S1_3,metacontig,855,1286,431
st_R29_M334762_S1_1,metacontig,227,834,607
st_R29_M291449_S1_1,metacontig,1,368,367
ar_R29_M33902_S1_1,metacontig,4,340,336
sa_R29_M769_S1_2,metacontig,168,773,605
st_R29_M166551_S1_1,metacontig,288,890,602
st_R29_M339010_S1_3,metacontig,148,591,443
st_R29_M12029_S6_1,metacontig,444,1051,607
st_R29_M137449_S1_1,metacontig,692,1299,607
ma_R29_M4749_S1_5,metacontig,467,1072,605
ar_R29_M23826_S1_2,metacontig,793,1260,467
st_R29_M74696_S1_1,metacontig,432,977,545
st_R29_M33143_S1_1,metacontig,762,1264,502
st_R29_M55268_S1_1,metacontig,326,912,586
sa_R29_M1708_S1_5,metacontig,1013,1450,437
mm_R29_M5866_S1_15,metacontig,417,1005,588
ar_R29_M15041_S1_1,metacontig,5,421,416
sa_R29_M692_S1_1,metacontig,1064,1447,383
KY654518_12,metacontig,467,1072,605
ar_R29_M25268_S1_2,metacontig,61,440,379
ar_R29_M39471_S1_4,metacontig,803,1280,477
st_R29_M201974_S1_1,metacontig,23,374,351
st_R29_M96485_S1_1,metacontig,65,477,412
st_R29_M40031_S1_1,metacontig,367,807,440
ar_R29_M19690_S1_1,metacontig,124,596,472
mm_R29_M85_S1_1,metacontig,9,333,324
ar_R29_M18_S2_1,metacontig,185,733,548
ar_R29_M805_S1_1,metacontig,578,1069,491
ar_R29_M5951_S1_1,metacontig,740,1247,507
st_R29_M381431_S1_1,metacontig,9,408,399
st_R29_M437182_S2_1,metacontig,6,405,399
al_R29_M552_S1_3,metacontig,255,724,469
ar_R29_M7069_S703_10,metacontig,464,962,498
ar_R29_M393_S1_6,metacontig,145,641,496
ar_R29_M13880_S1_1,metacontig,1213,1662,449
MK733769_13,metacontig,467,1072,605
ar_R29_M7761_S1_3,metacontig,769,1314,545
fu_R29_M3878_S1_1,metacontig,59,508,449
ar_R29_M32799_S1_2,metacontig,868,1248,380
sa_R29_M554_S1_4,metacontig,1004,1402,398
st_R29_M1930_S1_1,metacontig,418,790,372
ar_R29_M7539_S1_2,metacontig,15,277,262
ar_R29_M41395_S1_2,metacontig,298,816,518
st_R29_M129108_S1_1,metacontig,268,713,445
st_R29_M12029_S1_1,metacontig,1010,1617,607
mm_R29_M4803_S1_3,metacontig,740,1351,611
sa_R29_M1121_S1_6,metacontig,1026,1419,393
st_R29_M272642_S2_1,metacontig,29,283,254
st_R29_M4692_S1_1,metacontig,1113,1550,437
ar_R29_M34882_S1_1,metacontig,102,600,498
ar_R29_M37698_S1_5,metacontig,937,1481,544
st_R29_M323607_S1_1,metacontig,750,1213,463
ar_R29_M29704_S1_7,metacontig,836,1362,526
ar_R29_M26227_S1_6,metacontig,366,706,340
st_R29_M212798_S1_2,metacontig,125,529,404
ar_R29_M38912_S15_1,metacontig,1,275,274
fi_R29_M495_S1_4,metacontig,750,1281,531
st_R29_M410054_S1_6,metacontig,750,1246,496
st_R29_M170400_S1_1,metacontig,15,307,292
st_R29_M437159_S1_1,metacontig,250,636,386
fi_R29_M628_S1_1,metacontig,2,498,496
fu_R29_M4565_S1_1,metacontig,396,913,517
st_R29_M34162_S1_1,metacontig,1,347,346
ar_R29_M35354_S1_1,metacontig,147,645,498
st_R29_M18981_S1_1,metacontig,205,577,372
ar_R29_M19022_S1_4,metacontig,52,502,450
mm_R29_M2757_S1_1,metacontig,18,385,367
ar_R29_M3782_S1_1,metacontig,179,727,548
st_R29_M129110_S1_1,metacontig,1075,1516,441
ar_R29_M16853_S1_2,metacontig,428,726,298
mm_R29_M162_S1_1,metacontig,2,290,288
ar_R29_M10177_S1_3,metacontig,234,539,305
st_R29_M314101_S1_1,metacontig,11,385,374
st_R29_M331971_S1_1,metacontig,827,1381,554
NC_029124_1,metacontig,2240,2729,489
st_R29_M140824_S1_3,metacontig,781,1280,499
sa_R29_M1478_S1_1,metacontig,998,1446,448
st_R29_M77258_S1_4,metacontig,28,400,372
st_R29_M424346_S1_3,metacontig,923,1367,444
ar_R29_M22378_S1_2,metacontig,106,667,561
ar_R29_M25362_S1_1,metacontig,112,561,449
ar_R29_M9666_S1_1,metacontig,5,248,243
ar_R29_M9275_S1_1,metacontig,279,599,320
ar_R29_M39893_S1_1,metacontig,17,400,383
ar_R29_M5619_S2_1,metacontig,36,374,338
fu_R29_M2749_S1_3,metacontig,871,1370,499
ar_R29_M36850_S1_1,metacontig,792,1265,473
st_R29_M306920_S1_1,metacontig,718,1225,507
sa_R29_M330_S1_1,metacontig,1013,1447,434
st_R29_M276888_S1_1,metacontig,8,313,305
st_R29_M190605_S3_1,metacontig,1,287,286
ar_R29_M24886_S1_1,metacontig,857,1385,528
ar_R29_M19471_S1_1,metacontig,2,268,266
st_R29_M42829_S1_1,metacontig,922,1340,418
mm_R29_M3406_S1_4,metacontig,5,298,293
fu_R29_M4073_S1_1,metacontig,2,387,385
st_R29_M308418_S1_1,metacontig,757,1309,552
ar_R29_M18585_S1_1,metacontig,1186,1581,395
st_R29_M339833_S1_1,metacontig,53,487,434
ar_R29_M37234_S1_1,metacontig,196,529,333
st_R29_M306919_S1_6,metacontig,169,702,533
ar_R29_M4834_S1_2,metacontig,102,599,497
fu_R29_M3284_S2_2,metacontig,15,421,406
ar_R29_M22863_S1_1,metacontig,4,284,280
st_R29_M129305_S1_1,metacontig,979,1437,458
sa_R29_M436_S1_1,metacontig,1042,1426,384
fi_R29_M337_S1_2,metacontig,12,496,484
MF348199_1,metacontig,895,1429,534
ar_R29_M22277_S1_3,metacontig,758,1285,527
ar_R29_M32701_S1_2,metacontig,116,592,476
fu_R29_M5526_S1_4,metacontig,839,1412,573
st_R29_M220818_S1_1,metacontig,11,487,476
ar_R29_M24878_S1_1,metacontig,121,570,449
st_R29_M4686_S1_1,metacontig,691,1254,563
st_R29_M195879_S1_1,metacontig,911,1398,487
mm_R29_M1231_S1_4,metacontig,373,715,342
ar_R29_M16447_S3_2,metacontig,85,436,351
fu_R29_M2185_S1_1,metacontig,8,412,404
mm_R29_M3955_S5_1,metacontig,240,726,486
sa_R29_M1246_S1_1,metacontig,546,931,385
st_R29_M137748_S1_1,metacontig,38,356,318
ar_R29_M25941_S1_2,metacontig,115,568,453
mm_R29_M6080_S3_2,metacontig,65,519,454
st_R29_M156665_S1_2,metacontig,9,352,343
mm_R29_M864_S1_2,metacontig,235,820,585
sa_R29_M1808_S1_1,metacontig,775,1356,581
ar_R29_M33378_S1_1,metacontig,762,1304,542
st_R29_M34265_S1_2,metacontig,834,1377,543
ar_R29_M14394_S1_5,metacontig,718,1253,535
ar_R29_M12804_S1_1,metacontig,758,1240,482
mm_R29_M2864_S1_3,metacontig,883,1383,500
ar_R29_M31795_S1_2,metacontig,3,325,322
fu_R29_M5536_S1_6,metacontig,973,1376,403
st_R29_M10894_S1_4,metacontig,895,1423,528
st_R29_M4726_S1_1,metacontig,980,1501,521
sa_R29_M368_S1_3,metacontig,756,1347,591
sa_R29_M2539_S1_1,metacontig,302,687,385
st_R29_M234856_S1_1,metacontig,16,367,351
ar_R29_M42926_S1_1,metacontig,2,377,375
fu_R29_M2734_S1_1,metacontig,107,557,450
ar_R29_M6181_S1_1,metacontig,819,1173,354
st_R29_M448520_S1_1,metacontig,171,638,467
st_R29_M4704_S1_2,metacontig,21,555,534
ar_R29_M18790_S1_2,metacontig,264,750,486
st_R29_M48127_S1_1,metacontig,18,505,487
fu_R29_M4034_S1_1,metacontig,14,434,420
st_R29_M196373_S1_3,metacontig,465,879,414
st_R29_M4700_S1_1,metacontig,34,418,384
ar_R29_M40919_S1_1,metacontig,717,1200,483
fu_R29_M5344_S1_4,metacontig,1004,1558,554
ar_R29_M20026_S1_5,metacontig,779,1247,468
ar_R29_M36343_S1_3,metacontig,297,695,398
ar_R29_M16133_S1_4,metacontig,769,1272,503
st_R29_M129152_S1_1,metacontig,54,445,391
ar_R29_M20345_S1_10,metacontig,7,287,280
ar_R29_M41607_S1_5,metacontig,373,863,490
ar_R29_M7069_S1566_1,metacontig,9,321,312
st_R29_M312143_S1_1,metacontig,5,365,360
st_R29_M141727_S1_1,metacontig,908,1259,351
fu_R29_M1254_S1_1,metacontig,838,1381,543
ar_R29_M10164_S1_2,metacontig,781,1290,509
st_R29_M77267_S1_1,metacontig,304,738,434
st_R29_M152379_S1_1,metacontig,448,937,489
st_R29_M141017_S1_6,metacontig,410,898,488
ar_R29_M16375_S1_1,metacontig,5,267,262
st_R29_M244336_S1_2,metacontig,1,344,343
ar_R29_M32073_S2_11,metacontig,937,1358,421
mm_R29_M7267_S1_6,metacontig,445,1014,569
ma_R29_M1627_S1_2,metacontig,939,1298,359
ar_R29_M14097_S3_3,metacontig,6,252,246
st_R29_M439466_S1_6,metacontig,348,781,433
st_R29_M306930_S1_1,metacontig,18,506,488
st_R29_M362516_S1_1,metacontig,173,602,429
ar_R29_M38912_S13_2,metacontig,4,291,287
st_R29_M389200_S1_1,metacontig,5,374,369
st_R29_M177852_S1_1,metacontig,1925,2339,414
st_R29_M53161_S1_6,metacontig,50,535,485
st_R29_M317158_S1_1,metacontig,81,512,431
ar_R29_M39098_S1_1,metacontig,2,383,381
st_R29_M171221_S1_1,metacontig,10,387,377
st_R29_M140823_S1_1,metacontig,866,1408,542
ar_R29_M40567_S1_1,metacontig,141,530,389
sp_R29_M467_S1_1,metacontig,713,1178,465
st_R29_M129137_S1_1,metacontig,11,395,384
mm_R29_M3955_S2_1,metacontig,767,1340,573
st_R29_M37645_S1_2,metacontig,2,328,326
mm_R29_M8220_S1_1,metacontig,200,545,345
st_R29_M272974_S1_1,metacontig,4,391,387
mm_R29_M3955_S3_4,metacontig,761,1334,573
st_R29_M295780_S1_1,metacontig,149,670,521
ar_R29_M13526_S1_2,metacontig,35,364,329
ar_R29_M10686_S1_1,metacontig,19,405,386
st_R29_M373286_S1_1,metacontig,814,1229,415
fu_R29_M3486_S1_2,metacontig,867,1453,586
st_R29_M83543_S1_2,metacontig,913,1345,432
st_R29_M259973_S1_1,metacontig,359,631,272
ar_R29_M15712_S1_2,metacontig,12,250,238
st_R29_M196038_S1_1,metacontig,1,362,361
ma_R29_M1064_S5_2,metacontig,920,1349,429
mm_R29_M7531_S1_2,metacontig,726,1226,500
fu_R29_M5090_S1_1,metacontig,24,374,350
ar_R29_M33359_S1_2,metacontig,16,331,315
ar_R29_M3533_S1_1,metacontig,7,233,226
ar_R29_M32073_S1_7,metacontig,1290,1700,410
st_R29_M197172_S1_1,metacontig,20,346,326
st_R29_M129100_S1_4,metacontig,1159,1513,354
st_R29_M439443_S1_4,metacontig,1088,1583,495
ar_R29_M32248_S1_1,metacontig,335,913,578
st_R29_M306927_S1_2,metacontig,819,1427,608
st_R29_M317150_S1_1,metacontig,10,351,341
st_R29_M190700_S1_1,metacontig,26,406,380
st_R29_M140870_S1_1,metacontig,206,753,547
ar_R29_M3946_S1_2,metacontig,8,397,389
ar_R29_M5182_S1_1,metacontig,1277,1811,534
fu_R29_M1259_S1_2,metacontig,580,933,353
ar_R29_M42913_S1_1,metacontig,807,1160,353
st_R29_M270180_S1_1,metacontig,7,305,298
mm_R29_M4917_S7_1,metacontig,33,383,350
st_R29_M4693_S1_2,metacontig,116,678,562
ar_R29_M7312_S1_1,metacontig,765,1260,495
sa_R29_M485_S1_4,metacontig,1021,1478,457
st_R29_M295794_S1_1,metacontig,646,1033,387
ma_R29_M6172_S5_5,metacontig,1034,1432,398
fu_R29_M5360_S1_1,metacontig,853,1446,593
st_R29_M19542_S1_3,metacontig,322,906,584
ar_R29_M39649_S1_2,metacontig,742,1240,498
st_R29_M334513_S1_2,metacontig,141,530,389
st_R29_M409111_S1_4,metacontig,473,965,492
ch_R29_M313_S1_1,metacontig,1411,1833,422
ar_R29_M39704_S1_1,metacontig,1266,1849,583
st_R29_M320991_S1_6,metacontig,1172,1559,387
st_R29_M281384_S1_1,metacontig,87,587,500
st_R29_M36528_S1_4,metacontig,717,1239,522
fu_R29_M4852_S1_5,metacontig,798,1224,426
ma_R29_M6172_S4_1,metacontig,1034,1432,398
NC_030660_1,metacontig,982,1434,452
st_R29_M40854_S1_3,metacontig,1327,1825,498
ar_R29_M30239_S1_4,metacontig,525,1115,590
st_R29_M4710_S1_1,metacontig,1216,1584,368
ar_R29_M6963_S3_2,metacontig,45,434,389
ar_R29_M32906_S1_1,metacontig,1603,2004,401
ma_R29_M3583_S1_1,metacontig,926,1309,383
st_R29_M43404_S2_1,metacontig,25,350,325
ar_R29_M29320_S1_3,metacontig,764,1263,499
ar_R29_M36309_S2_1,metacontig,409,744,335
st_R29_M47577_S1_4,metacontig,1162,1562,400
st_R29_M298394_S1_2,metacontig,218,617,399
ma_R29_M4593_S1_1,metacontig,533,1039,506
ar_R29_M31009_S1_1,metacontig,7,243,236
st_R29_M77232_S1_2,metacontig,941,1346,405
st_R29_M416788_S1_3,metacontig,491,872,381
st_R29_M324715_S1_1,metacontig,55,432,377
mm_R29_M5481_S1_8,metacontig,357,932,575
st_R29_M34684_S1_1,metacontig,7,347,340
sa_R29_M1530_S1_3,metacontig,887,1429,542
mm_R29_M3722_S1_1,metacontig,4,363,359
st_R29_M439445_S1_7,metacontig,974,1552,578
st_R29_M366813_S1_1,metacontig,324,819,495
mm_R29_M7013_S2_1,metacontig,32,280,248
st_R29_M4724_S1_1,metacontig,156,563,407
st_R29_M270202_S1_2,metacontig,1055,1556,501
st_R29_M325363_S1_3,metacontig,1076,1635,559
st_R29_M83544_S1_1,metacontig,897,1463,566
st_R29_M18980_S1_1,metacontig,216,595,379
ar_R29_M7069_S1503_2,metacontig,58,393,335
st_R29_M146999_S1_1,metacontig,213,506,293
st_R29_M4695_S1_1,metacontig,995,1542,547
st_R29_M231331_S1_1,metacontig,453,944,491
st_R29_M129127_S1_1,metacontig,2,330,328
st_R29_M307254_S1_2,metacontig,537,1000,463
st_R29_M35842_S1_1,metacontig,18,332,314
ar_R29_M34709_S1_1,metacontig,10,403,393
mm_R29_M5952_S8_7,metacontig,378,646,268
st_R29_M339057_S1_3,metacontig,3,392,389
mm_R29_M5717_S1_6,metacontig,13,468,455
st_R29_M351719_S1_4,metacontig,223,835,612
ar_R29_M15875_S9_1,metacontig,148,488,340
ar_R29_M8967_S1_1,metacontig,72,343,271
st_R29_M83542_S1_1,metacontig,974,1345,371
st_R29_M254696_S1_3,metacontig,1143,1563,420
st_R29_M4713_S1_1,metacontig,1012,1513,501
st_R29_M92049_S1_1,metacontig,1171,1554,383
ar_R29_M5430_S1_1,metacontig,76,365,289
st_R29_M92017_S1_2,metacontig,1147,1496,349
mm_R29_M3955_S6_1,metacontig,2,474,472
ar_R29_M38818_S1_2,metacontig,117,505,388
st_R29_M202287_S1_4,metacontig,1605,1986,381
st_R29_M67459_S1_1,metacontig,31,475,444
st_R29_M437160_S1_5,metacontig,398,885,487
st_R29_M200391_S30_1,metacontig,8,348,340
st_R29_M61866_S1_1,metacontig,376,778,402
st_R29_M318242_S1_3,metacontig,474,957,483
st_R29_M179881_S1_1,metacontig,3,392,389
st_R29_M286176_S1_1,metacontig,45,545,500
ar_R29_M24138_S1_2,metacontig,141,505,364
st_R29_M58362_S1_1,metacontig,1073,1606,533
st_R29_M28468_S1_1,metacontig,15,362,347
st_R29_M295792_S1_1,metacontig,726,1083,357
ar_R29_M16367_S1_1,metacontig,2,277,275
st_R29_M4709_S1_6,metacontig,978,1575,597
st_R29_M129105_S1_1,metacontig,1047,1510,463
st_R29_M339836_S1_1,metacontig,41,418,377
st_R29_M32861_S1_1,metacontig,116,479,363
st_R29_M129109_S1_1,metacontig,868,1221,353
ar_R29_M19582_S1_1,metacontig,49,392,343
st_R29_M253666_S1_2,metacontig,20,428,408
st_R29_M339845_S1_1,metacontig,37,358,321
ar_R29_M5296_S1_4,metacontig,292,684,392
st_R29_M47584_S1_1,metacontig,1154,1562,408
st_R29_M4721_S1_2,metacontig,535,954,419
st_R29_M439464_S1_4,metacontig,1211,1538,327
st_R29_M141014_S1_6,metacontig,518,935,417
st_R29_M212797_S1_1,metacontig,1147,1619,472
st_R29_M30417_S1_4,metacontig,1157,1559,402
st_R29_M71005_S1_1,metacontig,187,577,390
st_R29_M85710_S1_1,metacontig,444,934,490
NC_018484_4,metacontig,1025,1427,402
st_R29_M4723_S1_1,metacontig,1139,1531,392
st_R29_M109727_S1_6,metacontig,438,935,497
st_R29_M54433_S1_5,metacontig,1232,1592,360
st_R29_M136057_S1_1,metacontig,443,935,492
st_R29_M129099_S1_1,metacontig,1258,1616,358
st_R29_M129120_S1_1,metacontig,111,472,361
mm_R29_M6080_S10_1,metacontig,2,396,394
st_R29_M346547_S1_1,metacontig,273,842,569
mm_R29_M2429_S1_1,metacontig,120,390,270
st_R29_M102179_S1_1,metacontig,1191,1529,338
ar_R29_M6546_S1_1,metacontig,855,1210,355
ar_R29_M42401_S1_1,metacontig,1,334,333
st_R29_M92307_S1_16,metacontig,474,970,496
ar_R29_M16978_S1_6,metacontig,743,1282,539
st_R29_M69851_S1_2,metacontig,23,357,334
st_R29_M441020_S1_7,metacontig,446,936,490
sp_R29_M56_S1_1,metacontig,914,1573,659
ar_R29_M37029_S1_1,metacontig,5,421,416
ar_R29_M26313_S1_5,metacontig,106,542,436
ar_R29_M18806_S1_2,metacontig,109,538,429
st_R29_M398591_S1_2,metacontig,785,1182,397
st_R29_M360946_S1_1,metacontig,588,950,362
st_R29_M34221_S1_1,metacontig,319,658,339
st_R29_M214081_S1_1,metacontig,422,814,392
ar_R29_M42228_S1_1,metacontig,19,346,327
st_R29_M4699_S1_1,metacontig,245,660,415
ar_R29_M4585_S2_3,metacontig,40,316,276
st_R29_M398595_S1_1,metacontig,1177,1535,358
st_R29_M248897_S1_1,metacontig,412,804,392
st_R29_M237356_S1_4,metacontig,17,413,396
st_R29_M398640_S1_1,metacontig,211,616,405
st_R29_M304828_S1_1,metacontig,497,888,391
mm_R29_M1347_S1_2,metacontig,199,560,361
st_R29_M129103_S1_1,metacontig,1121,1529,408
ar_R29_M4443_S1_4,metacontig,503,831,328
st_R29_M129101_S1_3,metacontig,1168,1543,375
st_R29_M303722_S1_9,metacontig,1297,1811,514
st_R29_M4742_S1_1,metacontig,166,494,328
st_R29_M202202_S1_2,metacontig,95,453,358
st_R29_M441017_S1_1,metacontig,478,967,489
ar_R29_M17073_S1_1,metacontig,16,248,232
st_R29_M212769_S1_1,metacontig,485,993,508
st_R29_M69992_S1_1,metacontig,1184,1641,457
st_R29_M378363_S1_1,metacontig,544,935,391
st_R29_M254715_S1_2,metacontig,1183,1572,389
al_R29_M425_S1_1,metacontig,471,982,511
st_R29_M151597_S1_2,metacontig,453,936,483
mm_R29_M956_S2_2,metacontig,48,332,284
ma_R29_M1064_S1_1,metacontig,945,1373,428
st_R29_M55166_S1_2,metacontig,222,572,350
st_R29_M205208_S1_1,metacontig,736,1276,540
st_R29_M231336_S1_1,metacontig,796,1305,509
st_R29_M319625_S1_2,metacontig,49,412,363
st_R29_M106633_S1_2,metacontig,1125,1553,428
ar_R29_M13279_S1_2,metacontig,53,410,357
ar_R29_M38912_S14_3,metacontig,144,421,277
st_R29_M4775_S1_2,metacontig,1174,1526,352
st_R29_M4717_S1_1,metacontig,1169,1570,401
ar_R29_M26684_S1_1,metacontig,710,1213,503
mm_R29_M4726_S1_1,metacontig,76,399,323
st_R29_M262495_S1_1,metacontig,890,1347,457
ar_R29_M34251_S1_1,metacontig,58,516,458
st_R29_M339843_S1_1,metacontig,40,500,460
st_R29_M28467_S1_1,metacontig,1190,1647,457
st_R29_M4703_S1_2,metacontig,497,854,357
st_R29_M190591_S1_1,metacontig,4,335,331
st_R29_M233684_S1_8,metacontig,432,931,499
st_R29_M75945_S1_4,metacontig,315,772,457
st_R29_M140829_S1_2,metacontig,355,901,546
ar_R29_M10267_S1_1,metacontig,4,318,314
st_R29_M102185_S1_1,metacontig,1262,1634,372
fu_R29_M3321_S1_1,metacontig,906,1377,471
ma_R29_M702_S1_1,metacontig,1038,1479,441
ar_R29_M43694_S1_1,metacontig,2,296,294
st_R29_M4689_S1_2,metacontig,1235,1588,353
st_R29_M159986_S1_2,metacontig,1212,1669,457
st_R29_M116182_S2_2,metacontig,1170,1533,363
st_R29_M72272_S1_10,metacontig,516,1007,491
st_R29_M41426_S1_1,metacontig,446,968,522
st_R29_M174478_S1_2,metacontig,1198,1655,457
st_R29_M120850_S1_1,metacontig,3,333,330
ar_R29_M5268_S1_1,metacontig,156,499,343
ar_R29_M9380_S1_2,metacontig,340,691,351
st_R29_M439583_S1_3,metacontig,976,1521,545
st_R29_M339058_S1_1,metacontig,56,387,331
st_R29_M295779_S1_1,metacontig,448,1071,623
ar_R29_M7434_S1_1,metacontig,7,332,325
st_R29_M38949_S1_6,metacontig,492,977,485
st_R29_M388923_S1_1,metacontig,1183,1572,389
st_R29_M141160_S1_6,metacontig,1159,1549,390
fi_R29_M1160_S1_1,metacontig,26,364,338
st_R29_M237375_S1_2,metacontig,432,931,499
st_R29_M92306_S1_7,metacontig,473,968,495
st_R29_M395727_S1_2,metacontig,43,448,405
ar_R29_M37653_S1_1,metacontig,171,634,463
st_R29_M141160_S2_1,metacontig,1215,1605,390
ar_R29_M12001_S1_1,metacontig,134,529,395
st_R29_M74568_S1_2,metacontig,11,390,379
st_R29_M47582_S1_1,metacontig,517,873,356
st_R29_M92020_S1_1,metacontig,1283,1633,350
st_R29_M336415_S1_4,metacontig,1357,1688,331
st_R29_M289188_S1_3,metacontig,410,932,522
st_R29_M395744_S1_4,metacontig,776,1284,508
NC_013105_2,metacontig,970,1431,461
st_R29_M198880_S1_1,metacontig,76,485,409
st_R29_M116176_S1_1,metacontig,136,508,372
st_R29_M439584_S1_1,metacontig,788,1152,364
st_R29_M202238_S1_1,metacontig,585,950,365
st_R29_M295778_S1_1,metacontig,1154,1584,430
fu_R29_M4237_S1_4,metacontig,891,1539,648
st_R29_M122771_S1_2,metacontig,1145,1529,384
st_R29_M441012_S1_1,metacontig,439,928,489
st_R29_M4714_S1_1,metacontig,990,1528,538
st_R29_M55251_S1_1,metacontig,1211,1581,370
st_R29_M135305_S1_1,metacontig,62,599,537
st_R29_M71004_S1_4,metacontig,992,1352,360
ar_R29_M7469_S1_2,metacontig,140,355,215
st_R29_M129113_S1_1,metacontig,118,611,493
ar_R29_M32656_S1_1,metacontig,17,294,277
st_R29_M30419_S1_5,metacontig,1158,1540,382
mm_R29_M4983_S4_1,metacontig,47,318,271
mm_R29_M7633_S1_2,metacontig,556,925,369
st_R29_M441795_S1_8,metacontig,474,959,485
st_R29_M37589_S1_6,metacontig,439,934,495
NC_015298_1,metacontig,1005,1414,409
ar_R29_M4525_S1_1,metacontig,85,362,277
st_R29_M245392_S1_1,metacontig,445,942,497
st_R29_M129111_S1_1,metacontig,480,974,494
st_R29_M4727_S1_1,metacontig,209,577,368
ar_R29_M37293_S1_2,metacontig,5,298,293
st_R29_M70867_S1_6,metacontig,438,937,499
st_R29_M33748_S1_4,metacontig,42,472,430
st_R29_M439580_S1_3,metacontig,448,993,545
st_R29_M195868_S1_2,metacontig,816,1332,516
st_R29_M190593_S1_2,metacontig,61,377,316
st_R29_M30741_S1_4,metacontig,2,402,400
st_R29_M355177_S1_1,metacontig,148,503,355
st_R29_M414917_S1_4,metacontig,699,1179,480
st_R29_M4691_S1_1,metacontig,1173,1578,405
st_R29_M200426_S1_1,metacontig,215,649,434
st_R29_M47581_S1_2,metacontig,1190,1598,408
st_R29_M34687_S1_3,metacontig,6,280,274
st_R29_M279280_S1_2,metacontig,56,603,547
ar_R29_M6562_S1_1,metacontig,2,373,371
st_R29_M286174_S1_10,metacontig,476,973,497
st_R29_M381440_S1_4,metacontig,458,965,507
al_R29_M147_S1_17,metacontig,505,1078,573
ar_R29_M11041_S1_1,metacontig,960,1426,466
st_R29_M307558_S1_1,metacontig,779,1386,607
st_R29_M212796_S1_1,metacontig,1134,1557,423
st_R29_M4711_S1_2,metacontig,1193,1566,373
st_R29_M356343_S1_1,metacontig,198,735,537
ar_R29_M11055_S1_8,metacontig,68,459,391
st_R29_M253729_S1_2,metacontig,15,403,388
ma_R29_M608_S1_2,metacontig,920,1433,513
NC_029567_3,metacontig,959,1499,540
st_R29_M183975_S1_2,metacontig,446,942,496
st_R29_M92018_S1_1,metacontig,1185,1570,385
sa_R29_M3265_S1_1,metacontig,14,320,306
st_R29_M41485_S1_11,metacontig,408,917,509
st_R29_M410121_S1_6,metacontig,971,1495,524
al_R29_M266_S1_3,metacontig,119,727,608
st_R29_M329287_S1_1,metacontig,10,323,313
al_R29_M830_S1_1,metacontig,34,284,250
ar_R29_M11617_S1_2,metacontig,85,368,283
st_R29_M398589_S1_1,metacontig,1156,1538,382
st_R29_M439582_S1_3,metacontig,1210,1568,358
st_R29_M439463_S1_1,metacontig,1136,1508,372
ar_R29_M9040_S1_3,metacontig,10,284,274
st_R29_M439462_S1_4,metacontig,1127,1585,458
st_R29_M446501_S1_2,metacontig,423,931,508
st_R29_M231330_S1_2,metacontig,815,1279,464
ma_R29_M6172_S6_1,metacontig,993,1437,444
st_R29_M129809_S1_1,metacontig,155,541,386
st_R29_M449376_S1_1,metacontig,191,678,487
ar_R29_M33693_S3_3,metacontig,2,265,263
ar_R29_M14259_S1_5,metacontig,765,1289,524
st_R29_M393719_S1_1,metacontig,31,332,301
st_R29_M129107_S1_1,metacontig,906,1487,581
st_R29_M426301_S1_1,metacontig,8,318,310
st_R29_M140826_S1_2,metacontig,861,1433,572
st_R29_M106634_S1_1,metacontig,34,342,308
st_R29_M122197_S1_1,metacontig,8,315,307
ar_R29_M19324_S1_7,metacontig,977,1338,361
mm_R29_M3500_S1_1,metacontig,3,349,346
st_R29_M116182_S1_3,metacontig,964,1334,370
st_R29_M122741_S1_1,metacontig,1121,1541,420
st_R29_M47583_S1_1,metacontig,63,445,382
st_R29_M412420_S1_2,metacontig,476,850,374
st_R29_M308414_S1_1,metacontig,51,339,288
al_R29_M82_S1_22,metacontig,504,986,482
st_R29_M122772_S1_1,metacontig,1091,1555,464
st_R29_M438972_S1_8,metacontig,444,991,547
st_R29_M396472_S1_6,metacontig,461,985,524
mm_R29_M5349_S1_1,metacontig,183,464,281
st_R29_M312140_S1_2,metacontig,380,717,337
st_R29_M366789_S1_1,metacontig,602,959,357
st_R29_M172475_S1_1,metacontig,149,455,306
st_R29_M4702_S1_2,metacontig,1139,1593,454
ar_R29_M32705_S7_2,metacontig,21,303,282
st_R29_M4719_S1_3,metacontig,487,857,370
st_R29_M303721_S1_1,metacontig,372,754,382
st_R29_M233681_S1_1,metacontig,51,336,285
ar_R29_M30054_S1_2,metacontig,1043,1482,439
st_R29_M4707_S1_2,metacontig,1043,1589,546
st_R29_M43397_S1_2,metacontig,924,1496,572
ar_R29_M30408_S1_2,metacontig,370,676,306
fu_R29_M3417_S1_1,metacontig,667,1002,335
st_R29_M109720_S1_5,metacontig,1210,1555,345
st_R29_M30484_S1_1,metacontig,1145,1563,418
st_R29_M116092_S2_2,metacontig,592,997,405
st_R29_M122781_S1_4,metacontig,1136,1600,464
st_R29_M291370_S1_1,metacontig,1,316,315
st_R29_M30421_S1_1,metacontig,1118,1563,445
al_R29_M563_S1_1,metacontig,2191,2618,427
st_R29_M161639_S1_1,metacontig,4,340,336
st_R29_M371579_S1_1,metacontig,1216,1581,365
ar_R29_M29771_S1_1,metacontig,24,308,284
ma_R29_M6172_S14_1,metacontig,62,441,379
st_R29_M8870_S1_1,metacontig,15,303,288
st_R29_M127931_S1_2,metacontig,122,342,220
st_R29_M30483_S1_1,metacontig,1220,1574,354
ma_R29_M6172_S7_1,metacontig,1032,1426,394
ar_R29_M33289_S1_1,metacontig,1029,1384,355
ar_R29_M18641_S1_1,metacontig,405,672,267
mm_R29_M7985_S1_1,metacontig,161,647,486
ar_R29_M34108_S1_1,metacontig,35,391,356
st_R29_M319739_S1_1,metacontig,1,349,348
st_R29_M116030_S1_1,metacontig,1156,1561,405
st_R29_M71011_S1_1,metacontig,101,492,391
ma_R29_M6172_S13_1,metacontig,233,656,423
st_R29_M30481_S1_3,metacontig,1204,1594,390
ar_R29_M10591_S1_1,metacontig,140,379,239
st_R29_M201072_S1_1,metacontig,992,1554,562
st_R29_M141160_S3_2,metacontig,1179,1572,393
ar_R29_M43377_S1_2,metacontig,796,1188,392
st_R29_M116092_S1_3,metacontig,1156,1560,404
st_R29_M183809_S1_3,metacontig,441,934,493
st_R29_M389594_S1_2,metacontig,1,302,301
mm_R29_M1050_S1_2,metacontig,13,263,250
st_R29_M50209_S1_4,metacontig,1022,1571,549
sp_R29_M788_S1_1,metacontig,1220,1566,346
st_R29_M306921_S1_4,metacontig,150,766,616
st_R29_M308553_S1_5,metacontig,1254,1604,350
ar_R29_M21782_S1_5,metacontig,2168,2618,450
st_R29_M279278_S1_2,metacontig,1070,1612,542
st_R29_M280376_S12_2,metacontig,174,542,368
ar_R29_M30725_S1_1,metacontig,785,1115,330
fu_R29_M3334_S1_1,metacontig,44,413,369
st_R29_M34166_S1_2,metacontig,546,943,397
st_R29_M201032_S1_1,metacontig,176,498,322
st_R29_M314359_S1_1,metacontig,263,570,307
st_R29_M366800_S1_1,metacontig,202,570,368
st_R29_M132382_S1_2,metacontig,389,845,456
ar_R29_M5767_S1_3,metacontig,4,289,285
mm_R29_M3087_S1_1,metacontig,11,291,280
st_R29_M4712_S1_1,metacontig,1058,1611,553
st_R29_M339828_S1_1,metacontig,58,442,384
st_R29_M101274_S1_1,metacontig,10,279,269
st_R29_M30420_S1_3,metacontig,839,1414,575
st_R29_M362691_S1_1,metacontig,868,1408,540
st_R29_M4800_S1_6,metacontig,1247,1598,351
st_R29_M308542_S1_18,metacontig,271,747,476
st_R29_M141639_S1_1,metacontig,461,1011,550
st_R29_M197175_S1_1,metacontig,28,466,438
st_R29_M119958_S1_1,metacontig,1,355,354
ma_R29_M5291_S2_1,metacontig,352,732,380
st_R29_M92045_S1_3,metacontig,18,412,394
st_R29_M320992_S1_2,metacontig,1097,1676,579
st_R29_M212807_S1_1,metacontig,718,1156,438
ma_R29_M6172_S3_3,metacontig,1004,1426,422
st_R29_M348232_S1_14,metacontig,459,950,491
fu_R29_M1257_S5_1,metacontig,150,510,360
ma_R29_M6172_S1_1,metacontig,1063,1460,397
st_R29_M110886_S1_1,metacontig,456,1002,546
ro_R29_M265_S1_20,metacontig,961,1402,441
st_R29_M101089_S1_1,metacontig,212,561,349
mm_R29_M1759_S1_2,metacontig,578,989,411
st_R29_M234858_S1_1,metacontig,825,1269,444
st_R29_M129102_S1_4,metacontig,1039,1589,550
st_R29_M4961_S1_9,metacontig,471,916,445
st_R29_M34336_S1_1,metacontig,777,1264,487
ar_R29_M12197_S1_1,metacontig,6,258,252
st_R29_M92044_S1_4,metacontig,1158,1585,427
st_R29_M89503_S1_2,metacontig,5,418,413
ar_R29_M10392_S1_13,metacontig,613,1028,415
st_R29_M403037_S1_4,metacontig,482,969,487
mm_R29_M1240_S1_1,metacontig,75,396,321
st_R29_M416773_S1_2,metacontig,126,481,355
ar_R29_M24928_S3_1,metacontig,11,309,298
fu_R29_M435_S1_5,metacontig,927,1483,556
st_R29_M129807_S1_2,metacontig,1192,1578,386
st_R29_M92303_S1_2,metacontig,1291,1615,324
ar_R29_M38912_S9_1,metacontig,13,288,275
st_R29_M4734_S1_2,metacontig,255,571,316
st_R29_M199996_S1_2,metacontig,723,1390,667
st_R29_M152336_S1_3,metacontig,47,545,498
st_R29_M295793_S1_3,metacontig,1263,1625,362
fu_R29_M1257_S1_1,metacontig,1533,1960,427
st_R29_M438980_S1_10,metacontig,445,986,541
st_R29_M129123_S1_1,metacontig,35,371,336
st_R29_M110910_S1_1,metacontig,453,1004,551
st_R29_M141655_S1_5,metacontig,461,1011,550
st_R29_M388924_S1_1,metacontig,1059,1506,447
st_R29_M72362_S1_12,metacontig,438,929,491
al_R29_M816_S1_2,metacontig,5,367,362
ar_R29_M1750_S1_6,metacontig,1048,1527,479
ma_R29_M5291_S1_5,metacontig,10,365,355
st_R29_M253665_S1_2,metacontig,1060,1627,567
st_R29_M237344_S1_1,metacontig,25,312,287
st_R29_M280376_S10_3,metacontig,741,1109,368
st_R29_M35188_S1_2,metacontig,815,1252,437
st_R29_M80032_S1_3,metacontig,1171,1561,390
st_R29_M101663_S1_1,metacontig,85,653,568
st_R29_M185278_S1_1,metacontig,77,447,370
ar_R29_M7118_S1_2,metacontig,913,1422,509
st_R29_M109738_S1_1,metacontig,38,475,437
ma_R29_M652_S1_1,metacontig,953,1307,354
st_R29_M202208_S1_2,metacontig,493,849,356
ar_R29_M12217_S1_2,metacontig,11,333,322
ar_R29_M9647_S1_1,metacontig,20,273,253
mm_R29_M4805_S1_3,metacontig,1449,1895,446
st_R29_M116029_S1_5,metacontig,1178,1572,394
st_R29_M308542_S3_10,metacontig,108,593,485
st_R29_M123074_S1_1,metacontig,50,343,293
st_R29_M4701_S1_4,metacontig,1242,1618,376
st_R29_M4696_S1_2,metacontig,1308,1596,288
st_R29_M280376_S3_5,metacontig,1266,1591,325
st_R29_M35518_S1_2,metacontig,516,969,453
ar_R29_M23914_S1_12,metacontig,1000,1323,323
st_R29_M412411_S1_1,metacontig,811,1257,446
mm_R29_M3548_S2_3,metacontig,27,315,288
mm_R29_M3548_S1_2,metacontig,27,315,288
ar_R29_M7069_S1210_1,metacontig,199,471,272
st_R29_M449377_S1_8,metacontig,575,956,381
ar_R29_M7069_S661_15,metacontig,20,375,355
st_R29_M4959_S1_10,metacontig,910,1501,591
st_R29_M352019_S1_11,metacontig,1172,1575,403
st_R29_M141659_S1_1,metacontig,442,992,550
st_R29_M295800_S1_1,metacontig,978,1334,356
ar_R29_M39024_S1_8,metacontig,1089,1497,408
st_R29_M264243_S1_4,metacontig,440,929,489
ar_R29_M19929_S11_1,metacontig,2,170,168
st_R29_M233743_S1_3,metacontig,77,521,444
mm_R29_M5006_S1_21,metacontig,35,489,454
st_R29_M153096_S1_1,metacontig,3,321,318
mm_R29_M1347_S2_3,metacontig,94,368,274
st_R29_M116091_S1_4,metacontig,1212,1577,365
st_R29_M43863_S1_2,metacontig,900,1477,577
st_R29_M295827_S1_1,metacontig,185,543,358
ar_R29_M34541_S1_1,metacontig,20,347,327
al_R29_M851_S1_9,metacontig,2239,2692,453
st_R29_M37941_S1_2,metacontig,463,968,505
st_R29_M319624_S1_1,metacontig,151,651,500
st_R29_M351704_S1_1,metacontig,810,1433,623
st_R29_M308417_S1_5,metacontig,1011,1560,549
st_R29_M168781_S1_1,metacontig,49,367,318
ar_R29_M12694_S3_3,metacontig,95,494,399
st_R29_M437549_S1_2,metacontig,797,1265,468
st_R29_M72248_S1_2,metacontig,774,1285,511
st_R29_M96519_S1_1,metacontig,644,1075,431
ar_R29_M31113_S1_5,metacontig,693,1124,431
st_R29_M439444_S1_3,metacontig,695,1133,438
sp_R29_M228_S1_2,metacontig,433,885,452
st_R29_M4718_S1_4,metacontig,1263,1620,357
st_R29_M190660_S1_1,metacontig,11,349,338
st_R29_M439465_S1_2,metacontig,1150,1593,443
st_R29_M30416_S1_6,metacontig,1196,1554,358
ar_R29_M18351_S1_14,metacontig,983,1390,407
sa_R29_M1412_S1_1,metacontig,151,567,416
st_R29_M152345_S1_1,metacontig,775,1262,487
st_R29_M101088_S1_1,metacontig,1183,1530,347
ar_R29_M39565_S1_8,metacontig,121,585,464
st_R29_M355539_S1_1,metacontig,19,477,458
st_R29_M438266_S1_1,metacontig,721,1365,644
st_R29_M288615_S1_1,metacontig,1,353,352
ar_R29_M24130_S2_1,metacontig,35,264,229
st_R29_M58277_S1_3,metacontig,472,832,360
st_R29_M151591_S1_1,metacontig,35,341,306
st_R29_M133560_S1_2,metacontig,37,256,219
st_R29_M34274_S1_7,metacontig,443,954,511
st_R29_M367449_S1_1,metacontig,13,302,289
st_R29_M97221_S1_1,metacontig,235,561,326
fi_R29_M777_S1_1,metacontig,1085,1513,428
st_R29_M34330_S1_1,metacontig,842,1338,496
st_R29_M439442_S1_4,metacontig,1149,1563,414
ar_R29_M7069_S2_13,metacontig,1363,1836,473
st_R29_M77233_S1_1,metacontig,583,1038,455
ar_R29_M17295_S1_4,metacontig,1964,2386,422
ma_R29_M6172_S2_1,metacontig,1078,1433,355
st_R29_M439461_S1_1,metacontig,1039,1375,336
ar_R29_M579_S1_1,metacontig,900,1394,494
st_R29_M4706_S1_3,metacontig,1259,1582,323
st_R29_M309194_S1_2,metacontig,16,348,332
fu_R29_M4683_S1_1,metacontig,273,690,417
al_R29_M452_S1_1,metacontig,19,316,297
mm_R29_M1247_S1_2,metacontig,19,287,268
st_R29_M116093_S1_2,metacontig,67,468,401
ar_R29_M31493_S1_1,metacontig,12,177,165
fu_R29_M5256_S1_2,metacontig,947,1458,511
ar_R29_M7069_S264_1,metacontig,1363,1836,473
st_R29_M129104_S1_2,metacontig,710,1030,320
ar_R29_M35654_S1_1,metacontig,988,1543,555
st_R29_M272279_S1_1,metacontig,1197,1583,386
ar_R29_M7069_S273_1,metacontig,1361,1839,478
ar_R29_M40691_S1_1,metacontig,1350,1836,486
st_R29_M281391_S1_7,metacontig,350,569,219
st_R29_M238408_S1_3,metacontig,117,583,466
st_R29_M439446_S1_1,metacontig,1122,1581,459
st_R29_M288617_S1_1,metacontig,21,343,322
st_R29_M326155_S1_6,metacontig,812,1385,573
st_R29_M199986_S1_9,metacontig,583,953,370
mm_R29_M6857_S1_4,metacontig,425,923,498
st_R29_M122637_S1_2,metacontig,148,454,306
st_R29_M237734_S1_1,metacontig,831,1268,437
st_R29_M71006_S1_2,metacontig,399,768,369
al_R29_M455_S1_1,metacontig,1180,1615,435
st_R29_M409747_S1_1,metacontig,851,1309,458
ar_R29_M7069_S250_5,metacontig,1362,1836,474
ar_R29_M12694_S2_19,metacontig,902,1369,467
ar_R29_M38912_S11_1,metacontig,285,542,257
mm_R29_M5482_S1_1,metacontig,72,501,429
st_R29_M132148_S1_1,metacontig,3,452,449
st_R29_M91557_S1_2,metacontig,488,949,461
ar_R29_M35375_S1_2,metacontig,7,176,169
st_R29_M30418_S1_4,metacontig,1226,1577,351
st_R29_M266099_S1_1,metacontig,228,452,224
st_R29_M64053_S1_1,metacontig,56,539,483
ar_R29_M13150_S1_3,metacontig,5,289,284
st_R29_M34335_S1_2,metacontig,832,1322,490
st_R29_M109725_S1_1,metacontig,1026,1343,317
st_R29_M47579_S1_1,metacontig,1240,1648,408
st_R29_M326154_S1_1,metacontig,720,1355,635
st_R29_M80042_S1_2,metacontig,979,1349,370
ar_R29_M39507_S1_1,metacontig,294,583,289
ar_R29_M39773_S1_2,metacontig,4,360,356
st_R29_M291371_S1_1,metacontig,12,359,347
NC_012777_6,metacontig,1085,1490,405
fu_R29_M3585_S1_1,metacontig,623,1075,452
ar_R29_M20856_S1_1,metacontig,855,1310,455
st_R29_M200431_S1_6,metacontig,291,774,483
st_R29_M439449_S1_1,metacontig,61,354,293
st_R29_M116181_S1_1,metacontig,633,993,360
ar_R29_M6885_S4_1,metacontig,5,305,300
ar_R29_M15496_S1_1,metacontig,43,414,371
st_R29_M129808_S1_3,metacontig,3,301,298
fi_R29_M245_S1_1,metacontig,2,293,291
st_R29_M4694_S1_1,metacontig,201,655,454
st_R29_M353719_S2_2,metacontig,92,389,297
st_R29_M273880_S1_4,metacontig,821,1250,429
st_R29_M200001_S1_3,metacontig,563,937,374
st_R29_M4698_S1_1,metacontig,372,768,396
ar_R29_M16976_S1_1,metacontig,54,330,276
st_R29_M313647_S1_8,metacontig,20,428,408
st_R29_M398594_S1_3,metacontig,1150,1564,414
st_R29_M34267_S1_1,metacontig,815,1300,485
st_R29_M101873_S1_2,metacontig,759,1250,491
ar_R29_M27770_S1_2,metacontig,499,879,380
ar_R29_M28762_S1_1,metacontig,14,313,299
NC_005079_4,metacontig,1074,1471,397
ma_R29_M8718_S1_3,metacontig,984,1458,474
st_R29_M281463_S1_12,metacontig,1075,1567,492
al_R29_M850_S1_4,metacontig,312,942,630
st_R29_M319627_S1_1,metacontig,536,839,303
st_R29_M423109_S1_6,metacontig,45,406,361
st_R29_M324344_S1_2,metacontig,814,1151,337
ar_R29_M7069_S1288_5,metacontig,30,252,222
st_R29_M199997_S1_1,metacontig,742,1392,650
st_R29_M339842_S1_1,metacontig,201,546,345
st_R29_M437547_S1_2,metacontig,57,376,319
st_R29_M212724_S1_1,metacontig,105,411,306
st_R29_M405969_S1_2,metacontig,566,931,365
fi_R29_M107_S1_2,metacontig,145,465,320
st_R29_M319626_S1_1,metacontig,810,1166,356
mm_R29_M6452_S1_1,metacontig,29,293,264
st_R29_M286187_S1_2,metacontig,599,978,379
NC_005080_4,metacontig,1072,1461,389
st_R29_M15063_S1_1,metacontig,26,328,302
st_R29_M92016_S1_2,metacontig,1293,1620,327
st_R29_M4708_S1_2,metacontig,526,875,349
st_R29_M58321_S2_2,metacontig,39,342,303
ar_R29_M12694_S1_17,metacontig,585,1012,427
ma_R29_M1878_S1_5,metacontig,988,1459,471
fu_R29_M5672_S1_2,metacontig,103,369,266
st_R29_M30482_S1_1,metacontig,1218,1562,344
mm_R29_M3955_S12_1,metacontig,66,269,203
st_R29_M74568_S2_4,metacontig,28,340,312
st_R29_M51808_S1_1,metacontig,149,409,260
ar_R29_M27630_S1_1,metacontig,131,368,237
st_R29_M38907_S1_1,metacontig,401,919,518
st_R29_M140948_S1_12,metacontig,438,924,486
am_R29_M404_S1_2,metacontig,28,329,301
st_R29_M398593_S1_12,metacontig,927,1491,564
mm_R29_M4896_S1_1,metacontig,22,386,364
ar_R29_M7381_S2_1,metacontig,49,315,266
mm_R29_M5436_S1_4,metacontig,172,589,417
st_R29_M388892_S1_1,metacontig,3,295,292
ar_R29_M17642_S1_2,metacontig,378,622,244
st_R29_M326156_S1_5,metacontig,755,1262,507
st_R29_M249698_S1_2,metacontig,543,925,382
st_R29_M438230_S1_3,metacontig,742,1392,650
st_R29_M213445_S1_1,metacontig,982,1617,635
st_R29_M140950_S1_13,metacontig,419,905,486
ar_R29_M13551_S1_1,metacontig,152,359,207
st_R29_M201034_S1_1,metacontig,36,350,314
mm_R29_M1575_S1_1,metacontig,117,380,263
mm_R29_M1905_S1_1,metacontig,170,393,223
st_R29_M355580_S1_3,metacontig,444,917,473
st_R29_M161949_S1_2,metacontig,71,511,440
st_R29_M140949_S1_12,metacontig,438,924,486
ar_R29_M40004_S1_1,metacontig,168,430,262
st_R29_M213686_S1_1,metacontig,232,683,451
st_R29_M311578_S1_1,metacontig,369,554,185
ar_R29_M25869_S1_1,metacontig,2,273,271
sp_R29_M48_S1_3,metacontig,352,739,387
st_R29_M298398_S1_2,metacontig,552,973,421
st_R29_M30422_S1_18,metacontig,1041,1474,433
ar_R29_M34908_S1_1,metacontig,5,164,159
st_R29_M171223_S1_1,metacontig,4,283,279
st_R29_M101910_S1_2,metacontig,774,1392,618
ar_R29_M16989_S1_3,metacontig,5,243,238
al_R29_M549_S1_1,metacontig,60,675,615
sa_R29_M2251_S1_1,metacontig,898,1194,296
ar_R29_M41488_S14_1,metacontig,42,278,236
ar_R29_M11206_S1_1,metacontig,1,176,175
sp_R29_M615_S1_2,metacontig,482,943,461
ma_R29_M7376_S1_1,metacontig,76,477,401
NC_016153_5,metacontig,1055,1526,471
st_R29_M272634_S1_2,metacontig,36,400,364
fi_R29_M625_S1_2,metacontig,138,449,311
st_R29_M420212_S1_10,metacontig,442,947,505
ar_R29_M42964_S1_1,metacontig,37,276,239
sa_R29_M3300_S1_2,metacontig,807,1103,296
st_R29_M232560_S1_1,metacontig,378,603,225
mm_R29_M5312_S1_3,metacontig,112,493,381
st_R29_M234974_S1_1,metacontig,1084,1683,599
st_R29_M124662_S1_2,metacontig,171,390,219
st_R29_M298868_S1_1,metacontig,349,541,192
NC_006313_7,metacontig,1086,1441,355
st_R29_M123039_S1_2,metacontig,136,419,283
st_R29_M185498_S1_1,metacontig,281,569,288
NC_018711_7,metacontig,1085,1414,329
LC413284_6,metacontig,1015,1434,419
mm_R29_M7268_S1_2,metacontig,387,937,550
fi_R29_M1548_S1_1,metacontig,3,269,266
st_R29_M92048_S1_5,metacontig,8,337,329
ar_R29_M7362_S1_2,metacontig,7,206,199
st_R29_M212723_S1_1,metacontig,165,427,262
ar_R29_M26115_S1_9,metacontig,1124,1552,428
ar_R29_M38883_S1_1,metacontig,4,206,202
ar_R29_M43388_S1_1,metacontig,150,420,270
mm_R29_M4553_S1_1,metacontig,1151,1678,527
st_R29_M135306_S1_2,metacontig,10,317,307
st_R29_M4688_S1_1,metacontig,1252,1712,460
st_R29_M202241_S1_3,metacontig,1266,1627,361
st_R29_M212787_S1_4,metacontig,3,402,399
st_R29_M464_S1_1,metacontig,9,347,338
st_R29_M204884_S1_2,metacontig,2,343,341
NC_013058_6,metacontig,1073,1482,409
st_R29_M276775_S1_2,metacontig,459,948,489
ar_R29_M11413_S1_3,metacontig,823,1134,311
st_R29_M312133_S1_1,metacontig,20,280,260
st_R29_M254694_S1_1,metacontig,1262,1657,395
st_R29_M65678_S1_1,metacontig,409,624,215
st_R29_M253721_S1_5,metacontig,531,893,362
ma_R29_M150_S1_1,metacontig,859,1277,418
st_R29_M292472_S1_1,metacontig,175,388,213
ar_R29_M39805_S1_1,metacontig,25,257,232
mm_R29_M4861_S1_1,metacontig,1107,1558,451
ar_R29_M7069_S1325_1,metacontig,62,444,382
NC_005897_5,metacontig,1055,1436,381
ar_R29_M40523_S1_2,metacontig,47,250,203
mm_R29_M3800_S1_4,metacontig,194,534,340
ma_R29_M1542_S1_1,metacontig,1106,1442,336
st_R29_M254714_S1_1,metacontig,3,279,276
st_R29_M37719_S1_1,metacontig,513,953,440
st_R29_M254713_S1_4,metacontig,287,631,344
fi_R29_M1672_S1_1,metacontig,37,331,294
sp_R29_M550_S1_4,metacontig,1286,1623,337
NC_006574_4,metacontig,1083,1512,429
st_R29_M39038_S1_5,metacontig,57,518,461
ar_R29_M29290_S1_1,metacontig,28,451,423
fi_R29_M731_S1_1,metacontig,235,641,406
ar_R29_M34448_S3_1,metacontig,22,276,254
st_R29_M449395_S1_2,metacontig,7,346,339
st_R29_M81430_S1_3,metacontig,1,281,280
st_R29_M254712_S1_4,metacontig,1317,1718,401
ar_R29_M9737_S1_2,metacontig,1852,2243,391
fi_R29_M635_S1_1,metacontig,188,594,406
mm_R29_M3213_S1_16,metacontig,1007,1497,490
st_R29_M426022_S1_2,metacontig,18,244,226
st_R29_M168782_S1_1,metacontig,493,806,313
st_R29_M83545_S1_1,metacontig,533,1014,481
ar_R29_M43377_S2_1,metacontig,10,214,204
st_R29_M239887_S1_1,metacontig,804,1374,570
st_R29_M168780_S1_3,metacontig,13,263,250
ar_R29_M43796_S1_1,metacontig,8,189,181
st_R29_M336435_S1_1,metacontig,135,363,228
st_R29_M171222_S1_1,metacontig,228,519,291
st_R29_M202240_S1_8,metacontig,1199,1542,343
ar_R29_M43116_S1_2,metacontig,323,547,224
st_R29_M77263_S1_1,metacontig,17,218,201
ar_R29_M15576_S1_1,metacontig,137,328,191
st_R29_M33387_S1_2,metacontig,481,934,453
st_R29_M266341_S1_1,metacontig,187,387,200
st_R29_M129116_S1_1,metacontig,403,759,356
ma_R29_M1064_S9_2,metacontig,7,306,299
st_R29_M214526_S1_1,metacontig,5,274,269
st_R29_M295790_S1_1,metacontig,1159,1468,309
st_R29_M288616_S1_1,metacontig,383,636,253
st_R29_M326686_S1_1,metacontig,205,578,373
ar_R29_M38101_S1_1,metacontig,15,242,227
st_R29_M111769_S1_1,metacontig,278,630,352
st_R29_M102127_S1_2,metacontig,37,310,273
st_R29_M71010_S1_2,metacontig,64,357,293
ar_R29_M42994_S1_1,metacontig,3,386,383
st_R29_M257773_S1_1,metacontig,77,424,347
st_R29_M238616_S1_2,metacontig,566,1033,467
st_R29_M201033_S1_1,metacontig,2,327,325
mm_R29_M5020_S1_1,metacontig,1834,2279,445
st_R29_M129122_S1_1,metacontig,128,362,234
st_R29_M288619_S1_1,metacontig,189,412,223
st_R29_M188797_S1_1,metacontig,360,794,434
ar_R29_M25485_S1_3,metacontig,5,181,176
st_R29_M272632_S1_2,metacontig,43,398,355
ar_R29_M9481_S1_1,metacontig,2418,2836,418
st_R29_M324346_S1_1,metacontig,478,836,358
ar_R29_M28262_S1_6,metacontig,11,200,189
NC_005082_5,metacontig,1116,1436,320
al_R29_M326_S1_1,metacontig,2,410,408
ar_R29_M36571_S2_1,metacontig,297,511,214
ar_R29_M28850_S1_1,metacontig,173,411,238
st_R29_M342835_S1_1,metacontig,7,269,262
st_R29_M15450_S1_1,metacontig,232,549,317
st_R29_M449344_S1_3,metacontig,18,235,217
ar_R29_M33063_S1_10,metacontig,2597,2998,401
sa_R29_M2091_S1_2,metacontig,46,332,286
st_R29_M425064_S1_1,metacontig,6,226,220
st_R29_M370061_S1_1,metacontig,69,331,262
ar_R29_M39727_S1_2,metacontig,154,378,224
ar_R29_M25002_S1_1,metacontig,13,168,155
st_R29_M71007_S1_1,metacontig,356,778,422
al_R29_M821_S1_1,metacontig,17,391,374
st_R29_M262757_S1_2,metacontig,478,1033,555
mm_R29_M597_S4_2,metacontig,4,321,317
ar_R29_M40450_S1_1,metacontig,31,241,210
st_R29_M77242_S1_1,metacontig,35,324,289
st_R29_M212725_S1_1,metacontig,8,279,271
ar_R29_M26437_S1_2,metacontig,3,204,201
st_R29_M80035_S1_1,metacontig,1239,1707,468
st_R29_M202302_S1_1,metacontig,214,685,471
st_R29_M313717_S1_1,metacontig,1,271,270
ar_R29_M41978_S1_4,metacontig,131,593,462
ar_R29_M7069_S1321_2,metacontig,20,306,286
ar_R29_M16754_S1_1,metacontig,17,285,268
ar_R29_M1009_S42_1,metacontig,139,358,219
ar_R29_M42307_S2_1,metacontig,29,242,213
st_R29_M374919_S1_2,metacontig,18,336,318
st_R29_M45637_S1_1,metacontig,474,786,312
ar_R29_M9040_S3_1,metacontig,7,147,140
ar_R29_M25181_S1_3,metacontig,493,725,232
ar_R29_M32201_S4_4,metacontig,312,599,287
ar_R29_M26637_S1_2,metacontig,40,202,162
ar_R29_M39704_S2_1,metacontig,48,317,269
fu_R29_M1357_S1_1,metacontig,131,791,660
ar_R29_M43258_S1_1,metacontig,92,333,241
fu_R29_M5459_S1_6,metacontig,698,1170,472
ar_R29_M32646_S1_1,metacontig,32,231,199
st_R29_M77261_S1_1,metacontig,375,874,499
mm_R29_M5761_S1_1,metacontig,109,479,370
st_R29_M360469_S1_2,metacontig,195,487,292
fu_R29_M3235_S3_1,metacontig,152,640,488
fu_R29_M3235_S1_1,metacontig,45,494,449
st_R29_M212722_S1_1,metacontig,500,753,253
st_R29_M374240_S1_1,metacontig,22,327,305
ar_R29_M42533_S1_1,metacontig,12,225,213
st_R29_M195876_S1_2,metacontig,29,320,291
ar_R29_M35895_S3_1,metacontig,14,154,140
st_R29_M200433_S1_1,metacontig,289,727,438
st_R29_M170295_S1_1,metacontig,139,340,201
st_R29_M196310_S1_1,metacontig,395,592,197
ar_R29_M35895_S1_2,metacontig,14,154,140
st_R29_M208662_S1_6,metacontig,411,609,198
st_R29_M28060_S1_2,metacontig,244,536,292
st_R29_M312137_S1_1,metacontig,173,489,316
st_R29_M129112_S1_1,metacontig,6,251,245
ar_R29_M7069_S1365_4,metacontig,28,134,106
ar_R29_M8624_S1_1,metacontig,1144,1514,370
st_R29_M37539_S1_1,metacontig,13,235,222
st_R29_M423089_S1_1,metacontig,62,346,284
ar_R29_M35161_S1_3,metacontig,1,222,221
al_R29_M198_S1_1,metacontig,55,533,478
ar_R29_M26227_S2_1,metacontig,2,228,226
st_R29_M122607_S1_1,metacontig,4,256,252
st_R29_M113994_S1_1,metacontig,37,387,350
st_R29_M82807_S1_1,metacontig,15,237,222
st_R29_M210118_S1_1,metacontig,130,414,284
ar_R29_M35895_S2_2,metacontig,14,154,140
st_R29_M69596_S1_2,metacontig,760,1266,506
st_R29_M319342_S1_9,metacontig,753,1176,423
ar_R29_M23732_S1_3,metacontig,10,158,148
st_R29_M298867_S1_1,metacontig,995,1545,550
st_R29_M81124_S1_2,metacontig,65,387,322
st_R29_M200444_S1_1,metacontig,36,525,489
st_R29_M33747_S1_1,metacontig,774,1284,510
ar_R29_M4862_S1_3,metacontig,166,367,201
st_R29_M253724_S1_1,metacontig,322,605,283
st_R29_M316216_S1_1,metacontig,138,424,286
ar_R29_M11466_S1_1,metacontig,22,159,137
ar_R29_M30719_S1_9,metacontig,1798,2298,500
st_R29_M37595_S1_1,metacontig,2,240,238
st_R29_M28959_S1_1,metacontig,1193,1567,374
st_R29_M238332_S1_4,metacontig,1078,1458,380
st_R29_M122608_S1_1,metacontig,138,341,203
st_R29_M129119_S1_1,metacontig,12,252,240
ar_R29_M5015_S1_6,metacontig,57,219,162
al_R29_M379_S1_4,metacontig,994,1496,502
fu_R29_M6023_S1_1,metacontig,747,1217,470
fu_R29_M3208_S1_8,metacontig,762,1192,430
mm_R29_M597_S1_1,metacontig,1137,1339,202
ar_R29_M10672_S1_1,metacontig,9,188,179
st_R29_M244299_S1_1,metacontig,222,416,194
st_R29_M151585_S1_2,metacontig,82,524,442
ar_R29_M27338_S1_1,metacontig,49,213,164
sp_R29_M281_S1_5,metacontig,311,727,416
mm_R29_M2462_S1_1,metacontig,4,193,189
ar_R29_M7069_S1076_3,metacontig,46,232,186
st_R29_M416813_S1_1,metacontig,228,433,205
ar_R29_M16937_S1_3,metacontig,334,504,170
st_R29_M407735_S1_2,metacontig,372,541,169
ar_R29_M42374_S1_1,metacontig,3,160,157
st_R29_M450745_S1_1,metacontig,719,1226,507
mm_R29_M8224_S1_2,metacontig,328,604,276
fu_R29_M3393_S1_1,metacontig,20,295,275
fu_R29_M4407_S1_3,metacontig,5,279,274
st_R29_M171219_S1_1,metacontig,293,646,353
ma_R29_M6172_S15_1,metacontig,302,603,301
ar_R29_M32724_S1_8,metacontig,470,661,191
st_R29_M426023_S1_1,metacontig,127,435,308
fu_R29_M1415_S1_1,metacontig,23,379,356
ar_R29_M28241_S3_1,metacontig,19,152,133
st_R29_M272637_S1_1,metacontig,51,311,260
st_R29_M400116_S1_1,metacontig,12,276,264
ar_R29_M17733_S2_1,metacontig,104,290,186
ar_R29_M5591_S1_2,metacontig,14,231,217
st_R29_M387888_S1_1,metacontig,9,248,239
st_R29_M36531_S1_1,metacontig,169,434,265
mm_R29_M2567_S1_1,metacontig,7,133,126
ar_R29_M773_S6_1,metacontig,89,292,203
ar_R29_M22821_S1_2,metacontig,4,157,153
ar_R29_M24302_S1_1,metacontig,5,244,239
st_R29_M351727_S1_1,metacontig,27,386,359
mm_R29_M4836_S1_1,metacontig,7,187,180
ar_R29_M37634_S2_6,metacontig,2368,2817,449
ar_R29_M12455_S1_3,metacontig,23,157,134
fu_R29_M3327_S1_2,metacontig,12,282,270
st_R29_M147000_S1_1,metacontig,52,284,232
ar_R29_M5487_S1_4,metacontig,1,161,160
ar_R29_M32751_S1_2,metacontig,64,220,156
st_R29_M171220_S1_1,metacontig,10,310,300
st_R29_M416790_S1_1,metacontig,823,1010,187
ar_R29_M9296_S1_9,metacontig,1830,2276,446
ar_R29_M14100_S1_2,metacontig,3,265,262
mm_R29_M6080_S5_1,metacontig,381,643,262
st_R29_M163855_S1_1,metacontig,11,301,290
ar_R29_M9423_S1_2,metacontig,26,134,108
ma_R29_M4915_S2_1,metacontig,24,296,272
st_R29_M336269_S1_1,metacontig,695,1089,394
st_R29_M401602_S1_2,metacontig,117,355,238
st_R29_M202312_S1_3,metacontig,766,1276,510
ar_R29_M21317_S1_1,metacontig,2,143,141
st_R29_M122930_S1_1,metacontig,481,813,332
st_R29_M147567_S2_1,metacontig,3,175,172
ar_R29_M26703_S11_1,metacontig,688,868,180
ar_R29_M17642_S2_2,metacontig,8,130,122
st_R29_M239718_S1_3,metacontig,22,203,181
ar_R29_M42497_S1_4,metacontig,7,146,139
st_R29_M238328_S1_1,metacontig,139,437,298
ar_R29_M11961_S1_1,metacontig,17,237,220
st_R29_M4740_S1_1,metacontig,192,417,225
st_R29_M112572_S1_2,metacontig,325,474,149
mm_R29_M6080_S9_1,metacontig,13,148,135
st_R29_M332704_S1_1,metacontig,14,253,239
ar_R29_M6941_S2_2,metacontig,37,192,155
st_R29_M119953_S1_1,metacontig,10,213,203
st_R29_M374237_S1_1,metacontig,24,243,219
ar_R29_M16343_S1_11,metacontig,1806,2231,425
st_R29_M30491_S1_1,metacontig,2,262,260
st_R29_M37679_S1_1,metacontig,1,167,166
mm_R29_M6656_S1_1,metacontig,1514,1958,444
st_R29_M348258_S1_3,metacontig,2,297,295
ar_R29_M4092_S1_2,metacontig,12,175,163
st_R29_M129126_S1_1,metacontig,2,205,203
ar_R29_M5870_S1_4,metacontig,17,175,158
mm_R29_M2991_S2_1,metacontig,75,299,224
ar_R29_M39563_S1_2,metacontig,9,126,117
mm_R29_M6832_S1_2,metacontig,10,173,163
ar_R29_M23625_S1_1,metacontig,112,416,304
st_R29_M200391_S35_2,metacontig,117,240,123
st_R29_M77241_S1_1,metacontig,156,422,266
mm_R29_M7389_S1_1,metacontig,211,492,281
ar_R29_M41455_S1_1,metacontig,254,431,177
ar_R29_M36626_S1_1,metacontig,4,214,210
st_R29_M359603_S1_6,metacontig,548,866,318
ar_R29_M18425_S1_3,metacontig,9,208,199
st_R29_M172479_S1_1,metacontig,16,327,311
ar_R29_M14716_S1_1,metacontig,10,120,110
ar_R29_M32311_S1_1,metacontig,5,184,179
sp_R29_M867_S1_4,metacontig,115,392,277
ar_R29_M42497_S2_1,metacontig,13,121,108
st_R29_M407726_S1_1,metacontig,391,567,176
st_R29_M250045_S1_5,metacontig,179,493,314
st_R29_M234676_S1_2,metacontig,35,440,405
ma_R29_M163_S41_1,metacontig,89,253,164
ma_R29_M4915_S4_1,metacontig,24,239,215
ma_R29_M4915_S6_3,metacontig,24,239,215
ar_R29_M10261_S1_1,metacontig,36,207,171
st_R29_M129153_S1_1,metacontig,251,512,261
ar_R29_M35935_S1_1,metacontig,1,221,220
st_R29_M232561_S1_4,metacontig,381,576,195
ar_R29_M21265_S1_1,metacontig,227,393,166
st_R29_M63054_S1_2,metacontig,27,409,382
st_R29_M272642_S3_2,metacontig,2,212,210
st_R29_M153048_S1_1,metacontig,25,249,224
ar_R29_M13083_S1_1,metacontig,109,333,224
NC_030872_1,metacontig,798,1186,388
ma_R29_M5756_S1_2,metacontig,443,785,342
ar_R29_M14289_S1_1,metacontig,63,240,177
st_R29_M35514_S1_1,metacontig,8,149,141
ar_R29_M39818_S1_2,metacontig,2,120,118
st_R29_M264800_S1_3,metacontig,16,321,305
st_R29_M197735_S1_1,metacontig,12,267,255
st_R29_M185479_S1_1,metacontig,95,443,348
ar_R29_M37752_S1_1,metacontig,1169,1465,296
ma_R29_M3328_S1_1,metacontig,41,251,210
st_R29_M39784_S1_2,metacontig,26,136,110
st_R29_M253683_S1_1,metacontig,22,277,255
st_R29_M38909_S1_1,metacontig,62,354,292
ar_R29_M14201_S1_4,metacontig,4,158,154
st_R29_M69008_S1_2,metacontig,153,454,301
fu_R29_M3498_S1_1,metacontig,756,1222,466
ma_R29_M4915_S1_1,metacontig,24,239,215
ar_R29_M35016_S1_1,metacontig,5,108,103
ar_R29_M16391_S1_1,metacontig,12,167,155
st_R29_M222332_S1_3,metacontig,797,1184,387
mm_R29_M4983_S2_1,metacontig,27,182,155
ar_R29_M23224_S1_1,metacontig,784,989,205
fi_R29_M889_S1_1,metacontig,117,368,251
ar_R29_M8594_S1_1,metacontig,437,573,136
st_R29_M388939_S1_1,metacontig,6,186,180
ar_R29_M15798_S1_2,metacontig,4,133,129
fu_R29_M5410_S1_1,metacontig,1266,1399,133
fi_R29_M1383_S1_1,metacontig,139,391,252
st_R29_M4736_S1_1,metacontig,4,318,314
st_R29_M333105_S1_1,metacontig,9,267,258
fu_R29_M3839_S1_1,metacontig,103,341,238
ar_R29_M3488_S1_1,metacontig,180,392,212
ar_R29_M15596_S1_12,metacontig,29,151,122
mm_R29_M4636_S1_3,metacontig,26,123,97
ar_R29_M27844_S12_6,metacontig,341,541,200
ar_R29_M12130_S1_2,metacontig,536,764,228
st_R29_M289267_S1_1,metacontig,68,390,322
st_R29_M423114_S1_4,metacontig,5,208,203
ar_R29_M32882_S1_2,metacontig,426,610,184
ar_R29_M37083_S1_1,metacontig,41,290,249
ar_R29_M19440_S1_1,metacontig,22,252,230
st_R29_M129133_S1_1,metacontig,15,197,182
st_R29_M28064_S1_1,metacontig,24,345,321
st_R29_M135303_S1_1,metacontig,28,220,192
mm_R29_M3343_S1_2,metacontig,2,170,168
st_R29_M30492_S1_1,metacontig,32,242,210
st_R29_M276157_S1_1,metacontig,99,563,464
st_R29_M446094_S1_1,metacontig,9,123,114
mm_R29_M1383_S1_9,metacontig,1716,1891,175
st_R29_M43406_S1_1,metacontig,132,326,194
ar_R29_M26320_S1_2,metacontig,40,336,296
ar_R29_M34672_S7_3,metacontig,1,103,102
ar_R29_M34672_S9_2,metacontig,1,103,102
ar_R29_M967_S1_6,metacontig,1,103,102
fi_R29_M560_S1_2,metacontig,152,333,181
ex_R29_M96_S1_2,metacontig,1,210,209
ar_R29_M32817_S1_2,metacontig,9,133,124
st_R29_M95851_S1_1,metacontig,960,1121,161
ar_R29_M34260_S1_4,metacontig,168,336,168
al_R29_M873_S1_3,metacontig,16,332,316
ar_R29_M2607_S1_4,metacontig,20,223,203
st_R29_M184866_S1_1,metacontig,261,406,145
ar_R29_M7069_S1435_1,metacontig,33,253,220
st_R29_M122671_S1_1,metacontig,472,711,239
fi_R29_M268_S2_1,metacontig,116,459,343
ar_R29_M11984_S1_1,metacontig,7,266,259
ar_R29_M41581_S1_11,metacontig,16,141,125
ar_R29_M1009_S38_4,metacontig,199,382,183
mm_R29_M2901_S1_2,metacontig,109,402,293
fi_R29_M195_S2_1,metacontig,85,461,376
ar_R29_M18106_S1_1,metacontig,454,611,157
ar_R29_M26755_S1_3,metacontig,6,117,111
ar_R29_M13341_S1_1,metacontig,10,167,157
st_R29_M172381_S1_1,metacontig,219,522,303
fi_R29_M1792_S1_1,metacontig,152,453,301
mm_R29_M5221_S1_1,metacontig,1152,1286,134
ar_R29_M23263_S1_1,metacontig,3,154,151
ri_R29_M83_S1_1,metacontig,22,327,305
ar_R29_M41917_S1_1,metacontig,20,118,98
ar_R29_M42096_S1_1,metacontig,366,511,145
mm_R29_M6882_S1_2,metacontig,12,125,113
st_R29_M371581_S1_1,metacontig,1,162,161
st_R29_M77232_S2_1,metacontig,11,171,160
mm_R29_M6882_S2_1,metacontig,12,125,113
st_R29_M190609_S1_1,metacontig,249,403,154
st_R29_M167210_S1_1,metacontig,357,489,132
ar_R29_M26242_S1_1,metacontig,4,109,105
st_R29_M234854_S1_2,metacontig,9,195,186
mm_R29_M7096_S8_2,metacontig,4,188,184
st_R29_M319629_S1_2,metacontig,63,297,234
st_R29_M147571_S1_2,metacontig,101,228,127
ar_R29_M9049_S1_2,metacontig,23,169,146
ar_R29_M8816_S1_3,metacontig,17,127,110
ar_R29_M7543_S1_1,metacontig,4,107,103
ar_R29_M16252_S1_1,metacontig,9,107,98
ar_R29_M840_S2_1,metacontig,4,109,105
st_R29_M15055_S1_1,metacontig,120,325,205
st_R29_M74552_S1_1,metacontig,16,143,127
st_R29_M439586_S1_1,metacontig,1,194,193
ar_R29_M4244_S2_2,metacontig,7,179,172
ar_R29_M16420_S2_2,metacontig,119,246,127
sa_R29_M33_S1_4,metacontig,202,441,239
st_R29_M362503_S1_1,metacontig,174,376,202
st_R29_M436588_S1_2,metacontig,33,260,227
al_R29_M131_S1_1,metacontig,166,368,202
st_R29_M33378_S1_1,metacontig,10,159,149
st_R29_M439448_S1_1,metacontig,1,196,195
st_R29_M77271_S1_1,metacontig,9,226,217
ar_R29_M9949_S4_2,metacontig,17,107,90
ar_R29_M28827_S8_2,metacontig,24,157,133
al_R29_M858_S1_1,metacontig,1,190,189
st_R29_M4687_S1_1,metacontig,588,806,218
ar_R29_M9949_S1_1,metacontig,17,107,90
ar_R29_M9949_S2_3,metacontig,17,107,90
ar_R29_M9949_S3_1,metacontig,17,107,90
st_R29_M65641_S1_1,metacontig,16,255,239
st_R29_M212799_S1_2,metacontig,646,792,146
ar_R29_M1811_S1_5,metacontig,85,198,113
st_R29_M202304_S1_1,metacontig,752,1041,289
st_R29_M39784_S3_2,metacontig,10,97,87
mm_R29_M4323_S1_1,metacontig,163,473,310
al_R29_M753_S1_1,metacontig,31,210,179
st_R29_M37678_S1_1,metacontig,218,392,174
ar_R29_M15028_S1_1,metacontig,9,184,175
fu_R29_M3431_S1_1,metacontig,20,387,367
st_R29_M264670_S1_3,metacontig,46,166,120
st_R29_M295795_S1_1,metacontig,80,355,275
st_R29_M69593_S1_1,metacontig,8,243,235
mm_R29_M5824_S2_4,metacontig,1,112,111
ar_R29_M28827_S1_4,metacontig,216,349,133
ar_R29_M10796_S1_5,metacontig,2,209,207
mm_R29_M6867_S1_3,metacontig,32,149,117
st_R29_M437183_S1_5,metacontig,433,614,181
ar_R29_M10708_S1_1,metacontig,10,117,107
st_R29_M220465_S1_6,metacontig,21,188,167
st_R29_M4705_S1_1,metacontig,158,399,241
ar_R29_M2498_S173_1,metacontig,74,169,95
mm_R29_M1090_S2_2,metacontig,133,245,112
st_R29_M28476_S1_1,metacontig,4,165,161
st_R29_M389206_S1_1,metacontig,10,134,124
ar_R29_M9303_S1_1,metacontig,10,85,75
st_R29_M171747_S1_1,metacontig,7,185,178
ar_R29_M26574_S1_2,metacontig,47,121,74
st_R29_M319357_S1_1,metacontig,3,173,170
al_R29_M605_S1_1,metacontig,243,457,214
st_R29_M111538_S1_1,metacontig,1,245,244
ar_R29_M38854_S1_1,metacontig,20,149,129
st_R29_M272636_S1_1,metacontig,568,857,289
ar_R29_M21824_S1_2,metacontig,7,195,188
st_R29_M136552_S1_1,metacontig,109,272,163
fi_R29_M1456_S1_5,metacontig,204,459,255
st_R29_M30730_S1_12,metacontig,516,845,329
mm_R29_M3276_S1_3,metacontig,4,97,93
ar_R29_M26537_S4_1,metacontig,46,193,147
ar_R29_M14150_S1_3,metacontig,34,273,239
fi_R29_M440_S1_3,metacontig,12,99,87
ar_R29_M6393_S1_3,metacontig,167,253,86
ar_R29_M6393_S2_1,metacontig,167,253,86
ar_R29_M25274_S2_1,metacontig,39,188,149
ar_R29_M18351_S2_8,metacontig,356,514,158
ar_R29_M16376_S1_3,metacontig,113,253,140
ar_R29_M7069_S970_6,metacontig,88,180,92
ar_R29_M23891_S1_1,metacontig,364,493,129
st_R29_M362689_S1_1,metacontig,254,394,140
st_R29_M201012_S1_1,metacontig,696,931,235
ar_R29_M16376_S2_1,metacontig,210,350,140
sa_R29_M2155_S1_2,metacontig,421,567,146
st_R29_M163856_S1_1,metacontig,13,248,235
ar_R29_M33922_S1_1,metacontig,3,85,82
st_R29_M405962_S1_2,metacontig,95,261,166
st_R29_M75944_S1_1,metacontig,458,551,93
ar_R29_M29963_S1_1,metacontig,13,186,173
ar_R29_M35627_S1_1,metacontig,374,472,98
sp_R29_M43_S1_2,metacontig,35,148,113
mm_R29_M3952_S1_1,metacontig,13,167,154
mm_R29_M3952_S3_3,metacontig,13,167,154
st_R29_M91588_S1_1,metacontig,59,162,103
mm_R29_M3952_S2_2,metacontig,13,167,154
mm_R29_M3952_S8_2,metacontig,13,167,154
ar_R29_M28218_S1_1,metacontig,476,621,145
ar_R29_M19808_S1_2,metacontig,15,129,114
mm_R29_M6233_S3_3,metacontig,38,138,100
ar_R29_M28748_S2_3,metacontig,30,206,176
mm_R29_M5_S1_3,metacontig,239,447,208
st_R29_M388927_S1_1,metacontig,740,899,159
ar_R29_M14115_S1_2,metacontig,33,94,61
st_R29_M195878_S1_1,metacontig,240,462,222
st_R29_M58565_S1_13,metacontig,390,479,89
st_R29_M367448_S1_2,metacontig,857,1112,255
st_R29_M293425_S1_1,metacontig,180,361,181
ar_R29_M35471_S1_1,metacontig,5,103,98
ar_R29_M18384_S1_3,metacontig,81,175,94
ar_R29_M43442_S1_2,metacontig,2,95,93
st_R29_M37983_S1_1,metacontig,262,500,238
mm_R29_M6999_S1_7,metacontig,14,130,116
mm_R29_M6999_S3_2,metacontig,14,130,116
ar_R29_M33980_S2_3,metacontig,22,95,73
ar_R29_M41005_S1_3,metacontig,2,98,96
ar_R29_M8797_S3_1,metacontig,300,431,131
st_R29_M129121_S1_1,metacontig,239,394,155
ar_R29_M7087_S1_1,metacontig,16,181,165
ar_R29_M14130_S2_1,metacontig,73,162,89
st_R29_M40759_S5_2,metacontig,1,102,101
st_R29_M405964_S1_1,metacontig,9,168,159
ar_R29_M8001_S1_5,metacontig,27,122,95
st_R29_M36533_S1_1,metacontig,282,446,164
st_R29_M129118_S1_1,metacontig,426,511,85
mm_R29_M4791_S1_1,metacontig,1,112,111
st_R29_M40759_S1_1,metacontig,2,102,100
ar_R29_M22275_S20_5,metacontig,378,463,85
st_R29_M14824_S1_1,metacontig,371,463,92
al_R29_M781_S1_1,metacontig,7,120,113
ar_R29_M34795_S1_1,metacontig,6,136,130
ar_R29_M32383_S1_1,metacontig,31,143,112
ar_R29_M13208_S1_1,metacontig,7,173,166
st_R29_M262751_S1_1,metacontig,425,668,243
mm_R29_M7614_S4_1,metacontig,29,112,83
ar_R29_M2344_S1_2,metacontig,217,350,133
ar_R29_M23072_S1_1,metacontig,197,390,193
st_R29_M185482_S1_1,metacontig,15,203,188
st_R29_M111535_S1_2,metacontig,1,87,86
fu_R29_M3284_S5_1,metacontig,275,436,161
ar_R29_M30779_S1_2,metacontig,13,124,111
mm_R29_M3955_S10_1,metacontig,131,262,131
st_R29_M135455_S1_1,metacontig,189,366,177
st_R29_M18126_S1_2,metacontig,369,491,122
ar_R29_M14130_S1_1,metacontig,454,542,88
ar_R29_M25590_S1_1,metacontig,14,193,179
ar_R29_M26574_S2_1,metacontig,46,101,55
mm_R29_M3496_S1_1,metacontig,321,440,119
st_R29_M291350_S1_6,metacontig,44,216,172
ar_R29_M23257_S1_6,metacontig,169,235,66
ar_R29_M8595_S2_2,metacontig,6,73,67
fu_R29_M3161_S1_1,metacontig,23,131,108
mm_R29_M6080_S6_2,metacontig,56,114,58
st_R29_M18115_S1_2,metacontig,233,347,114
ar_R29_M35895_S4_1,metacontig,14,70,56
ar_R29_M5949_S1_1,metacontig,25,114,89
mm_R29_M6551_S1_5,metacontig,156,253,97
st_R29_M129124_S1_1,metacontig,137,360,223
ar_R29_M17360_S1_2,metacontig,138,292,154
ar_R29_M28748_S1_2,metacontig,30,191,161
st_R29_M30744_S1_4,metacontig,70,255,185
mm_R29_M3955_S16_1,metacontig,30,242,212
ar_R29_M18151_S9_2,metacontig,32,120,88
ar_R29_M19022_S3_2,metacontig,12,110,98
ar_R29_M14350_S1_1,metacontig,181,303,122
st_R29_M292494_S1_1,metacontig,317,484,167
st_R29_M120850_S2_1,metacontig,8,143,135
mm_R29_M2430_S1_6,metacontig,14,88,74
mm_R29_M2430_S2_3,metacontig,14,88,74
st_R29_M170301_S1_1,metacontig,27,114,87
st_R29_M132159_S1_1,metacontig,200,355,155
ar_R29_M34194_S1_7,metacontig,461,581,120
ar_R29_M11101_S1_1,metacontig,1,81,80
ar_R29_M35614_S1_1,metacontig,33,124,91
mm_R29_M3955_S11_1,metacontig,64,106,42
mm_R29_M5219_S1_1,metacontig,284,378,94
mm_R29_M4983_S5_1,metacontig,72,174,102
ar_R29_M28827_S5_2,metacontig,20,105,85
st_R29_M181223_S1_2,metacontig,391,510,119
ar_R29_M22296_S1_1,metacontig,5,91,86
ar_R29_M37225_S1_2,metacontig,2,127,125
ar_R29_M13957_S2_7,metacontig,4,94,90
ar_R29_M13957_S4_1,metacontig,4,94,90
st_R29_M438292_S1_2,metacontig,47,167,120
st_R29_M299190_S1_1,metacontig,151,260,109
ar_R29_M26937_S1_1,metacontig,11,98,87
ar_R29_M19022_S4_2,metacontig,13,110,97
mm_R29_M5315_S1_2,metacontig,65,122,57
st_R29_M43882_S1_1,metacontig,279,450,171
st_R29_M272623_S1_1,metacontig,19,111,92
ar_R29_M10534_S1_1,metacontig,47,139,92
st_R29_M129114_S1_1,metacontig,414,611,197
ar_R29_M29492_S1_1,metacontig,2,77,75
ar_R29_M20181_S1_1,metacontig,251,347,96
st_R29_M166876_S1_2,metacontig,6,99,93
ar_R29_M15279_S1_1,metacontig,15,83,68
st_R29_M417067_S1_1,metacontig,2,93,91
st_R29_M334335_S1_1,metacontig,392,468,76
ar_R29_M13957_S6_1,metacontig,134,226,92
ar_R29_M10279_S1_1,metacontig,760,874,114
st_R29_M447857_S1_2,metacontig,71,157,86
ar_R29_M13957_S7_2,metacontig,194,284,90
ar_R29_M4352_S1_1,metacontig,62,107,45
ar_R29_M2554_S4_1,metacontig,3,96,93
ar_R29_M20364_S1_2,metacontig,34,122,88
ar_R29_M11594_S1_2,metacontig,164,328,164
ar_R29_M16068_S1_3,metacontig,193,278,85
mm_R29_M5952_S10_2,metacontig,266,343,77
st_R29_M37821_S1_1,metacontig,211,359,148
ar_R29_M4789_S1_1,metacontig,140,313,173
ar_R29_M28827_S4_2,metacontig,57,116,59
st_R29_M342841_S1_2,metacontig,5,110,105
ar_R29_M33602_S1_1,metacontig,2,97,95
ar_R29_M22217_S5_1,metacontig,52,129,77
mm_R29_M4135_S1_2,metacontig,12,61,49
ar_R29_M18026_S1_2,metacontig,23,107,84
st_R29_M153142_S1_2,metacontig,254,349,95
st_R29_M25858_S1_1,metacontig,291,404,113
sa_R29_M3204_S1_4,metacontig,395,518,123
mm_R29_M1717_S1_2,metacontig,4,93,89
st_R29_M174602_S1_1,metacontig,35,149,114
ar_R29_M4763_S1_2,metacontig,37,83,46
ar_R29_M9660_S1_3,metacontig,29,100,71
ar_R29_M7069_S1276_2,metacontig,1,105,104
mm_R29_M2393_S4_1,metacontig,7,67,60
st_R29_M23632_S1_1,metacontig,235,308,73
mm_R29_M6080_S11_3,metacontig,14,144,130
st_R29_M120413_S1_1,metacontig,338,394,56
st_R29_M269916_S1_13,metacontig,2,159,157
ar_R29_M40064_S1_2,metacontig,21,98,77
ar_R29_M34888_S1_6,metacontig,99,171,72
ar_R29_M7512_S2_1,metacontig,26,53,27
sa_R29_M2535_S1_1,metacontig,244,337,93
ch_R29_M210_S1_1,metacontig,72,133,61
ar_R29_M38589_S1_1,metacontig,365,397,32
ar_R29_M20536_S1_1,metacontig,759,871,112
mm_R29_M3861_S1_2,metacontig,329,464,135
ar_R29_M22713_S1_1,metacontig,4,55,51
mm_R29_M7396_S1_5,metacontig,56,96,40
ar_R29_M28827_S7_1,metacontig,100,189,89
mm_R29_M3728_S1_3,metacontig,18,94,76
mm_R29_M3952_S13_1,metacontig,11,84,73
st_R29_M34167_S1_1,metacontig,366,463,97
ar_R29_M9546_S1_4,metacontig,28,93,65
mm_R29_M6882_S3_1,metacontig,1,64,63
ar_R29_M20764_S1_2,metacontig,66,151,85
ar_R29_M6920_S1_4,metacontig,58,88,30
MK241979_8,metacontig,15,91,76
ar_R29_M10925_S1_5,metacontig,828,1474,646
ar_R29_M5579_S1_1,metacontig,767,1412,645
ar_R29_M22155_S1_4,metacontig,165,806,641
KJ701190_10,metacontig,388,1021,633
MN781667_6,metacontig,464,1094,630
st_R29_M35178_S1_7,metacontig,41,671,630
NC_025348_12,metacontig,411,1037,626
al_R29_M773_S1_19,metacontig,457,1083,626
st_R29_M200387_S1_16,metacontig,300,925,625
al_R29_M41_S1_2,metacontig,727,1340,613
st_R29_M377773_S1_1,metacontig,262,869,607
ar_R29_M7850_S1_4,metacontig,810,1414,604
mm_R29_M7096_S1_3,metacontig,394,992,598
KY810772_13,metacontig,370,968,598
am_R29_M294_S1_9,metacontig,147,739,592
st_R29_M200391_S32_2,metacontig,431,1017,586
st_R29_M34688_S1_1,metacontig,142,723,581
ar_R29_M14097_S5_24,metacontig,6,585,579
st_R29_M37586_S1_2,metacontig,384,961,577
ar_R29_M39266_S1_33,metacontig,390,956,566
ar_R29_M18214_S1_7,metacontig,92,658,566
ar_R29_M36330_S1_56,metacontig,426,992,566
ar_R29_M13765_S1_4,metacontig,313,877,564
st_R29_M182725_S1_10,metacontig,67,627,560
ar_R29_M35911_S1_16,metacontig,345,904,559
ar_R29_M7069_S44_22,metacontig,362,920,558
mm_R29_M7236_S1_21,metacontig,405,963,558
mm_R29_M3357_S1_4,metacontig,12,566,554
ar_R29_M22814_S1_23,metacontig,345,899,554
st_R29_M195750_S1_1,metacontig,171,713,542
st_R29_M359802_S1_1,metacontig,1178,1719,541
ar_R29_M35180_S1_4,metacontig,380,920,540
ar_R29_M13334_S1_7,metacontig,182,711,529
ar_R29_M7069_S496_7,metacontig,15,541,526
ar_R29_M14097_S1_36,metacontig,5,528,523
ar_R29_M22282_S1_7,metacontig,23,543,520
ar_R29_M14097_S4_33,metacontig,50,557,507
ar_R29_M14097_S2_19,metacontig,50,557,507
ar_R29_M20312_S1_16,metacontig,6,511,505
ar_R29_M41063_S1_5,metacontig,13,517,504
mm_R29_M146_S1_3,metacontig,2,498,496
st_R29_M96526_S1_6,metacontig,245,738,493
ar_R29_M9464_S3_3,metacontig,2,486,484
st_R29_M237591_S1_4,metacontig,730,1213,483
st_R29_M396455_S1_1,metacontig,389,870,481
ar_R29_M14688_S1_17,metacontig,786,1266,480
ar_R29_M6098_S1_1,metacontig,1664,2143,479
ar_R29_M8797_S1_6,metacontig,23,497,474
ar_R29_M38401_S1_3,metacontig,358,831,473
ar_R29_M14317_S1_1,metacontig,344,806,462
ar_R29_M26955_S1_9,metacontig,13,471,458
ar_R29_M12289_S1_23,metacontig,13,470,457
ar_R29_M1009_S5_23,metacontig,209,665,456
ar_R29_M24928_S1_2,metacontig,139,595,456
ar_R29_M3151_S7_8,metacontig,29,482,453
mm_R29_M5902_S1_6,metacontig,206,655,449
ar_R29_M35590_S1_4,metacontig,359,808,449
ar_R29_M20443_S1_13,metacontig,363,811,448
mm_R29_M2198_S1_2,metacontig,6,450,444
ar_R29_M7297_S6_2,metacontig,359,797,438
ar_R29_M43690_S1_5,metacontig,20,454,434
st_R29_M301344_S1_84,metacontig,42,459,417
ar_R29_M29438_S1_6,metacontig,24,431,407
st_R29_M211919_S1_10,metacontig,28,434,406
st_R29_M319730_S1_6,metacontig,31,436,405
st_R29_M58321_S1_6,metacontig,70,473,403
mm_R29_M7564_S1_54,metacontig,137,536,399
ar_R29_M31746_S1_2,metacontig,4,400,396
fu_R29_M4883_S1_1,metacontig,71,459,388
ar_R29_M27125_S1_3,metacontig,4,385,381
ar_R29_M9666_S2_2,metacontig,1,381,380
mm_R29_M3103_S1_1,metacontig,111,490,379
ar_R29_M2572_S2_2,metacontig,27,403,376
ar_R29_M32230_S1_4,metacontig,20,392,372
st_R29_M143325_S1_4,metacontig,123,493,370
mm_R29_M2124_S1_10,metacontig,55,424,369
st_R29_M280376_S1_5,metacontig,1193,1561,368
mm_R29_M921_S1_4,metacontig,2,366,364
st_R29_M439581_S1_1,metacontig,9,371,362
st_R29_M193327_S1_3,metacontig,83,445,362
st_R29_M147567_S1_2,metacontig,9,356,347
ar_R29_M24130_S1_1,metacontig,141,487,346
st_R29_M326641_S1_2,metacontig,240,584,344
mm_R29_M2664_S1_6,metacontig,72,414,342
ar_R29_M6480_S1_3,metacontig,5,343,338
ar_R29_M32300_S1_3,metacontig,18,356,338
ar_R29_M7069_S1109_2,metacontig,209,546,337
mm_R29_M1566_S1_19,metacontig,156,490,334
ar_R29_M7381_S1_22,metacontig,148,480,332
st_R29_M74554_S1_1,metacontig,22,353,331
MN745081_7,metacontig,7,331,324
ar_R29_M37417_S1_2,metacontig,20,332,312
ar_R29_M9464_S2_14,metacontig,68,378,310
st_R29_M270272_S1_5,metacontig,54,363,309
st_R29_M92015_S1_12,metacontig,3,304,301
fi_R29_M1811_S1_5,metacontig,150,449,299
st_R29_M381221_S1_2,metacontig,35,330,295
ar_R29_M3550_S3_16,metacontig,15,306,291
ar_R29_M7069_S1390_5,metacontig,2,292,290
ar_R29_M34284_S1_6,metacontig,81,370,289
ar_R29_M11654_S2_3,metacontig,15,304,289
al_R29_M69_S1_11,metacontig,30,319,289
ar_R29_M773_S5_5,metacontig,28,314,286
st_R29_M101968_S1_2,metacontig,696,970,274
mm_R29_M4670_S1_36,metacontig,601,874,273
mm_R29_M4670_S2_9,metacontig,368,641,273
st_R29_M348405_S1_3,metacontig,572,843,271
st_R29_M200391_S31_4,metacontig,1,265,264
ar_R29_M37507_S1_2,metacontig,8,271,263
ar_R29_M28833_S1_3,metacontig,21,278,257
ar_R29_M42233_S1_18,metacontig,5,254,249
ar_R29_M42233_S3_24,metacontig,5,253,248
mm_R29_M3548_S4_3,metacontig,3,251,248
mm_R29_M1090_S1_31,metacontig,194,439,245
ar_R29_M40585_S9_4,metacontig,34,279,245
st_R29_M116091_S2_3,metacontig,36,281,245
ar_R29_M40585_S5_6,metacontig,46,290,244
ar_R29_M29576_S3_2,metacontig,36,278,242
ar_R29_M16876_S1_4,metacontig,38,277,239
ar_R29_M34448_S2_11,metacontig,27,266,239
ar_R29_M7069_S790_5,metacontig,197,435,238
mm_R29_M843_S1_2,metacontig,22,256,234
fu_R29_M3183_S1_2,metacontig,1233,1466,233
ar_R29_M16420_S1_3,metacontig,182,405,223
st_R29_M97222_S1_26,metacontig,97,320,223
ar_R29_M8172_S1_6,metacontig,3,225,222
mm_R29_M7919_S1_5,metacontig,13,226,213
mm_R29_M2393_S1_7,metacontig,107,320,213
ar_R29_M30164_S1_45,metacontig,154,362,208
st_R29_M123060_S1_2,metacontig,18,226,208
ar_R29_M38182_S1_5,metacontig,65,267,202
ar_R29_M7069_S1333_3,metacontig,57,255,198
ar_R29_M29364_S1_1,metacontig,5,202,197
fu_R29_M3284_S6_1,metacontig,17,210,193
mm_R29_M7434_S1_4,metacontig,34,225,191
mm_R29_M7614_S5_2,metacontig,25,214,189
mm_R29_M3530_S1_2,metacontig,8,196,188
mm_R29_M6297_S1_4,metacontig,20,203,183
st_R29_M270208_S1_4,metacontig,30,213,183
st_R29_M238313_S1_5,metacontig,1,182,181
ar_R29_M40585_S1_18,metacontig,42,223,181
ar_R29_M40585_S3_10,metacontig,42,223,181
ar_R29_M39156_S2_9,metacontig,125,304,179
ar_R29_M28934_S1_4,metacontig,22,198,176
ar_R29_M7069_S1372_4,metacontig,15,189,174
ar_R29_M39266_S14_4,metacontig,1,175,174
ar_R29_M23082_S1_1,metacontig,133,306,173
ar_R29_M7069_S1316_1,metacontig,6,177,171
ar_R29_M22217_S1_4,metacontig,5,175,170
ar_R29_M22217_S2_4,metacontig,5,175,170
ar_R29_M40585_S6_6,metacontig,49,218,169
ar_R29_M18151_S8_3,metacontig,25,191,166
ar_R29_M39156_S1_26,metacontig,43,205,162
ar_R29_M40585_S8_7,metacontig,84,246,162
mm_R29_M2826_S1_1,metacontig,12,173,161
mm_R29_M3952_S15_1,metacontig,54,215,161
ar_R29_M21108_S1_2,metacontig,12,173,161
mm_R29_M3530_S3_3,metacontig,37,197,160
al_R29_M652_S1_9,metacontig,98,258,160
ar_R29_M10285_S1_1,metacontig,17,171,154
mm_R29_M3955_S7_1,metacontig,32,186,154
ar_R29_M30743_S1_1,metacontig,5,158,153
st_R29_M171290_S1_3,metacontig,5,158,153
ar_R29_M27348_S1_1,metacontig,2,154,152
sa_R29_M1696_S1_8,metacontig,29,179,150
st_R29_M40238_S1_1,metacontig,6,155,149
mm_R29_M956_S1_1,metacontig,17,164,147
st_R29_M374239_S1_2,metacontig,18,163,145
fu_R29_M3284_S1_2,metacontig,5,150,145
mm_R29_M4_S1_3,metacontig,4,148,144
ar_R29_M42871_S1_3,metacontig,21,163,142
st_R29_M175637_S1_1,metacontig,30,172,142
st_R29_M437292_S11_1,metacontig,30,172,142
sp_R29_M859_S1_10,metacontig,5,147,142
mm_R29_M7614_S3_2,metacontig,4,145,141
ar_R29_M13776_S1_3,metacontig,2,143,141
al_R29_M714_S1_5,metacontig,30,171,141
ar_R29_M7069_S616_3,metacontig,87,228,141
ar_R29_M40320_S1_1,metacontig,6,146,140
mm_R29_M1566_S2_1,metacontig,36,176,140
ar_R29_M15257_S1_2,metacontig,21,159,138
ar_R29_M9464_S7_1,metacontig,4,140,136
ar_R29_M26117_S4_1,metacontig,2,138,136
ar_R29_M43033_S1_10,metacontig,3,138,135
st_R29_M129129_S1_2,metacontig,86,218,132
mm_R29_M4983_S1_14,metacontig,17,148,131
ar_R29_M33693_S10_2,metacontig,4,135,131
ar_R29_M33693_S1_2,metacontig,4,135,131
ar_R29_M33693_S6_2,metacontig,4,135,131
mm_R29_M141_S1_1,metacontig,4,135,131
ar_R29_M3332_S17_3,metacontig,7,137,130
ar_R29_M29576_S2_1,metacontig,1,131,130
mm_R29_M2826_S2_1,metacontig,7,137,130
mm_R29_M7614_S2_2,metacontig,51,181,130
ar_R29_M15740_S1_2,metacontig,5,134,129
ar_R29_M38850_S1_1,metacontig,5,133,128
ar_R29_M29576_S1_2,metacontig,48,175,127
st_R29_M276774_S1_1,metacontig,7,134,127
ar_R29_M24766_S1_6,metacontig,9,136,127
ar_R29_M27286_S1_3,metacontig,2,128,126
st_R29_M326145_S1_5,metacontig,2,125,123
ar_R29_M14790_S2_1,metacontig,4,125,121
ar_R29_M43305_S1_1,metacontig,5,126,121
ar_R29_M22552_S1_1,metacontig,3,124,121
ar_R29_M28827_S6_2,metacontig,15,135,120
ar_R29_M39021_S1_3,metacontig,28,148,120
ar_R29_M8435_S1_1,metacontig,2,121,119
ar_R29_M37634_S1_13,metacontig,18,137,119
mm_R29_M3952_S12_1,metacontig,11,129,118
ar_R29_M18703_S1_4,metacontig,10,127,117
ar_R29_M22282_S2_1,metacontig,6,122,116
st_R29_M318342_S1_2,metacontig,1,116,115
ar_R29_M37441_S1_2,metacontig,9,123,114
mm_R29_M7044_S1_4,metacontig,47,161,114
ar_R29_M17705_S1_1,metacontig,19,132,113
mm_R29_M6593_S1_2,metacontig,4,117,113
mm_R29_M4755_S1_5,metacontig,20,133,113
mm_R29_M5824_S1_7,metacontig,2,115,113
mm_R29_M5824_S3_4,metacontig,2,115,113
mm_R29_M1087_S1_2,metacontig,31,144,113
ar_R29_M2740_S1_3,metacontig,10,122,112
ar_R29_M28241_S1_2,metacontig,10,122,112
ar_R29_M9464_S1_1,metacontig,58,170,112
ma_R29_M6172_S16_2,metacontig,6,117,111
ar_R29_M2554_S2_1,metacontig,2,112,110
st_R29_M85722_S13_2,metacontig,40,149,109
mm_R29_M4954_S1_1,metacontig,9,118,109
ar_R29_M1118_S1_2,metacontig,60,169,109
ar_R29_M4233_S1_11,metacontig,2,110,108
ar_R29_M21204_S1_1,metacontig,39,147,108
ar_R29_M30296_S1_4,metacontig,2,110,108
ri_R29_M183_S2_1,metacontig,1,108,107
ar_R29_M5012_S1_4,metacontig,11,118,107
ar_R29_M8646_S1_10,metacontig,19,126,107
ar_R29_M42770_S1_2,metacontig,4,111,107
mm_R29_M5246_S1_1,metacontig,1,107,106
mm_R29_M7010_S1_2,metacontig,30,136,106
mm_R29_M7010_S2_2,metacontig,30,136,106
mm_R29_M7010_S4_2,metacontig,30,136,106
ar_R29_M19908_S1_3,metacontig,24,130,106
ar_R29_M31888_S1_1,metacontig,11,117,106
ar_R29_M35872_S1_1,metacontig,1,106,105
mm_R29_M7531_S3_1,metacontig,1,106,105
st_R29_M109721_S1_11,metacontig,8,113,105
ar_R29_M773_S1_2,metacontig,12,116,104
mm_R29_M3885_S1_1,metacontig,21,125,104
ar_R29_M11864_S1_2,metacontig,16,119,103
ar_R29_M36608_S1_1,metacontig,2,104,102
ar_R29_M13334_S2_5,metacontig,11,113,102
ar_R29_M42738_S1_1,metacontig,2,104,102
fu_R29_M2775_S1_4,metacontig,4,105,101
ar_R29_M13334_S3_3,metacontig,6,107,101
st_R29_M114486_S2_2,metacontig,4,105,101
st_R29_M89496_S1_1,metacontig,209,309,100
ar_R29_M11015_S1_2,metacontig,13,113,100
ar_R29_M25096_S1_23,metacontig,26,126,100
ar_R29_M39740_S1_1,metacontig,5,104,99
st_R29_M197174_S2_3,metacontig,33,132,99
st_R29_M156664_S1_2,metacontig,37,136,99
st_R29_M212737_S1_3,metacontig,113,212,99
ar_R29_M38912_S8_3,metacontig,3,101,98
mm_R29_M4055_S1_1,metacontig,15,113,98
st_R29_M114486_S1_3,metacontig,18,115,97
ar_R29_M5596_S1_2,metacontig,1,97,96
mm_R29_M902_S1_7,metacontig,24,120,96
ar_R29_M28233_S1_5,metacontig,129,224,95
ar_R29_M20750_S1_2,metacontig,5,99,94
HM159995_5,metacontig,27,121,94
ar_R29_M39760_S1_6,metacontig,237,330,93
mm_R29_M3680_S1_1,metacontig,16,108,92
ar_R29_M39760_S2_4,metacontig,170,262,92
st_R29_M74569_S1_3,metacontig,202,293,91
st_R29_M279281_S1_3,metacontig,42,133,91
NC_025351_10,metacontig,24,114,90
ar_R29_M19929_S1_2,metacontig,20,110,90
mm_R29_M4289_S1_1,metacontig,24,112,88
ar_R29_M8595_S1_1,metacontig,30,118,88
ar_R29_M25048_S1_2,metacontig,6,93,87
ma_R29_M163_S33_1,metacontig,12,97,85
ar_R29_M34874_S1_22,metacontig,80,164,84
ar_R29_M14097_S12_11,metacontig,5,87,82
ar_R29_M2572_S1_2,metacontig,34,114,80
ar_R29_M40450_S2_1,metacontig,35,115,80
fu_R29_M4723_S1_1,metacontig,2,77,75
st_R29_M74570_S1_1,metacontig,21,96,75
ar_R29_M26724_S1_4,metacontig,4,76,72
ar_R29_M34672_S8_6,metacontig,7,78,71
st_R29_M97659_S1_1,metacontig,32,102,70
ar_R29_M40101_S1_8,metacontig,59,129,70
mm_R29_M6080_S8_1,metacontig,29,99,70
st_R29_M166958_S1_1,metacontig,41,110,69
ar_R29_M18151_S2_1,metacontig,15,84,69
fu_R29_M3284_S3_1,metacontig,34,102,68
ar_R29_M17733_S3_1,metacontig,32,100,68
ar_R29_M4244_S1_4,metacontig,4,72,68
ar_R29_M32393_S1_3,metacontig,20,88,68
st_R29_M198869_S1_1,metacontig,21,88,67
ar_R29_M18151_S4_1,metacontig,7,73,66
ar_R29_M5684_S1_5,metacontig,71,135,64
st_R29_M127433_S23_2,metacontig,103,166,63
st_R29_M110343_S1_1,metacontig,41,104,63
ar_R29_M15596_S2_12,metacontig,72,134,62
fu_R29_M3284_S4_3,metacontig,3,65,62
st_R29_M318510_S1_4,metacontig,84,145,61
st_R29_M110317_S1_4,metacontig,84,145,61
st_R29_M183453_S1_5,metacontig,84,145,61
st_R29_M183468_S1_29,metacontig,84,145,61
st_R29_M183468_S2_8,metacontig,84,145,61
st_R29_M213382_S1_2,metacontig,84,145,61
st_R29_M245053_S1_4,metacontig,72,131,59
ar_R29_M18151_S3_3,metacontig,36,95,59
ar_R29_M7069_S787_2,metacontig,1,60,59
st_R29_M323426_S1_1,metacontig,21,79,58
ar_R29_M33269_S1_1,metacontig,19,77,58
ar_R29_M36583_S1_1,metacontig,211,269,58
mm_R29_M6080_S14_3,metacontig,50,108,58
ar_R29_M35859_S1_1,metacontig,5,62,57
mm_R29_M6080_S4_6,metacontig,33,90,57
ar_R29_M6137_S9_2,metacontig,21,78,57
ar_R29_M6137_S1_1,metacontig,21,78,57
ar_R29_M6137_S2_1,metacontig,21,78,57
ar_R29_M6137_S3_4,metacontig,21,78,57
ar_R29_M6137_S5_1,metacontig,21,78,57
ar_R29_M18018_S1_1,metacontig,37,93,56
st_R29_M43438_S1_1,metacontig,35,91,56
st_R29_M40759_S3_11,metacontig,258,314,56
ar_R29_M43062_S1_6,metacontig,8,62,54
st_R29_M238078_S1_2,metacontig,34,87,53
mm_R29_M4983_S3_1,metacontig,60,112,52
ar_R29_M22159_S1_1,metacontig,48,99,51
ma_R29_M5588_S1_2,metacontig,35,86,51
fi_R29_M890_S2_4,metacontig,52,102,50
fi_R29_M890_S13_4,metacontig,50,99,49
fi_R29_M890_S3_4,metacontig,50,99,49
fi_R29_M890_S1_23,metacontig,48,97,49
st_R29_M398651_S1_5,metacontig,86,129,43
mm_R29_M6080_S12_4,metacontig,54,96,42
ar_R29_M7512_S1_1,metacontig,19,60,41
mm_R29_M6080_S13_1,metacontig,41,79,38
ar_R29_M6200_S1_19,metacontig,70,107,37
ar_R29_M24549_S2_3,metacontig,87,109,22
